   1  -2.0000000E-01   1.0000000E+00   1.0000000E+00   0.0000000E+00
   2  -1.9719440E-01   1.0000000E+00   1.0000000E+00   0.0000000E+00
   3  -1.9438878E-01   1.0000000E+00   1.0000000E+00   0.0000000E+00
   4  -1.9158317E-01   1.0000000E+00   1.0000000E+00   0.0000000E+00
   5  -1.8877755E-01   1.0000000E+00   1.0000000E+00   0.0000000E+00
   6  -1.8597195E-01   1.0000000E+00   1.0000000E+00   0.0000000E+00
   7  -1.8316634E-01   1.0000000E+00   1.0000000E+00   0.0000000E+00
   8  -1.8036072E-01   1.0000000E+00   1.0000000E+00   0.0000000E+00
   9  -1.7755511E-01   1.0000000E+00   1.0000000E+00   0.0000000E+00
  10  -1.7474949E-01   1.0000000E+00   1.0000000E+00   0.0000000E+00
  11  -1.7194389E-01   1.0000000E+00   1.0000000E+00   0.0000000E+00
  12  -1.6913828E-01   1.0000000E+00   1.0000000E+00   0.0000000E+00
  13  -1.6633266E-01   1.0000000E+00   1.0000000E+00   0.0000000E+00
  14  -1.6352706E-01   1.0000000E+00   1.0000000E+00   0.0000000E+00
  15  -1.6072145E-01   1.0000000E+00   1.0000000E+00   0.0000000E+00
  16  -1.5791583E-01   1.0000000E+00   1.0000000E+00   0.0000000E+00
  17  -1.5511023E-01   1.0000000E+00   1.0000000E+00   0.0000000E+00
  18  -1.5230460E-01   1.0000000E+00   1.0000000E+00   0.0000000E+00
  19  -1.4949900E-01   1.0000000E+00   1.0000000E+00   0.0000000E+00
  20  -1.4669339E-01   1.0000000E+00   1.0000000E+00   0.0000000E+00
  21  -1.4388777E-01   1.0000000E+00   1.0000000E+00   0.0000000E+00
  22  -1.4108217E-01   1.0000000E+00   1.0000000E+00   0.0000000E+00
  23  -1.3827655E-01   1.0000000E+00   1.0000000E+00   0.0000000E+00
  24  -1.3547094E-01   1.0000000E+00   1.0000000E+00   0.0000000E+00
  25  -1.3266534E-01   1.0000000E+00   1.0000000E+00   0.0000000E+00
  26  -1.2985972E-01   1.0000000E+00   1.0000000E+00   0.0000000E+00
  27  -1.2705411E-01   1.0000000E+00   1.0000000E+00   0.0000000E+00
  28  -1.2424850E-01   1.0000000E+00   1.0000000E+00   0.0000000E+00
  29  -1.2144288E-01   1.0000000E+00   1.0000000E+00   0.0000000E+00
  30  -1.1863727E-01   1.0000000E+00   1.0000000E+00   0.0000000E+00
  31  -1.1583167E-01   1.0000000E+00   1.0000000E+00   0.0000000E+00
  32  -1.1302605E-01   1.0000000E+00   1.0000000E+00   0.0000000E+00
  33  -1.1022044E-01   1.0000000E+00   1.0000000E+00   0.0000000E+00
  34  -1.0741483E-01   1.0000000E+00   1.0000000E+00   0.0000000E+00
  35  -1.0460921E-01   1.0000000E+00   1.0000000E+00   0.0000000E+00
  36  -1.0180361E-01   1.0000000E+00   1.0000000E+00   0.0000000E+00
  37  -9.8997995E-02   1.0000000E+00   1.0000000E+00   0.0000000E+00
  38  -9.6192382E-02   1.0000000E+00   1.0000000E+00   0.0000000E+00
  39  -9.3386769E-02   1.0000000E+00   1.0000000E+00   0.0000000E+00
  40  -9.0581164E-02   1.0000000E+00   1.0000000E+00   0.0000000E+00
  41  -8.7775551E-02   1.0000000E+00   1.0000000E+00   0.0000000E+00
  42  -8.4969938E-02   1.0000000E+00   1.0000000E+00   0.0000000E+00
  43  -8.2164325E-02   1.0000000E+00   1.0000000E+00   0.0000000E+00
  44  -7.9358712E-02   1.0000000E+00   1.0000000E+00   0.0000000E+00
  45  -7.6553106E-02   1.0000000E+00   1.0000000E+00   0.0000000E+00
  46  -7.3747493E-02   1.0000000E+00   1.0000000E+00   0.0000000E+00
  47  -7.0941880E-02   1.0000000E+00   1.0000000E+00   0.0000000E+00
  48  -6.8136267E-02   1.0000000E+00   1.0000000E+00   0.0000000E+00
  49  -6.5330654E-02   1.0000000E+00   1.0000000E+00   0.0000000E+00
  50  -6.2525049E-02   1.0000000E+00   1.0000000E+00   0.0000000E+00
  51  -5.9719436E-02   1.0000000E+00   1.0000000E+00   0.0000000E+00
  52  -5.6913823E-02   1.0000000E+00   1.0000000E+00   0.0000000E+00
  53  -5.4108214E-02   1.0000000E+00   1.0000000E+00   0.0000000E+00
  54  -5.1302601E-02   1.0000000E+00   1.0000000E+00   0.0000000E+00
  55  -4.8496991E-02   1.0000000E+00   1.0000000E+00   0.0000000E+00
  56  -4.5691378E-02   1.0000000E+00   1.0000000E+00   0.0000000E+00
  57  -4.2885765E-02   1.0000000E+00   1.0000000E+00   0.0000000E+00
  58  -4.0080156E-02   1.0000000E+00   1.0000000E+00   0.0000000E+00
  59  -3.7274543E-02   1.0000000E+00   1.0000000E+00   0.0000000E+00
  60  -3.4468934E-02   1.0000000E+00   1.0000000E+00   0.0000000E+00
  61  -3.1663321E-02   1.0000000E+00   1.0000000E+00   0.0000000E+00
  62  -2.8857710E-02   1.0000000E+00   1.0000000E+00   0.0000000E+00
  63  -2.6052099E-02   1.0000000E+00   1.0000000E+00   0.0000000E+00
  64  -2.3246488E-02   1.0000000E+00   1.0000000E+00   0.0000000E+00
  65  -2.0440876E-02   1.0000000E+00   1.0000000E+00   0.0000000E+00
  66  -1.7635265E-02   1.0000000E+00   1.0000000E+00   0.0000000E+00
  67  -1.4829654E-02   1.0000000E+00   1.0000000E+00   0.0000000E+00
  68  -1.2024042E-02   1.0000000E+00   1.0000000E+00   0.0000000E+00
  69  -9.2184311E-03   1.0000000E+00   1.0000000E+00   0.0000000E+00
  70  -6.4128200E-03   1.0000000E+00   1.0000000E+00   0.0000000E+00
  71  -3.6072084E-03   1.0000000E+00   1.0000000E+00   0.0000000E+00
  72  -8.0159702E-04   1.0000000E+00   1.0000000E+00   0.0000000E+00
  73   2.0040143E-03   1.0000000E+00   1.0000000E+00   0.0000000E+00
  74   4.8096254E-03   1.0000000E+00   1.0000000E+00   0.0000000E+00
  75   7.6152370E-03   1.0000000E+00   1.0000000E+00   0.0000000E+00
  76   1.0420849E-02   1.0000000E+00   1.0000000E+00   0.0000000E+00
  77   1.3226460E-02   1.0000000E+00   1.0000000E+00   0.0000000E+00
  78   1.6032072E-02   1.0000000E+00   1.0000000E+00   0.0000000E+00
  79   1.8837683E-02   1.0000000E+00   1.0000000E+00   0.0000000E+00
  80   2.1643294E-02   1.0000000E+00   1.0000000E+00   0.0000000E+00
  81   2.4448905E-02   1.0000000E+00   1.0000000E+00   0.0000000E+00
  82   2.7254516E-02   1.0000000E+00   1.0000000E+00   0.0000000E+00
  83   3.0060127E-02   1.0000000E+00   1.0000000E+00   0.0000000E+00
  84   3.2865740E-02   1.0000000E+00   1.0000000E+00   0.0000000E+00
  85   3.5671350E-02   1.0000000E+00   1.0000000E+00   0.0000000E+00
  86   3.8476963E-02   1.0000000E+00   1.0000000E+00   0.0000000E+00
  87   4.1282572E-02   1.0000000E+00   1.0000000E+00   0.0000000E+00
  88   4.4088185E-02   1.0000000E+00   1.0000000E+00   0.0000000E+00
  89   4.6893798E-02   1.0000000E+00   1.0000000E+00   0.0000000E+00
  90   4.9699407E-02   1.0000000E+00   1.0000000E+00   0.0000000E+00
  91   5.2505020E-02   1.0000000E+00   1.0000000E+00   0.0000000E+00
  92   5.5310629E-02   1.0000000E+00   1.0000000E+00   0.0000000E+00
  93   5.8116242E-02   1.0000000E+00   1.0000000E+00   0.0000000E+00
  94   6.0921852E-02   1.0000000E+00   1.0000000E+00   0.0000000E+00
  95   6.3727461E-02   1.0000000E+00   1.0000000E+00   0.0000000E+00
  96   6.6533074E-02   1.0000000E+00   1.0000000E+00   0.0000000E+00
  97   6.9338687E-02   1.0000000E+00   1.0000000E+00   0.0000000E+00
  98   7.2144300E-02   1.0000000E+00   1.0000000E+00   0.0000000E+00
  99   7.4949913E-02   1.0000000E+00   1.0000000E+00   0.0000000E+00
 100   7.7755518E-02   1.0000000E+00   1.0000000E+00   0.0000000E+00
 101   8.0561131E-02   1.0000000E+00   1.0000000E+00   0.0000000E+00
 102   8.3366744E-02   1.0000000E+00   1.0000000E+00   0.0000000E+00
 103   8.6172357E-02   1.0000000E+00   1.0000000E+00   0.0000000E+00
 104   8.8977963E-02   1.0000000E+00   1.0000000E+00   0.0000000E+00
 105   9.1783576E-02   1.0000000E+00   1.0000000E+00   0.0000000E+00
 106   9.4589189E-02   1.0000000E+00   1.0000000E+00   0.0000000E+00
 107   9.7394802E-02   1.0000000E+00   1.0000000E+00   0.0000000E+00
 108   1.0020041E-01   1.0000000E+00   1.0000000E+00   0.0000000E+00
 109   1.0300602E-01   1.0000000E+00   1.0000000E+00   0.0000000E+00
 110   1.0581163E-01   1.0000000E+00   1.0000000E+00   0.0000000E+00
 111   1.0861725E-01   1.0000000E+00   1.0000000E+00   0.0000000E+00
 112   1.1142286E-01   1.0000000E+00   1.0000000E+00   0.0000000E+00
 113   1.1422847E-01   1.0000000E+00   1.0000000E+00   0.0000000E+00
 114   1.1703408E-01   1.0000000E+00   1.0000000E+00   0.0000000E+00
 115   1.1983969E-01   1.0000000E+00   1.0000000E+00   0.0000000E+00
 116   1.2264530E-01   1.0000000E+00   1.0000000E+00   0.0000000E+00
 117   1.2545091E-01   1.0000000E+00   1.0000000E+00   0.0000000E+00
 118   1.2825653E-01   1.0000000E+00   1.0000000E+00   0.0000000E+00
 119   1.3106214E-01   1.0000000E+00   1.0000000E+00   0.0000000E+00
 120   1.3386774E-01   1.0000000E+00   1.0000000E+00   0.0000000E+00
 121   1.3667336E-01   1.0000000E+00   1.0000000E+00   0.0000000E+00
 122   1.3947897E-01   1.0000000E+00   1.0000000E+00   0.0000000E+00
 123   1.4228459E-01   1.0000000E+00   1.0000000E+00   0.0000000E+00
 124   1.4509019E-01   1.0000000E+00   1.0000000E+00   0.0000000E+00
 125   1.4789580E-01   1.0000000E+00   1.0000000E+00   0.0000000E+00
 126   1.5070142E-01   1.0000000E+00   1.0000000E+00   0.0000000E+00
 127   1.5350702E-01   1.0000000E+00   1.0000000E+00   0.0000000E+00
 128   1.5631264E-01   1.0000000E+00   1.0000000E+00   0.0000000E+00
 129   1.5911825E-01   1.0000000E+00   1.0000000E+00   0.0000000E+00
 130   1.6192386E-01   1.0000000E+00   1.0000000E+00   0.0000000E+00
 131   1.6472948E-01   1.0000000E+00   1.0000000E+00   0.0000000E+00
 132   1.6753508E-01   1.0000000E+00   1.0000000E+00   0.0000000E+00
 133   1.7034070E-01   1.0000000E+00   1.0000000E+00   0.0000000E+00
 134   1.7314631E-01   1.0000000E+00   1.0000000E+00   0.0000000E+00
 135   1.7595191E-01   1.0000000E+00   1.0000000E+00   0.0000000E+00
 136   1.7875753E-01   1.0000000E+00   1.0000000E+00   0.0000000E+00
 137   1.8156314E-01   1.0000000E+00   1.0000000E+00   0.0000000E+00
 138   1.8436876E-01   1.0000000E+00   1.0000000E+00   0.0000000E+00
 139   1.8717436E-01   1.0000000E+00   1.0000000E+00   0.0000000E+00
 140   1.8997997E-01   1.0000000E+00   1.0000000E+00   0.0000000E+00
 141   1.9278559E-01   1.0000000E+00   1.0000000E+00   0.0000000E+00
 142   1.9559120E-01   1.0000000E+00   1.0000000E+00   0.0000000E+00
 143   1.9839680E-01   1.0000000E+00   1.0000000E+00   0.0000000E+00
 144   2.0120242E-01   1.0000000E+00   1.0000000E+00   0.0000000E+00
 145   2.0400803E-01   1.0000000E+00   1.0000000E+00   0.0000000E+00
 146   2.0681365E-01   1.0000000E+00   1.0000000E+00   0.0000000E+00
 147   2.0961925E-01   1.0000000E+00   1.0000000E+00   0.0000000E+00
 148   2.1242486E-01   1.0000000E+00   1.0000000E+00   0.0000000E+00
 149   2.1523048E-01   1.0000000E+00   1.0000000E+00   0.0000000E+00
 150   2.1803609E-01   1.0000000E+00   1.0000000E+00   0.0000000E+00
 151   2.2084171E-01   1.0000000E+00   1.0000000E+00   0.0000000E+00
 152   2.2364731E-01   1.0000000E+00   1.0000000E+00   0.0000000E+00
 153   2.2645292E-01   1.0000000E+00   1.0000000E+00   0.0000000E+00
 154   2.2925854E-01   1.0000000E+00   1.0000000E+00   0.0000000E+00
 155   2.3206414E-01   1.0000000E+00   1.0000000E+00   0.0000000E+00
 156   2.3486976E-01   1.0000000E+00   1.0000000E+00   0.0000000E+00
 157   2.3767537E-01   1.0000000E+00   1.0000000E+00   0.0000000E+00
 158   2.4048097E-01   1.0000000E+00   1.0000000E+00   0.0000000E+00
 159   2.4328659E-01   1.0000000E+00   1.0000000E+00   0.0000000E+00
 160   2.4609220E-01   1.0000000E+00   1.0000000E+00   0.0000000E+00
 161   2.4889782E-01   1.0000000E+00   1.0000000E+00   0.0000000E+00
 162   2.5170341E-01   1.0000000E+00   1.0000000E+00   0.0000000E+00
 163   2.5450903E-01   1.0000000E+00   1.0000000E+00   0.0000000E+00
 164   2.5731465E-01   1.0000000E+00   1.0000000E+00   0.0000000E+00
 165   2.6012027E-01   1.0000000E+00   1.0000000E+00   0.0000000E+00
 166   2.6292586E-01   1.0000000E+00   1.0000000E+00   0.0000000E+00
 167   2.6573148E-01   1.0000000E+00   1.0000000E+00   0.0000000E+00
 168   2.6853710E-01   1.0000000E+00   1.0000000E+00   0.0000000E+00
 169   2.7134269E-01   1.0000000E+00   1.0000000E+00   0.0000000E+00
 170   2.7414832E-01   1.0000000E+00   1.0000000E+00   0.0000000E+00
 171   2.7695394E-01   1.0000000E+00   1.0000000E+00   0.0000000E+00
 172   2.7975953E-01   1.0000000E+00   1.0000000E+00   0.0000000E+00
 173   2.8256515E-01   1.0000000E+00   1.0000000E+00   0.0000000E+00
 174   2.8537077E-01   1.0000000E+00   1.0000000E+00   0.0000000E+00
 175   2.8817636E-01   1.0000000E+00   1.0000000E+00   0.0000000E+00
 176   2.9098198E-01   1.0000000E+00   1.0000000E+00   0.0000000E+00
 177   2.9378760E-01   1.0000000E+00   1.0000000E+00   0.0000000E+00
 178   2.9659322E-01   1.0000000E+00   1.0000000E+00   0.0000000E+00
 179   2.9939881E-01   1.0000000E+00   1.0000000E+00   0.0000000E+00
 180   3.0220443E-01   1.0000000E+00   1.0000000E+00   0.0000000E+00
 181   3.0501005E-01   1.0000000E+00   1.0000000E+00   0.0000000E+00
 182   3.0781564E-01   1.0000000E+00   1.0000000E+00   0.0000000E+00
 183   3.1062126E-01   1.0000000E+00   1.0000000E+00   0.0000000E+00
 184   3.1342688E-01   1.0000000E+00   1.0000000E+00   0.0000000E+00
 185   3.1623247E-01   1.0000000E+00   1.0000000E+00   0.0000000E+00
 186   3.1903809E-01   1.0000000E+00   1.0000000E+00   0.0000000E+00
 187   3.2184371E-01   1.0000000E+00   1.0000000E+00   0.0000000E+00
 188   3.2464933E-01   9.9003088E-01   9.8607111E-01   1.1842985E-02
 189   3.2745492E-01   9.7703165E-01   9.6799272E-01   2.7429597E-02
 190   3.3026055E-01   9.6416932E-01   9.5019913E-01   4.3016378E-02
 191   3.3306617E-01   9.5144278E-01   9.3268663E-01   5.8603156E-02
 192   3.3587176E-01   9.3885130E-01   9.1545188E-01   7.4189767E-02
 193   3.3867738E-01   9.2639321E-01   8.9849049E-01   8.9776546E-02
 194   3.4148300E-01   9.1406769E-01   8.8179922E-01   1.0536332E-01
 195   3.4428859E-01   9.0187371E-01   8.6537439E-01   1.2094994E-01
 196   3.4709421E-01   8.8981026E-01   8.4921247E-01   1.3653672E-01
 197   3.4989983E-01   8.7787622E-01   8.3331001E-01   1.5212350E-01
 198   3.5270542E-01   8.6607057E-01   8.1766343E-01   1.6771011E-01
 199   3.5551104E-01   8.5439229E-01   8.0226940E-01   1.8329689E-01
 200   3.5831666E-01   8.4284031E-01   7.8712445E-01   1.9888367E-01
 201   3.6112228E-01   8.3141363E-01   7.7222520E-01   2.1447045E-01
 202   3.6392787E-01   8.2011145E-01   7.5756872E-01   2.3005706E-01
 203   3.6673349E-01   8.0893224E-01   7.4315095E-01   2.4564384E-01
 204   3.6953911E-01   7.9787534E-01   7.2896904E-01   2.6123062E-01
 205   3.7234470E-01   7.8693968E-01   7.1501970E-01   2.7681723E-01
 206   3.7515032E-01   7.7612424E-01   7.0129985E-01   2.9240403E-01
 207   3.7795594E-01   7.6542801E-01   6.8780625E-01   3.0799079E-01
 208   3.8076153E-01   7.5485033E-01   6.7453605E-01   3.2357740E-01
 209   3.8356715E-01   7.4438941E-01   6.6148537E-01   3.3916420E-01
 210   3.8637277E-01   7.3404503E-01   6.4865202E-01   3.5475096E-01
 211   3.8917840E-01   7.2381592E-01   6.3603264E-01   3.7033775E-01
 212   3.9198399E-01   7.1370149E-01   6.2362456E-01   3.8592437E-01
 213   3.9478961E-01   7.0370013E-01   6.1142433E-01   4.0151113E-01
 214   3.9759523E-01   6.9381124E-01   5.9942919E-01   4.1709793E-01
 215   4.0040082E-01   6.8403387E-01   5.8763635E-01   4.3268451E-01
 216   4.0320644E-01   6.7436701E-01   5.7604295E-01   4.4827130E-01
 217   4.0601206E-01   6.6480976E-01   5.6464612E-01   4.6385810E-01
 218   4.0881765E-01   6.5536141E-01   5.5344337E-01   4.7944468E-01
 219   4.1162327E-01   6.4602053E-01   5.4243147E-01   4.9503148E-01
 220   4.1442889E-01   6.3678652E-01   5.3160787E-01   5.1061827E-01
 221   4.1723448E-01   6.2765837E-01   5.2096993E-01   5.2620488E-01
 222   4.2004010E-01   6.1863518E-01   5.1051497E-01   5.4179162E-01
 223   4.2284572E-01   6.0971612E-01   5.0024039E-01   5.5737841E-01
 224   4.2565134E-01   6.0090017E-01   4.9014354E-01   5.7296520E-01
 225   4.2845693E-01   5.9218651E-01   4.8022187E-01   5.8855182E-01
 226   4.3126255E-01   5.8357424E-01   4.7047287E-01   6.0413861E-01
 227   4.3406817E-01   5.7506245E-01   4.6089399E-01   6.1972535E-01
 228   4.3687376E-01   5.6665051E-01   4.5148298E-01   6.3531196E-01
 229   4.3967938E-01   5.5833703E-01   4.4223696E-01   6.5089875E-01
 230   4.4248500E-01   5.5012149E-01   4.3315372E-01   6.6648555E-01
 231   4.4529060E-01   5.4666299E-01   4.2934611E-01   6.7310274E-01
 232   4.4809622E-01   5.4666299E-01   4.2934611E-01   6.7310274E-01
 233   4.5090184E-01   5.4666299E-01   4.2934611E-01   6.7310274E-01
 234   4.5370746E-01   5.4666299E-01   4.2934611E-01   6.7310274E-01
 235   4.5651305E-01   5.4666299E-01   4.2934611E-01   6.7310274E-01
 236   4.5931867E-01   5.4666299E-01   4.2934611E-01   6.7310274E-01
 237   4.6212429E-01   5.4666299E-01   4.2934611E-01   6.7310274E-01
 238   4.6492988E-01   5.4666299E-01   4.2934611E-01   6.7310274E-01
 239   4.6773550E-01   5.4666299E-01   4.2934611E-01   6.7310274E-01
 240   4.7054112E-01   5.4666299E-01   4.2934611E-01   6.7310274E-01
 241   4.7334671E-01   5.4666299E-01   4.2934611E-01   6.7310274E-01
 242   4.7615233E-01   5.4666299E-01   4.2934611E-01   6.7310274E-01
 243   4.7895795E-01   5.4666299E-01   4.2934611E-01   6.7310274E-01
 244   4.8176354E-01   5.4666299E-01   4.2934611E-01   6.7310274E-01
 245   4.8456916E-01   5.4666299E-01   4.2934611E-01   6.7310274E-01
 246   4.8737478E-01   5.4666299E-01   4.2934611E-01   6.7310274E-01
 247   4.9018040E-01   5.4666299E-01   4.2934611E-01   6.7310274E-01
 248   4.9298599E-01   5.4666299E-01   4.2934611E-01   6.7310274E-01
 249   4.9579161E-01   5.4666299E-01   4.2934611E-01   6.7310274E-01
 250   4.9859723E-01   5.4666299E-01   4.2934611E-01   6.7310274E-01
 251   5.0140285E-01   5.4666299E-01   4.2934611E-01   6.7310274E-01
 252   5.0420845E-01   5.4666299E-01   4.2934611E-01   6.7310274E-01
 253   5.0701404E-01   5.4666299E-01   4.2934611E-01   6.7310274E-01
 254   5.0981969E-01   5.4666299E-01   4.2934611E-01   6.7310274E-01
 255   5.1262528E-01   5.4666299E-01   4.2934611E-01   6.7310274E-01
 256   5.1543087E-01   5.4666299E-01   4.2934611E-01   6.7310274E-01
 257   5.1823652E-01   5.4666299E-01   4.2934611E-01   6.7310274E-01
 258   5.2104211E-01   5.4666299E-01   4.2934611E-01   6.7310274E-01
 259   5.2384770E-01   5.4666299E-01   4.2934611E-01   6.7310274E-01
 260   5.2665335E-01   5.4666299E-01   4.2934611E-01   6.7310274E-01
 261   5.2945894E-01   5.4666299E-01   4.2934611E-01   6.7310274E-01
 262   5.3226453E-01   5.4666299E-01   4.2934611E-01   6.7310274E-01
 263   5.3507018E-01   5.4666299E-01   4.2934611E-01   6.7310274E-01
 264   5.3787577E-01   5.4666299E-01   4.2934611E-01   6.7310274E-01
 265   5.4068142E-01   5.4666299E-01   4.2934611E-01   6.7310274E-01
 266   5.4348701E-01   5.4666299E-01   4.2934611E-01   6.7310274E-01
 267   5.4629260E-01   5.4666299E-01   4.2934611E-01   6.7310274E-01
 268   5.4909825E-01   5.4666299E-01   4.2934611E-01   6.7310274E-01
 269   5.5190384E-01   5.4666299E-01   4.2934611E-01   6.7310274E-01
 270   5.5470943E-01   5.4666299E-01   4.2934611E-01   6.7310274E-01
 271   5.5751508E-01   5.4666299E-01   4.2934611E-01   6.7310274E-01
 272   5.6032068E-01   5.4666299E-01   4.2934611E-01   6.7310274E-01
 273   5.6312627E-01   5.4666299E-01   4.2934611E-01   6.7310274E-01
 274   5.6593192E-01   5.4666299E-01   4.2934611E-01   6.7310274E-01
 275   5.6873751E-01   5.4666299E-01   4.2934611E-01   6.7310274E-01
 276   5.7154310E-01   5.4666299E-01   4.2934611E-01   6.7310274E-01
 277   5.7434875E-01   5.4666299E-01   4.2934611E-01   6.7310274E-01
 278   5.7715434E-01   5.4666299E-01   4.2934611E-01   6.7310274E-01
 279   5.7995993E-01   5.4666299E-01   4.2934611E-01   6.7310274E-01
 280   5.8276558E-01   5.4666299E-01   4.2934611E-01   6.7310274E-01
 281   5.8557117E-01   5.4666299E-01   4.2934611E-01   6.7310274E-01
 282   5.8837676E-01   5.4666299E-01   4.2934611E-01   6.7310274E-01
 283   5.9118241E-01   5.4666299E-01   4.2934611E-01   6.7310274E-01
 284   5.9398800E-01   5.4666299E-01   4.2934611E-01   6.7310274E-01
 285   5.9679359E-01   5.4666299E-01   4.2934611E-01   6.7310274E-01
 286   5.9959924E-01   5.4666299E-01   4.2934611E-01   6.7310274E-01
 287   6.0240483E-01   4.5732796E-01   4.2934611E-01   6.7310274E-01
 288   6.0521048E-01   4.5732796E-01   4.2934611E-01   6.7310274E-01
 289   6.0801607E-01   4.5732796E-01   4.2934611E-01   6.7310274E-01
 290   6.1082166E-01   4.5732796E-01   4.2934611E-01   6.7310274E-01
 291   6.1362731E-01   4.5732796E-01   4.2934611E-01   6.7310274E-01
 292   6.1643291E-01   4.5732796E-01   4.2934611E-01   6.7310274E-01
 293   6.1923850E-01   4.5732796E-01   4.2934611E-01   6.7310274E-01
 294   6.2204415E-01   4.5732796E-01   4.2934611E-01   6.7310274E-01
 295   6.2484974E-01   4.5732796E-01   4.2934611E-01   6.7310274E-01
 296   6.2765533E-01   4.5732796E-01   4.2934611E-01   6.7310274E-01
 297   6.3046098E-01   4.5732796E-01   4.2934611E-01   6.7310274E-01
 298   6.3326657E-01   4.5732796E-01   4.2934611E-01   6.7310274E-01
 299   6.3607216E-01   4.5732796E-01   4.2934611E-01   6.7310274E-01
 300   6.3887781E-01   4.5732796E-01   4.2934611E-01   6.7310274E-01
 301   6.4168340E-01   4.5732796E-01   4.2934611E-01   6.7310274E-01
 302   6.4448899E-01   4.5732796E-01   4.2934611E-01   6.7310274E-01
 303   6.4729464E-01   4.5732796E-01   4.2934611E-01   6.7310274E-01
 304   6.5010023E-01   4.5732796E-01   4.2934611E-01   6.7310274E-01
 305   6.5290582E-01   4.5732796E-01   4.2934611E-01   6.7310274E-01
 306   6.5571147E-01   4.5732796E-01   4.2934611E-01   6.7310274E-01
 307   6.5851706E-01   4.5732796E-01   4.2934611E-01   6.7310274E-01
 308   6.6132265E-01   4.5732796E-01   4.2934611E-01   6.7310274E-01
 309   6.6412830E-01   4.5732796E-01   4.2934611E-01   6.7310274E-01
 310   6.6693389E-01   4.5732796E-01   4.2934611E-01   6.7310274E-01
 311   6.6973954E-01   4.5732796E-01   4.2934611E-01   6.7310274E-01
 312   6.7254514E-01   4.5732796E-01   4.2934611E-01   6.7310274E-01
 313   6.7535073E-01   4.5732796E-01   4.2934611E-01   6.7310274E-01
 314   6.7815638E-01   4.5732796E-01   4.2934611E-01   6.7310274E-01
 315   6.8096197E-01   4.5732796E-01   4.2934611E-01   6.7310274E-01
 316   6.8376756E-01   4.5732796E-01   4.2934611E-01   6.7310274E-01
 317   6.8657321E-01   4.5732796E-01   4.2934611E-01   6.7310274E-01
 318   6.8937880E-01   4.5732796E-01   4.2934611E-01   6.7310274E-01
 319   6.9218439E-01   4.5732796E-01   4.2934611E-01   6.7310274E-01
 320   6.9499004E-01   4.5732796E-01   4.2934611E-01   6.7310274E-01
 321   6.9779563E-01   4.5732796E-01   4.2934611E-01   6.7310274E-01
 322   7.0060122E-01   4.5732796E-01   4.2934611E-01   6.7310274E-01
 323   7.0340687E-01   4.5732796E-01   4.2934611E-01   6.7310274E-01
 324   7.0621246E-01   4.5732796E-01   4.2934611E-01   6.7310274E-01
 325   7.0901805E-01   4.5732796E-01   4.2934611E-01   6.7310274E-01
 326   7.1182370E-01   4.5732796E-01   4.2934611E-01   6.7310274E-01
 327   7.1462929E-01   4.5732796E-01   4.2934611E-01   6.7310274E-01
 328   7.1743488E-01   4.5732796E-01   4.2934611E-01   6.7310274E-01
 329   7.2024053E-01   4.5732796E-01   4.2934611E-01   6.7310274E-01
 330   7.2304612E-01   2.5000000E-01   1.7950000E-01   0.0000000E+00
 331   7.2585171E-01   2.5000000E-01   1.7950000E-01   0.0000000E+00
 332   7.2865736E-01   2.5000000E-01   1.7950000E-01   0.0000000E+00
 333   7.3146296E-01   2.5000000E-01   1.7950000E-01   0.0000000E+00
 334   7.3426861E-01   2.5000000E-01   1.7950000E-01   0.0000000E+00
 335   7.3707420E-01   2.5000000E-01   1.7950000E-01   0.0000000E+00
 336   7.3987979E-01   2.5000000E-01   1.7950000E-01   0.0000000E+00
 337   7.4268544E-01   2.5000000E-01   1.7950000E-01   0.0000000E+00
 338   7.4549103E-01   2.5000000E-01   1.7950000E-01   0.0000000E+00
 339   7.4829662E-01   2.5000000E-01   1.7950000E-01   0.0000000E+00
 340   7.5110227E-01   2.5000000E-01   1.7950000E-01   0.0000000E+00
 341   7.5390786E-01   2.5000000E-01   1.7950000E-01   0.0000000E+00
 342   7.5671345E-01   2.5000000E-01   1.7950000E-01   0.0000000E+00
 343   7.5951910E-01   2.5000000E-01   1.7950000E-01   0.0000000E+00
 344   7.6232469E-01   2.5000000E-01   1.7950000E-01   0.0000000E+00
 345   7.6513028E-01   2.5000000E-01   1.7950000E-01   0.0000000E+00
 346   7.6793593E-01   2.5000000E-01   1.7950000E-01   0.0000000E+00
 347   7.7074152E-01   2.5000000E-01   1.7950000E-01   0.0000000E+00
 348   7.7354711E-01   2.5000000E-01   1.7950000E-01   0.0000000E+00
 349   7.7635276E-01   2.5000000E-01   1.7950000E-01   0.0000000E+00
 350   7.7915835E-01   2.5000000E-01   1.7950000E-01   0.0000000E+00
 351   7.8196394E-01   2.5000000E-01   1.7950000E-01   0.0000000E+00
 352   7.8476959E-01   2.5000000E-01   1.7950000E-01   0.0000000E+00
 353   7.8757519E-01   2.5000000E-01   1.7950000E-01   0.0000000E+00
 354   7.9038078E-01   2.5000000E-01   1.7950000E-01   0.0000000E+00
 355   7.9318643E-01   2.5000000E-01   1.7950000E-01   0.0000000E+00
 356   7.9599202E-01   2.5000000E-01   1.7950000E-01   0.0000000E+00
 357   7.9879767E-01   2.5000000E-01   1.7950000E-01   0.0000000E+00
 358   8.0160326E-01   2.5000000E-01   1.7950000E-01   0.0000000E+00
 359   8.0440885E-01   2.5000000E-01   1.7950000E-01   0.0000000E+00
 360   8.0721450E-01   2.5000000E-01   1.7950000E-01   0.0000000E+00
 361   8.1002009E-01   2.5000000E-01   1.7950000E-01   0.0000000E+00
 362   8.1282568E-01   2.5000000E-01   1.7950000E-01   0.0000000E+00
 363   8.1563133E-01   2.5000000E-01   1.7950000E-01   0.0000000E+00
 364   8.1843692E-01   2.5000000E-01   1.7950000E-01   0.0000000E+00
 365   8.2124251E-01   2.5000000E-01   1.7950000E-01   0.0000000E+00
 366   8.2404816E-01   2.5000000E-01   1.7950000E-01   0.0000000E+00
 367   8.2685375E-01   2.5000000E-01   1.7950000E-01   0.0000000E+00
 368   8.2965934E-01   2.5000000E-01   1.7950000E-01   0.0000000E+00
 369   8.3246499E-01   2.5000000E-01   1.7950000E-01   0.0000000E+00
 370   8.3527058E-01   2.5000000E-01   1.7950000E-01   0.0000000E+00
 371   8.3807617E-01   2.5000000E-01   1.7950000E-01   0.0000000E+00
 372   8.4088182E-01   2.5000000E-01   1.7950000E-01   0.0000000E+00
 373   8.4368742E-01   2.5000000E-01   1.7950000E-01   0.0000000E+00
 374   8.4649301E-01   2.5000000E-01   1.7950000E-01   0.0000000E+00
 375   8.4929866E-01   2.5000000E-01   1.7950000E-01   0.0000000E+00
 376   8.5210425E-01   2.5000000E-01   1.7950000E-01   0.0000000E+00
 377   8.5490984E-01   2.5000000E-01   1.7950000E-01   0.0000000E+00
 378   8.5771549E-01   2.5000000E-01   1.7950000E-01   0.0000000E+00
 379   8.6052108E-01   2.5000000E-01   1.7950000E-01   0.0000000E+00
 380   8.6332673E-01   2.5000000E-01   1.7950000E-01   0.0000000E+00
 381   8.6613232E-01   2.5000000E-01   1.7950000E-01   0.0000000E+00
 382   8.6893791E-01   2.5000000E-01   1.7950000E-01   0.0000000E+00
 383   8.7174356E-01   2.5000000E-01   1.7950000E-01   0.0000000E+00
 384   8.7454915E-01   2.5000000E-01   1.7950000E-01   0.0000000E+00
 385   8.7735474E-01   2.5000000E-01   1.7950000E-01   0.0000000E+00
 386   8.8016039E-01   2.5000000E-01   1.7950000E-01   0.0000000E+00
 387   8.8296598E-01   2.5000000E-01   1.7950000E-01   0.0000000E+00
 388   8.8577157E-01   2.5000000E-01   1.7950000E-01   0.0000000E+00
 389   8.8857722E-01   2.5000000E-01   1.7950000E-01   0.0000000E+00
 390   8.9138281E-01   2.5000000E-01   1.7950000E-01   0.0000000E+00
 391   8.9418840E-01   2.5000000E-01   1.7950000E-01   0.0000000E+00
 392   8.9699405E-01   2.5000000E-01   1.7950000E-01   0.0000000E+00
 393   8.9979964E-01   2.5000000E-01   1.7950000E-01   0.0000000E+00
 394   9.0260524E-01   2.5000000E-01   1.7950000E-01   0.0000000E+00
 395   9.0541089E-01   2.5000000E-01   1.7950000E-01   0.0000000E+00
 396   9.0821648E-01   2.5000000E-01   1.7950000E-01   0.0000000E+00
 397   9.1102207E-01   2.5000000E-01   1.7950000E-01   0.0000000E+00
 398   9.1382772E-01   2.5000000E-01   1.7950000E-01   0.0000000E+00
 399   9.1663331E-01   2.5000000E-01   1.7950000E-01   0.0000000E+00
 400   9.1943890E-01   2.5000000E-01   1.7950000E-01   0.0000000E+00
 401   9.2224455E-01   2.5000000E-01   1.7950000E-01   0.0000000E+00
 402   9.2505014E-01   2.5000000E-01   1.7950000E-01   0.0000000E+00
 403   9.2785579E-01   2.5000000E-01   1.7950000E-01   0.0000000E+00
 404   9.3066138E-01   2.5000000E-01   1.7950000E-01   0.0000000E+00
 405   9.3346697E-01   2.5000000E-01   1.7950000E-01   0.0000000E+00
 406   9.3627262E-01   2.5000000E-01   1.7950000E-01   0.0000000E+00
 407   9.3907821E-01   2.5000000E-01   1.7950000E-01   0.0000000E+00
 408   9.4188380E-01   2.5000000E-01   1.7950000E-01   0.0000000E+00
 409   9.4468945E-01   2.5000000E-01   1.7950000E-01   0.0000000E+00
 410   9.4749504E-01   2.5000000E-01   1.7950000E-01   0.0000000E+00
 411   9.5030063E-01   2.5000000E-01   1.7950000E-01   0.0000000E+00
 412   9.5310628E-01   2.5000000E-01   1.7950000E-01   0.0000000E+00
 413   9.5591187E-01   2.5000000E-01   1.7950000E-01   0.0000000E+00
 414   9.5871747E-01   2.5000000E-01   1.7950000E-01   0.0000000E+00
 415   9.6152312E-01   2.5000000E-01   1.7950000E-01   0.0000000E+00
 416   9.6432871E-01   2.5000000E-01   1.7950000E-01   0.0000000E+00
 417   9.6713430E-01   2.5000000E-01   1.7950000E-01   0.0000000E+00
 418   9.6993995E-01   2.5000000E-01   1.7950000E-01   0.0000000E+00
 419   9.7274554E-01   2.5000000E-01   1.7950000E-01   0.0000000E+00
 420   9.7555113E-01   2.5000000E-01   1.7950000E-01   0.0000000E+00
 421   9.7835678E-01   2.5000000E-01   1.7950000E-01   0.0000000E+00
 422   9.8116237E-01   2.5000000E-01   1.7950000E-01   0.0000000E+00
 423   9.8396796E-01   2.5000000E-01   1.7950000E-01   0.0000000E+00
 424   9.8677361E-01   2.5000000E-01   1.7950000E-01   0.0000000E+00
 425   9.8957920E-01   2.5000000E-01   1.7950000E-01   0.0000000E+00
 426   9.9238485E-01   2.5000000E-01   1.7950000E-01   0.0000000E+00
 427   9.9519044E-01   2.5000000E-01   1.7950000E-01   0.0000000E+00
 428   9.9799603E-01   2.5000000E-01   1.7950000E-01   0.0000000E+00
 429   1.0008017E+00   2.5000000E-01   1.7950000E-01   0.0000000E+00
 430   1.0036073E+00   2.5000000E-01   1.7950000E-01   0.0000000E+00
 431   1.0064129E+00   2.5000000E-01   1.7950000E-01   0.0000000E+00
 432   1.0092185E+00   2.5000000E-01   1.7950000E-01   0.0000000E+00
 433   1.0120240E+00   2.5000000E-01   1.7950000E-01   0.0000000E+00
 434   1.0148298E+00   2.5000000E-01   1.7950000E-01   0.0000000E+00
 435   1.0176353E+00   2.5000000E-01   1.7950000E-01   0.0000000E+00
 436   1.0204409E+00   2.5000000E-01   1.7950000E-01   0.0000000E+00
 437   1.0232465E+00   2.5000000E-01   1.7950000E-01   0.0000000E+00
 438   1.0260521E+00   2.5000000E-01   1.7950000E-01   0.0000000E+00
 439   1.0288578E+00   2.5000000E-01   1.7950000E-01   0.0000000E+00
 440   1.0316634E+00   2.5000000E-01   1.7950000E-01   0.0000000E+00
 441   1.0344690E+00   2.5000000E-01   1.7950000E-01   0.0000000E+00
 442   1.0372746E+00   2.5000000E-01   1.7950000E-01   0.0000000E+00
 443   1.0400802E+00   2.5000000E-01   1.7950000E-01   0.0000000E+00
 444   1.0428858E+00   2.5000000E-01   1.7950000E-01   0.0000000E+00
 445   1.0456915E+00   2.5000000E-01   1.7950000E-01   0.0000000E+00
 446   1.0484971E+00   2.5000000E-01   1.7950000E-01   0.0000000E+00
 447   1.0513027E+00   2.5000000E-01   1.7950000E-01   0.0000000E+00
 448   1.0541083E+00   2.5000000E-01   1.7950000E-01   0.0000000E+00
 449   1.0569139E+00   2.5000000E-01   1.7950000E-01   0.0000000E+00
 450   1.0597194E+00   2.5000000E-01   1.7950000E-01   0.0000000E+00
 451   1.0625252E+00   2.5000000E-01   1.7950000E-01   0.0000000E+00
 452   1.0653307E+00   2.5000000E-01   1.7950000E-01   0.0000000E+00
 453   1.0681363E+00   2.5000000E-01   1.7950000E-01   0.0000000E+00
 454   1.0709419E+00   2.5000000E-01   1.7950000E-01   0.0000000E+00
 455   1.0737475E+00   2.5000000E-01   1.7950000E-01   0.0000000E+00
 456   1.0765531E+00   2.5000000E-01   1.7950000E-01   0.0000000E+00
 457   1.0793588E+00   2.5000000E-01   1.7950000E-01   0.0000000E+00
 458   1.0821644E+00   2.5000000E-01   1.7950000E-01   0.0000000E+00
 459   1.0849700E+00   2.5000000E-01   1.7950000E-01   0.0000000E+00
 460   1.0877756E+00   2.5000000E-01   1.7950000E-01   0.0000000E+00
 461   1.0905812E+00   2.5000000E-01   1.7950000E-01   0.0000000E+00
 462   1.0933869E+00   2.5000000E-01   1.7950000E-01   0.0000000E+00
 463   1.0961925E+00   2.5000000E-01   1.7950000E-01   0.0000000E+00
 464   1.0989981E+00   2.5000000E-01   1.7950000E-01   0.0000000E+00
 465   1.1018037E+00   2.5000000E-01   1.7950000E-01   0.0000000E+00
 466   1.1046093E+00   2.5000000E-01   1.7950000E-01   0.0000000E+00
 467   1.1074148E+00   2.5000000E-01   1.7950000E-01   0.0000000E+00
 468   1.1102206E+00   2.5000000E-01   1.7950000E-01   0.0000000E+00
 469   1.1130261E+00   2.5000000E-01   1.7950000E-01   0.0000000E+00
 470   1.1158317E+00   2.5000000E-01   1.7950000E-01   0.0000000E+00
 471   1.1186373E+00   2.5000000E-01   1.7950000E-01   0.0000000E+00
 472   1.1214429E+00   2.5000000E-01   1.7950000E-01   0.0000000E+00
 473   1.1242485E+00   2.5000000E-01   1.7950000E-01   0.0000000E+00
 474   1.1270542E+00   2.5000000E-01   1.7950000E-01   0.0000000E+00
 475   1.1298598E+00   2.5000000E-01   1.7950000E-01   0.0000000E+00
 476   1.1326654E+00   2.5000000E-01   1.7950000E-01   0.0000000E+00
 477   1.1354710E+00   2.5000000E-01   1.7950000E-01   0.0000000E+00
 478   1.1382766E+00   2.5000000E-01   1.7950000E-01   0.0000000E+00
 479   1.1410822E+00   2.5000000E-01   1.7950000E-01   0.0000000E+00
 480   1.1438879E+00   2.5000000E-01   1.7950000E-01   0.0000000E+00
 481   1.1466935E+00   2.5000000E-01   1.7950000E-01   0.0000000E+00
 482   1.1494991E+00   2.5000000E-01   1.7950000E-01   0.0000000E+00
 483   1.1523046E+00   2.5000000E-01   1.7950000E-01   0.0000000E+00
 484   1.1551102E+00   2.5000000E-01   1.7950000E-01   0.0000000E+00
 485   1.1579159E+00   2.5000000E-01   1.7950000E-01   0.0000000E+00
 486   1.1607215E+00   2.5000000E-01   1.7950000E-01   0.0000000E+00
 487   1.1635271E+00   2.5000000E-01   1.7950000E-01   0.0000000E+00
 488   1.1663327E+00   2.5000000E-01   1.7950000E-01   0.0000000E+00
 489   1.1691383E+00   2.5000000E-01   1.7950000E-01   0.0000000E+00
 490   1.1719439E+00   2.5000000E-01   1.7950000E-01   0.0000000E+00
 491   1.1747496E+00   2.5000000E-01   1.7950000E-01   0.0000000E+00
 492   1.1775552E+00   2.5000000E-01   1.7950000E-01   0.0000000E+00
 493   1.1803608E+00   2.5000000E-01   1.7950000E-01   0.0000000E+00
 494   1.1831664E+00   2.5000000E-01   1.7950000E-01   0.0000000E+00
 495   1.1859720E+00   2.5000000E-01   1.7950000E-01   0.0000000E+00
 496   1.1887776E+00   2.5000000E-01   1.7950000E-01   0.0000000E+00
 497   1.1915833E+00   2.5000000E-01   1.7950000E-01   0.0000000E+00
 498   1.1943889E+00   2.5000000E-01   1.7950000E-01   0.0000000E+00
 499   1.1971945E+00   2.5000000E-01   1.7950000E-01   0.0000000E+00
 500   1.2000000E+00   2.5000000E-01   1.7950000E-01   0.0000000E+00
