     0   -5.000000E-01    5.666667E-01    5.666667E-01    0.000000E+00 
     1   -4.989990E-01    6.926258E-01    6.926258E-01    0.000000E+00 
     2   -4.979980E-01    7.997357E-01    7.997357E-01    0.000000E+00 
     3   -4.969970E-01    8.816524E-01    8.816524E-01    0.000000E+00 
     4   -4.959960E-01    9.368422E-01    9.368422E-01    0.000000E+00 
     5   -4.949950E-01    9.685152E-01    9.685152E-01    0.000000E+00 
     6   -4.939940E-01    9.841284E-01    9.841284E-01    0.000000E+00 
     7   -4.929930E-01    9.909095E-01    9.909095E-01    0.000000E+00 
     8   -4.919920E-01    9.934368E-01    9.934368E-01    0.000000E+00 
     9   -4.909910E-01    9.946959E-01    9.946959E-01    0.000000E+00 
    10   -4.896921E-01    9.967878E-01    9.953186E-01    2.326550E-04 
    11   -4.890133E-01    9.978128E-01    9.969697E-01   -1.210494E-04 
    12   -4.880404E-01    9.987330E-01    9.982638E-01   -9.774934E-05 
    13   -4.870191E-01    9.992683E-01    9.990000E-01   -5.165295E-05 
    14   -4.859671E-01    9.995735E-01    9.994134E-01   -1.023310E-05 
    15   -4.847268E-01    9.997076E-01    9.995984E-01    4.364772E-04 
    16   -4.839558E-01    9.997655E-01    9.996777E-01   -1.488291E-04 
    17   -4.830193E-01    9.998479E-01    9.997951E-01   -1.842225E-04 
    18   -4.820094E-01    9.999073E-01    9.998759E-01   -1.144273E-04 
    19   -4.809418E-01    9.999381E-01    9.999154E-01   -6.588342E-06 
    20   -4.798337E-01    9.999214E-01    9.998939E-01    4.179228E-04 
    21   -4.789140E-01    9.998930E-01    9.998517E-01   -3.654697E-05 
    22   -4.779712E-01    9.999190E-01    9.998887E-01   -1.951076E-04 
    23   -4.769776E-01    9.999497E-01    9.999312E-01   -1.481950E-04 
    24   -4.759293E-01    9.999638E-01    9.999498E-01    2.800385E-05 
    25   -4.749065E-01    9.999509E-01    9.999320E-01    2.433213E-04 
    26   -4.739084E-01    9.999369E-01    9.999122E-01    6.243235E-05 
    27   -4.729315E-01    9.999469E-01    9.999262E-01   -1.161671E-04 
    28   -4.719434E-01    9.999693E-01    9.999574E-01   -1.264377E-04 
    29   -4.709267E-01    9.999810E-01    9.999735E-01    3.501581E-05 
    30   -4.699333E-01    9.999797E-01    9.999717E-01    7.086176E-05 
    31   -4.689159E-01    9.999754E-01    9.999658E-01    7.394640E-05 
    32   -4.679128E-01    9.999732E-01    9.999626E-01   -5.011290E-06 
    33   -4.669197E-01    9.999821E-01    9.999752E-01   -5.973292E-05 
    34   -4.659240E-01    9.999897E-01    9.999856E-01    4.143721E-06 
    35   -4.649327E-01    9.999933E-01    9.999907E-01   -2.460128E-05 
    36   -4.639197E-01    9.999943E-01    9.999920E-01    4.256506E-05 
    37   -4.629091E-01    9.999891E-01    9.999849E-01    4.998186E-05 
    38   -4.619100E-01    9.999854E-01    9.999797E-01    1.328158E-05 
    39   -4.609169E-01    9.999874E-01    9.999824E-01   -2.122877E-05 
    40   -4.599220E-01    9.999935E-01    9.999910E-01   -4.824330E-05 
    41   -4.589176E-01    9.999975E-01    9.999965E-01    7.029917E-06 
    42   -4.579095E-01    9.999945E-01    9.999923E-01    5.230360E-05 
    43   -4.569075E-01    9.999890E-01    9.999846E-01    3.773557E-05 
    44   -4.559095E-01    9.999884E-01    9.999838E-01   -8.557384E-06 
    45   -4.549112E-01    9.999933E-01    9.999907E-01   -3.192849E-05 
    46   -4.539115E-01    9.999980E-01    9.999972E-01   -1.158363E-05 
    47   -4.529082E-01    9.999986E-01    9.999981E-01    2.681988E-05 
    48   -4.519057E-01    9.999963E-01    9.999948E-01    2.854859E-05 
    49   -4.509042E-01    9.999948E-01    9.999928E-01    1.177215E-05 
    50   -4.499037E-01    9.999961E-01    9.999946E-01   -4.173980E-06 
    51   -4.489044E-01    9.999989E-01    9.999985E-01   -1.280705E-05 
    52   -4.479041E-01    1.000001E+00    1.000001E+00    3.718884E-06 
    53   -4.469023E-01    1.000001E+00    1.000001E+00    1.395426E-05 
    54   -4.459000E-01    1.000000E+00    1.000000E+00    1.687994E-05 
    55   -4.448986E-01    9.999991E-01    9.999987E-01    1.186331E-05 
    56   -4.438982E-01    9.999994E-01    9.999991E-01    3.293608E-08 
    57   -4.428983E-01    1.000001E+00    1.000001E+00   -5.476422E-06 
    58   -4.418974E-01    1.000002E+00    1.000003E+00    3.196664E-06 
    59   -4.408957E-01    1.000002E+00    1.000003E+00    1.288963E-05 
    60   -4.398943E-01    1.000001E+00    1.000002E+00    1.379174E-05 
    61   -4.388932E-01    1.000001E+00    1.000001E+00    8.929975E-06 
    62   -4.378925E-01    1.000001E+00    1.000001E+00    4.470272E-07 
    63   -4.368920E-01    1.000002E+00    1.000003E+00   -6.438801E-07 
    64   -4.358910E-01    1.000003E+00    1.000004E+00    6.836743E-06 
    65   -4.348897E-01    1.000003E+00    1.000004E+00    1.019423E-05 
    66   -4.338885E-01    1.000002E+00    1.000003E+00    1.008103E-05 
    67   -4.328874E-01    1.000002E+00    1.000003E+00    7.184068E-06 
    68   -4.318866E-01    1.000002E+00    1.000003E+00    3.341502E-06 
    69   -4.308858E-01    1.000003E+00    1.000004E+00    3.117940E-06 
    70   -4.298848E-01    1.000003E+00    1.000005E+00    6.433841E-06 
    71   -4.288837E-01    1.000003E+00    1.000005E+00    8.491873E-06 
    72   -4.278826E-01    1.000003E+00    1.000004E+00    8.759784E-06 
    73   -4.268815E-01    1.000003E+00    1.000004E+00    7.122826E-06 
    74   -4.258806E-01    1.000003E+00    1.000004E+00    4.739799E-06 
    75   -4.248797E-01    1.000004E+00    1.000005E+00    4.491212E-06 
    76   -4.238788E-01    1.000004E+00    1.000005E+00    6.625396E-06 
    77   -4.228777E-01    1.000004E+00    1.000005E+00    7.943168E-06 
    78   -4.218766E-01    1.000004E+00    1.000005E+00    7.955319E-06 
    79   -4.208756E-01    1.000004E+00    1.000005E+00    6.964236E-06 
    80   -4.198747E-01    1.000004E+00    1.000005E+00    5.683763E-06 
    81   -4.188737E-01    1.000004E+00    1.000005E+00    5.561445E-06 
    82   -4.178727E-01    1.000004E+00    1.000006E+00    6.814260E-06 
    83   -4.168717E-01    1.000004E+00    1.000006E+00    7.550732E-06 
    84   -4.158707E-01    1.000004E+00    1.000006E+00    7.592155E-06 
    85   -4.148697E-01    1.000004E+00    1.000006E+00    7.084176E-06 
    86   -4.138687E-01    1.000004E+00    1.000006E+00    6.358965E-06 
    87   -4.128677E-01    1.000004E+00    1.000006E+00    6.226989E-06 
    88   -4.118667E-01    1.000004E+00    1.000006E+00    6.952914E-06 
    89   -4.108657E-01    1.000005E+00    1.000006E+00    7.404205E-06 
    90   -4.098647E-01    1.000005E+00    1.000006E+00    7.418570E-06 
    91   -4.088637E-01    1.000005E+00    1.000006E+00    7.142118E-06 
    92   -4.078627E-01    1.000005E+00    1.000007E+00    6.718310E-06 
    93   -4.068617E-01    1.000005E+00    1.000007E+00    6.608440E-06 
    94   -4.058608E-01    1.000005E+00    1.000007E+00    7.016617E-06 
    95   -4.048598E-01    1.000005E+00    1.000007E+00    7.176700E-06 
    96   -4.038587E-01    1.000005E+00    1.000007E+00    7.130939E-06 
    97   -4.028577E-01    1.000005E+00    1.000007E+00    6.935514E-06 
    98   -4.018567E-01    1.000005E+00    1.000008E+00    6.707035E-06 
    99   -4.008558E-01    1.000006E+00    1.000008E+00    6.598198E-06 
   100   -3.998548E-01    1.000006E+00    1.000008E+00    6.663310E-06 
   101   -3.988538E-01    1.000006E+00    1.000008E+00    6.589637E-06 
   102   -3.978528E-01    1.000006E+00    1.000008E+00    6.477151E-06 
   103   -3.968518E-01    1.000006E+00    1.000009E+00    6.287736E-06 
   104   -3.958508E-01    1.000006E+00    1.000009E+00    6.048739E-06 
   105   -3.948498E-01    1.000007E+00    1.000009E+00    5.874966E-06 
   106   -3.938488E-01    1.000007E+00    1.000010E+00    5.774693E-06 
   107   -3.928478E-01    1.000007E+00    1.000010E+00    5.579268E-06 
   108   -3.918468E-01    1.000007E+00    1.000010E+00    5.357182E-06 
   109   -3.908458E-01    1.000008E+00    1.000011E+00    5.068219E-06 
   110   -3.898448E-01    1.000008E+00    1.000011E+00    4.730246E-06 
   111   -3.888438E-01    1.000008E+00    1.000012E+00    4.416451E-06 
   112   -3.878428E-01    1.000009E+00    1.000012E+00    4.127333E-06 
   113   -3.868418E-01    1.000009E+00    1.000013E+00    3.752583E-06 
   114   -3.858409E-01    1.000009E+00    1.000013E+00    3.345720E-06 
   115   -3.848399E-01    1.000010E+00    1.000014E+00    2.872058E-06 
   116   -3.838389E-01    1.000010E+00    1.000014E+00    2.357444E-06 
   117   -3.828379E-01    1.000011E+00    1.000015E+00    1.849261E-06 
   118   -3.818369E-01    1.000011E+00    1.000016E+00    1.328960E-06 
   119   -3.808359E-01    1.000012E+00    1.000017E+00    7.307482E-07 
   120   -3.798349E-01    1.000012E+00    1.000017E+00    7.850488E-08 
   121   -3.788339E-01    1.000013E+00    1.000018E+00   -6.398398E-07 
   122   -3.778329E-01    1.000014E+00    1.000019E+00   -1.401523E-06 
   123   -3.768319E-01    1.000015E+00    1.000020E+00   -2.175309E-06 
   124   -3.758310E-01    1.000015E+00    1.000021E+00   -2.985450E-06 
   125   -3.748300E-01    1.000016E+00    1.000022E+00   -3.869016E-06 
   126   -3.738290E-01    1.000017E+00    1.000024E+00   -4.827545E-06 
   127   -3.728280E-01    1.000018E+00    1.000025E+00   -5.861430E-06 
   128   -3.718270E-01    1.000019E+00    1.000026E+00   -6.939312E-06 
   129   -3.708260E-01    1.000020E+00    1.000028E+00   -8.043542E-06 
   130   -3.698251E-01    1.000021E+00    1.000029E+00   -9.191763E-06 
   131   -3.688241E-01    1.000022E+00    1.000031E+00   -1.041209E-05 
   132   -3.678231E-01    1.000023E+00    1.000032E+00   -1.171265E-05 
   133   -3.668221E-01    1.000024E+00    1.000034E+00   -1.308090E-05 
   134   -3.658211E-01    1.000025E+00    1.000036E+00   -1.449154E-05 
   135   -3.648202E-01    1.000027E+00    1.000037E+00   -1.592801E-05 
   136   -3.638192E-01    1.000028E+00    1.000039E+00   -1.739332E-05 
   137   -3.628182E-01    1.000029E+00    1.000041E+00   -1.890935E-05 
   138   -3.618173E-01    1.000031E+00    1.000043E+00   -2.049552E-05 
   139   -3.608163E-01    1.000032E+00    1.000045E+00   -2.212824E-05 
   140   -3.598153E-01    1.000034E+00    1.000047E+00   -2.378154E-05 
   141   -3.588143E-01    1.000035E+00    1.000049E+00   -2.544210E-05 
   142   -3.578134E-01    1.000037E+00    1.000051E+00   -2.710259E-05 
   143   -3.568124E-01    1.000038E+00    1.000054E+00   -2.877451E-05 
   144   -3.558115E-01    1.000040E+00    1.000056E+00   -3.047379E-05 
   145   -3.548105E-01    1.000041E+00    1.000058E+00   -3.217856E-05 
   146   -3.538095E-01    1.000043E+00    1.000060E+00   -3.386286E-05 
   147   -3.528086E-01    1.000044E+00    1.000062E+00   -3.550744E-05 
   148   -3.518076E-01    1.000046E+00    1.000064E+00   -3.709932E-05 
   149   -3.508067E-01    1.000047E+00    1.000066E+00   -3.864159E-05 
   150   -3.498057E-01    1.000049E+00    1.000068E+00   -4.014193E-05 
   151   -3.488048E-01    1.000050E+00    1.000070E+00   -4.158063E-05 
   152   -3.478038E-01    1.000052E+00    1.000072E+00   -4.293575E-05 
   153   -3.468029E-01    1.000053E+00    1.000074E+00   -4.418784E-05 
   154   -3.458019E-01    1.000054E+00    1.000076E+00   -4.531938E-05 
   155   -3.448010E-01    1.000055E+00    1.000077E+00   -4.632995E-05 
   156   -3.438000E-01    1.000056E+00    1.000078E+00   -4.722164E-05 
   157   -3.427991E-01    1.000057E+00    1.000080E+00   -4.797665E-05 
   158   -3.417981E-01    1.000058E+00    1.000081E+00   -4.857122E-05 
   159   -3.407972E-01    1.000058E+00    1.000081E+00   -4.899326E-05 
   160   -3.397963E-01    1.000059E+00    1.000082E+00   -4.923627E-05 
   161   -3.387953E-01    1.000059E+00    1.000082E+00   -4.929328E-05 
   162   -3.377944E-01    1.000058E+00    1.000081E+00   -4.909984E-05 
   163   -3.367934E-01    1.000057E+00    1.000080E+00   -4.852388E-05 
   164   -3.357925E-01    1.000056E+00    1.000078E+00   -4.732355E-05 
   165   -3.347916E-01    1.000053E+00    1.000074E+00   -4.518806E-05 
   166   -3.337906E-01    1.000049E+00    1.000069E+00   -4.186529E-05 
   167   -3.327897E-01    1.000045E+00    1.000062E+00   -3.710811E-05 
   168   -3.317887E-01    1.000038E+00    1.000053E+00   -3.061802E-05 
   169   -3.307877E-01    1.000029E+00    1.000041E+00   -2.202935E-05 
   170   -3.297868E-01    1.000019E+00    1.000026E+00   -1.093212E-05 
   171   -3.287858E-01    1.000005E+00    1.000007E+00    3.136851E-06 
   172   -3.277848E-01    9.999882E-01    9.999835E-01    2.069037E-05 
   173   -3.267838E-01    9.999674E-01    9.999543E-01    4.229595E-05 
   174   -3.257828E-01    9.999418E-01    9.999185E-01    6.867131E-05 
   175   -3.247817E-01    9.999106E-01    9.998748E-01    1.007708E-04 
   176   -3.237807E-01    9.998726E-01    9.998217E-01    1.399071E-04 
   177   -3.227795E-01    9.998267E-01    9.997573E-01    1.876876E-04 
   178   -3.217784E-01    9.997711E-01    9.996796E-01    2.459957E-04 
   179   -3.207772E-01    9.997042E-01    9.995858E-01    3.168359E-04 
   180   -3.197759E-01    9.996236E-01    9.994731E-01    4.023897E-04 
   181   -3.187745E-01    9.995271E-01    9.993380E-01    5.050126E-04 
   182   -3.177731E-01    9.994120E-01    9.991768E-01    6.276002E-04 
   183   -3.167715E-01    9.992753E-01    9.989855E-01    7.737855E-04 
   184   -3.157698E-01    9.991139E-01    9.987596E-01    9.481109E-04 
   185   -3.147680E-01    9.989244E-01    9.984944E-01    1.155660E-03 
   186   -3.137659E-01    9.987029E-01    9.981844E-01    1.401565E-03 
   187   -3.127636E-01    9.984453E-01    9.978238E-01    1.690449E-03 
   188   -3.117611E-01    9.981471E-01    9.974065E-01    2.026429E-03 
   189   -3.107583E-01    9.978039E-01    9.969263E-01    2.413587E-03 
   190   -3.097551E-01    9.974112E-01    9.963768E-01    2.856961E-03 
   191   -3.087515E-01    9.969646E-01    9.957522E-01    3.363082E-03 
   192   -3.077475E-01    9.964601E-01    9.950465E-01    3.939689E-03 
   193   -3.067429E-01    9.958933E-01    9.942540E-01    4.594379E-03 
   194   -3.057377E-01    9.952602E-01    9.933689E-01    5.333162E-03 
   195   -3.047319E-01    9.945566E-01    9.923855E-01    6.159916E-03 
   196   -3.037254E-01    9.937786E-01    9.912982E-01    7.077085E-03 
   197   -3.027180E-01    9.929225E-01    9.901024E-01    8.086980E-03 
   198   -3.017098E-01    9.919857E-01    9.887941E-01    9.193203E-03 
   199   -3.007005E-01    9.909659E-01    9.873705E-01    1.040054E-02 
   200   -2.996902E-01    9.898619E-01    9.858300E-01    1.171339E-02 
   201   -2.986787E-01    9.886729E-01    9.841717E-01    1.313436E-02 
   202   -2.976659E-01    9.873989E-01    9.823956E-01    1.466452E-02 
   203   -2.966518E-01    9.860400E-01    9.805022E-01    1.630359E-02 
   204   -2.956363E-01    9.845969E-01    9.784925E-01    1.805045E-02 
   205   -2.946191E-01    9.830707E-01    9.763683E-01    1.990366E-02 
   206   -2.936004E-01    9.814630E-01    9.741320E-01    2.186042E-02 
   207   -2.925799E-01    9.797758E-01    9.717868E-01    2.391727E-02 
   208   -2.915577E-01    9.780120E-01    9.693367E-01    2.606960E-02 
   209   -2.905335E-01    9.761750E-01    9.667869E-01    2.831152E-02 
   210   -2.895074E-01    9.742689E-01    9.641432E-01    3.063954E-02 
   211   -2.884791E-01    9.722982E-01    9.614120E-01    3.305326E-02 
   212   -2.874487E-01    9.702680E-01    9.586006E-01    3.554877E-02 
   213   -2.864161E-01    9.681833E-01    9.557162E-01    3.811830E-02 
   214   -2.853813E-01    9.660494E-01    9.527663E-01    4.075639E-02 
   215   -2.843441E-01    9.638713E-01    9.497580E-01    4.345596E-02 
   216   -2.833045E-01    9.616537E-01    9.466979E-01    4.621164E-02 
   217   -2.822624E-01    9.594016E-01    9.435931E-01    4.901550E-02 
   218   -2.812179E-01    9.571201E-01    9.404508E-01    5.185696E-02 
   219   -2.801709E-01    9.548140E-01    9.372776E-01    5.472847E-02 
   220   -2.791213E-01    9.524882E-01    9.340805E-01    5.762374E-02 
   221   -2.780691E-01    9.501474E-01    9.308659E-01    6.053696E-02 
   222   -2.770142E-01    9.477964E-01    9.276404E-01    6.346322E-02 
   223   -2.759567E-01    9.454397E-01    9.244105E-01    6.639824E-02 
   224   -2.748966E-01    9.430815E-01    9.211816E-01    6.933867E-02 
   225   -2.738338E-01    9.407248E-01    9.179581E-01    7.228196E-02 
   226   -2.727684E-01    9.383717E-01    9.147427E-01    7.522847E-02 
   227   -2.717001E-01    9.360237E-01    9.115375E-01    7.817593E-02 
   228   -2.706293E-01    9.336816E-01    9.083437E-01    8.112020E-02 
   229   -2.695558E-01    9.313451E-01    9.051605E-01    8.405996E-02 
   230   -2.684796E-01    9.290132E-01    9.019868E-01    8.699451E-02 
   231   -2.674007E-01    9.266845E-01    8.988206E-01    8.992524E-02 
   232   -2.663190E-01    9.243573E-01    8.956596E-01    9.285005E-02 
   233   -2.652347E-01    9.220298E-01    8.925015E-01    9.576657E-02 
   234   -2.641476E-01    9.197002E-01    8.893435E-01    9.867777E-02 
   235   -2.630578E-01    9.173660E-01    8.861826E-01    1.015885E-01 
   236   -2.619652E-01    9.150245E-01    8.830149E-01    1.045037E-01 
   237   -2.608698E-01    9.126721E-01    8.798357E-01    1.074300E-01 
   238   -2.597716E-01    9.103043E-01    8.766391E-01    1.103746E-01 
   239   -2.586705E-01    9.079157E-01    8.734176E-01    1.133463E-01 
   240   -2.575666E-01    9.054993E-01    8.701619E-01    1.163584E-01 
   241   -2.564597E-01    9.030470E-01    8.668614E-01    1.194268E-01 
   242   -2.553498E-01    9.005499E-01    8.635042E-01    1.225667E-01 
   243   -2.542369E-01    8.979989E-01    8.600783E-01    1.257913E-01 
   244   -2.531207E-01    8.953853E-01    8.565723E-01    1.291109E-01 
   245   -2.520013E-01    8.927012E-01    8.529759E-01    1.325338E-01 
   246   -2.508786E-01    8.899403E-01    8.492811E-01    1.360672E-01 
   247   -2.497523E-01    8.870984E-01    8.454826E-01    1.397167E-01 
   248   -2.486223E-01    8.841736E-01    8.415783E-01    1.434849E-01 
   249   -2.474885E-01    8.811669E-01    8.375701E-01    1.473687E-01 
   250   -2.463507E-01    8.780822E-01    8.334636E-01    1.513606E-01 
   251   -2.452089E-01    8.749261E-01    8.292680E-01    1.554523E-01 
   252   -2.440629E-01    8.717074E-01    8.249955E-01    1.596341E-01 
   253   -2.429125E-01    8.684365E-01    8.206601E-01    1.638957E-01 
   254   -2.417577E-01    8.651250E-01    8.162777E-01    1.682274E-01 
   255   -2.405984E-01    8.617850E-01    8.118643E-01    1.726192E-01 
   256   -2.394345E-01    8.584289E-01    8.074366E-01    1.770607E-01 
   257   -2.382660E-01    8.550686E-01    8.030103E-01    1.815412E-01 
   258   -2.370929E-01    8.517153E-01    7.986004E-01    1.860505E-01 
   259   -2.359152E-01    8.483793E-01    7.942200E-01    1.905786E-01 
   260   -2.347327E-01    8.450693E-01    7.898808E-01    1.951155E-01 
   261   -2.335457E-01    8.417926E-01    7.855919E-01    1.996515E-01 
   262   -2.323540E-01    8.385548E-01    7.813605E-01    2.041785E-01 
   263   -2.311577E-01    8.353596E-01    7.771913E-01    2.086881E-01 
   264   -2.299569E-01    8.322091E-01    7.730868E-01    2.131736E-01 
   265   -2.287516E-01    8.291038E-01    7.690473E-01    2.176290E-01 
   266   -2.275418E-01    8.260425E-01    7.650709E-01    2.220505E-01 
   267   -2.263275E-01    8.230225E-01    7.611539E-01    2.264361E-01 
   268   -2.251088E-01    8.200399E-01    7.572912E-01    2.307849E-01 
   269   -2.238858E-01    8.170896E-01    7.534759E-01    2.350984E-01 
   270   -2.226584E-01    8.141657E-01    7.497001E-01    2.393794E-01 
   271   -2.214266E-01    8.112615E-01    7.459550E-01    2.436326E-01 
   272   -2.201904E-01    8.083698E-01    7.422314E-01    2.478641E-01 
   273   -2.189499E-01    8.054836E-01    7.385201E-01    2.520853E-01 
   274   -2.177049E-01    8.025961E-01    7.348125E-01    2.563108E-01 
   275   -2.164554E-01    7.997013E-01    7.311008E-01    2.605496E-01 
   276   -2.152015E-01    7.967943E-01    7.273789E-01    2.648060E-01 
   277   -2.139429E-01    7.938715E-01    7.236421E-01    2.690846E-01 
   278   -2.126797E-01    7.909304E-01    7.198875E-01    2.733883E-01 
   279   -2.114118E-01    7.879703E-01    7.161142E-01    2.777223E-01 
   280   -2.101391E-01    7.849916E-01    7.123230E-01    2.820928E-01 
   281   -2.088615E-01    7.819968E-01    7.085171E-01    2.864978E-01 
   282   -2.075789E-01    7.789899E-01    7.047017E-01    2.909299E-01 
   283   -2.062914E-01    7.759762E-01    7.008836E-01    2.953805E-01 
   284   -2.049989E-01    7.729621E-01    6.970710E-01    2.998393E-01 
   285   -2.037012E-01    7.699545E-01    6.932726E-01    3.042955E-01 
   286   -2.023984E-01    7.669603E-01    6.894970E-01    3.087378E-01 
   287   -2.010906E-01    7.639860E-01    6.857524E-01    3.131558E-01 
   288   -1.997776E-01    7.610377E-01    6.820464E-01    3.175401E-01 
   289   -1.984596E-01    7.581206E-01    6.783852E-01    3.218824E-01 
   290   -1.971364E-01    7.552391E-01    6.747743E-01    3.261757E-01 
   291   -1.958083E-01    7.523968E-01    6.712179E-01    3.304142E-01 
   292   -1.944751E-01    7.495964E-01    6.677192E-01    3.345936E-01 
   293   -1.931369E-01    7.468396E-01    6.642801E-01    3.387108E-01 
   294   -1.917939E-01    7.441274E-01    6.609017E-01    3.427640E-01 
   295   -1.904460E-01    7.414602E-01    6.575841E-01    3.467523E-01 
   296   -1.890932E-01    7.388374E-01    6.543265E-01    3.506757E-01 
   297   -1.877357E-01    7.362581E-01    6.511274E-01    3.545354E-01 
   298   -1.863735E-01    7.337206E-01    6.479845E-01    3.583333E-01 
   299   -1.850066E-01    7.312228E-01    6.448950E-01    3.620722E-01 
   300   -1.836350E-01    7.287621E-01    6.418556E-01    3.657557E-01 
   301   -1.822589E-01    7.263354E-01    6.388621E-01    3.693880E-01 
   302   -1.808782E-01    7.239389E-01    6.359099E-01    3.729742E-01 
   303   -1.794929E-01    7.215681E-01    6.329931E-01    3.765204E-01 
   304   -1.781031E-01    7.192174E-01    6.301048E-01    3.800339E-01 
   305   -1.767089E-01    7.168802E-01    6.272368E-01    3.835235E-01 
   306   -1.753100E-01    7.145480E-01    6.243787E-01    3.870006E-01 
   307   -1.739067E-01    7.122108E-01    6.215181E-01    3.904790E-01 
   308   -1.724988E-01    7.098559E-01    6.186396E-01    3.939764E-01 
   309   -1.710862E-01    7.074683E-01    6.157248E-01    3.975142E-01 
   310   -1.696689E-01    7.050301E-01    6.127524E-01    4.011208E-01 
   311   -1.682467E-01    7.025218E-01    6.096986E-01    4.048363E-01 
   312   -1.668194E-01    6.999230E-01    6.065391E-01    4.087015E-01 
   313   -1.653868E-01    6.972141E-01    6.032507E-01    4.127562E-01 
   314   -1.639485E-01    6.943781E-01    5.998133E-01    4.170367E-01 
   315   -1.625042E-01    6.914025E-01    5.962128E-01    4.215729E-01 
   316   -1.610536E-01    6.882807E-01    5.924418E-01    4.263859E-01 
   317   -1.595962E-01    6.850124E-01    5.885014E-01    4.314838E-01 
   318   -1.581316E-01    6.816046E-01    5.844007E-01    4.368548E-01 
   319   -1.566594E-01    6.780702E-01    5.801563E-01    4.424779E-01 
   320   -1.551794E-01    6.744272E-01    5.757909E-01    4.483238E-01 
   321   -1.536911E-01    6.706971E-01    5.713310E-01    4.543575E-01 
   322   -1.521943E-01    6.669034E-01    5.668053E-01    4.605384E-01 
   323   -1.506889E-01    6.630698E-01    5.622426E-01    4.668248E-01 
   324   -1.491747E-01    6.592200E-01    5.576713E-01    4.731754E-01 
   325   -1.476514E-01    6.553757E-01    5.531174E-01    4.795533E-01 
   326   -1.461192E-01    6.515569E-01    5.486043E-01    4.859245E-01 
   327   -1.445780E-01    6.477805E-01    5.441517E-01    4.922587E-01 
   328   -1.430278E-01    6.440601E-01    5.397755E-01    4.985296E-01 
   329   -1.414687E-01    6.404065E-01    5.354878E-01    5.047174E-01 
   330   -1.399008E-01    6.368272E-01    5.312968E-01    5.108077E-01 
   331   -1.383241E-01    6.333270E-01    5.272075E-01    5.167903E-01 
   332   -1.367388E-01    6.299077E-01    5.232215E-01    5.226590E-01 
   333   -1.351450E-01    6.265685E-01    5.193374E-01    5.284115E-01 
   334   -1.335428E-01    6.233065E-01    5.155509E-01    5.340501E-01 
   335   -1.319324E-01    6.201163E-01    5.118555E-01    5.395812E-01 
   336   -1.303137E-01    6.169908E-01    5.082423E-01    5.450152E-01 
   337   -1.286870E-01    6.139199E-01    5.046995E-01    5.503681E-01 
   338   -1.270522E-01    6.108910E-01    5.012119E-01    5.556599E-01 
   339   -1.254094E-01    6.078885E-01    4.977615E-01    5.609152E-01 
   340   -1.237586E-01    6.048952E-01    4.943283E-01    5.661651E-01 
   341   -1.220997E-01    6.018942E-01    4.908931E-01    5.714601E-01 
   342   -1.204325E-01    5.988708E-01    4.874391E-01    5.768336E-01 
   343   -1.187569E-01    5.958138E-01    4.839538E-01    5.823031E-01 
   344   -1.170726E-01    5.927164E-01    4.804296E-01    5.878792E-01 
   345   -1.153794E-01    5.895762E-01    4.768644E-01    5.935763E-01 
   346   -1.136771E-01    5.863964E-01    4.732619E-01    5.994029E-01 
   347   -1.119654E-01    5.831857E-01    4.696325E-01    6.053374E-01 
   348   -1.102442E-01    5.799581E-01    4.659921E-01    6.113490E-01 
   349   -1.085132E-01    5.767309E-01    4.623602E-01    6.174010E-01 
   350   -1.067725E-01    5.735232E-01    4.587585E-01    6.234516E-01 
   351   -1.050220E-01    5.703543E-01    4.552083E-01    6.294587E-01 
   352   -1.032617E-01    5.672429E-01    4.517303E-01    6.353828E-01 
   353   -1.014918E-01    5.642061E-01    4.483431E-01    6.411897E-01 
   354   -9.971235E-02    5.612594E-01    4.450634E-01    6.468487E-01 
   355   -9.792365E-02    5.584164E-01    4.419057E-01    6.523330E-01 
   356   -9.612595E-02    5.556894E-01    4.388828E-01    6.576178E-01 
   357   -9.431955E-02    5.530895E-01    4.360065E-01    6.626786E-01 
   358   -9.250480E-02    5.506286E-01    4.332889E-01    6.674875E-01 
   359   -9.068209E-02    5.483202E-01    4.307440E-01    6.720152E-01 
   360   -8.885187E-02    5.461809E-01    4.283894E-01    6.762296E-01 
   361   -8.701468E-02    5.442321E-01    4.262475E-01    6.800924E-01 
   362   -8.517111E-02    5.425004E-01    4.243466E-01    6.835519E-01 
   363   -8.332190E-02    5.410185E-01    4.227216E-01    6.865415E-01 
   364   -8.146792E-02    5.398248E-01    4.214134E-01    6.889759E-01 
   365   -7.961019E-02    5.389572E-01    4.204626E-01    6.907607E-01 
   366   -7.774990E-02    5.384376E-01    4.198922E-01    6.918114E-01 
   367   -7.588851E-02    5.382511E-01    4.196855E-01    6.919294E-01 
   368   -7.402753E-02    5.383399E-01    4.197794E-01    6.912697E-01 
   369   -7.216767E-02    5.386216E-01    4.200838E-01    6.904320E-01 
   370   -7.030925E-02    5.390199E-01    4.205156E-01    6.895112E-01 
   371   -6.845242E-02    5.394828E-01    4.210183E-01    6.885262E-01 
   372   -6.659735E-02    5.399821E-01    4.215607E-01    6.875021E-01 
   373   -6.474406E-02    5.405025E-01    4.221265E-01    6.864510E-01 
   374   -6.289262E-02    5.410341E-01    4.227047E-01    6.853866E-01 
   375   -6.104305E-02    5.415685E-01    4.232860E-01    6.843259E-01 
   376   -5.919533E-02    5.420974E-01    4.238616E-01    6.832860E-01 
   377   -5.734945E-02    5.426132E-01    4.244230E-01    6.822821E-01 
   378   -5.550530E-02    5.431092E-01    4.249629E-01    6.813258E-01 
   379   -5.366284E-02    5.435800E-01    4.254752E-01    6.804280E-01 
   380   -5.182195E-02    5.440209E-01    4.259549E-01    6.795965E-01 
   381   -4.998250E-02    5.444286E-01    4.263982E-01    6.788363E-01 
   382   -4.814439E-02    5.448011E-01    4.268029E-01    6.781486E-01 
   383   -4.630747E-02    5.451376E-01    4.271682E-01    6.775333E-01 
   384   -4.447164E-02    5.454385E-01    4.274944E-01    6.769888E-01 
   385   -4.263676E-02    5.457048E-01    4.277827E-01    6.765118E-01 
   386   -4.080270E-02    5.459385E-01    4.280352E-01    6.760971E-01 
   387   -3.896937E-02    5.461420E-01    4.282545E-01    6.757393E-01 
   388   -3.713667E-02    5.463182E-01    4.284436E-01    6.754328E-01 
   389   -3.530450E-02    5.464698E-01    4.286058E-01    6.751714E-01 
   390   -3.347280E-02    5.465998E-01    4.287443E-01    6.749492E-01 
   391   -3.164149E-02    5.467112E-01    4.288621E-01    6.747600E-01 
   392   -2.981052E-02    5.468066E-01    4.289624E-01    6.745990E-01 
   393   -2.797983E-02    5.468886E-01    4.290478E-01    6.744616E-01 
   394   -2.614938E-02    5.469592E-01    4.291207E-01    6.743435E-01 
   395   -2.431917E-02    5.470206E-01    4.291833E-01    6.742414E-01 
   396   -2.248912E-02    5.470743E-01    4.292375E-01    6.741522E-01 
   397   -2.065925E-02    5.471219E-01    4.292847E-01    6.740737E-01 
   398   -1.882952E-02    5.471643E-01    4.293263E-01    6.740039E-01 
   399   -1.699992E-02    5.472026E-01    4.293632E-01    6.739409E-01 
   400   -1.517045E-02    5.472375E-01    4.293963E-01    6.738840E-01 
   401   -1.334108E-02    5.472697E-01    4.294263E-01    6.738317E-01 
   402   -1.151181E-02    5.472995E-01    4.294536E-01    6.737836E-01 
   403   -9.682649E-03    5.473274E-01    4.294787E-01    6.737390E-01 
   404   -7.853561E-03    5.473536E-01    4.295018E-01    6.736973E-01 
   405   -6.024578E-03    5.473784E-01    4.295233E-01    6.736585E-01 
   406   -4.195653E-03    5.474019E-01    4.295433E-01    6.736219E-01 
   407   -2.366819E-03    5.474244E-01    4.295620E-01    6.735875E-01 
   408   -5.380603E-04    5.474459E-01    4.295794E-01    6.735552E-01 
   409    1.290647E-03    5.474664E-01    4.295958E-01    6.735246E-01 
   410    3.119260E-03    5.474862E-01    4.296112E-01    6.734959E-01 
   411    4.947832E-03    5.475052E-01    4.296255E-01    6.734685E-01 
   412    6.776331E-03    5.475235E-01    4.296390E-01    6.734428E-01 
   413    8.604763E-03    5.475412E-01    4.296516E-01    6.734185E-01 
   414    1.043316E-02    5.475583E-01    4.296635E-01    6.733953E-01 
   415    1.226147E-02    5.475749E-01    4.296747E-01    6.733737E-01 
   416    1.408975E-02    5.475910E-01    4.296851E-01    6.733531E-01 
   417    1.591797E-02    5.476065E-01    4.296948E-01    6.733336E-01 
   418    1.774612E-02    5.476217E-01    4.297039E-01    6.733153E-01 
   419    1.957426E-02    5.476365E-01    4.297124E-01    6.732979E-01 
   420    2.140231E-02    5.476509E-01    4.297203E-01    6.732817E-01 
   421    2.323034E-02    5.476650E-01    4.297277E-01    6.732661E-01 
   422    2.505832E-02    5.476788E-01    4.297345E-01    6.732515E-01 
   423    2.688623E-02    5.476923E-01    4.297409E-01    6.732379E-01 
   424    2.871413E-02    5.477056E-01    4.297468E-01    6.732249E-01 
   425    3.054196E-02    5.477186E-01    4.297522E-01    6.732127E-01 
   426    3.236976E-02    5.477315E-01    4.297573E-01    6.732011E-01 
   427    3.419752E-02    5.477443E-01    4.297619E-01    6.731903E-01 
   428    3.602522E-02    5.477569E-01    4.297661E-01    6.731800E-01 
   429    3.785290E-02    5.477694E-01    4.297700E-01    6.731702E-01 
   430    3.968052E-02    5.477819E-01    4.297737E-01    6.731611E-01 
   431    4.150810E-02    5.477943E-01    4.297769E-01    6.731524E-01 
   432    4.333566E-02    5.478067E-01    4.297799E-01    6.731441E-01 
   433    4.516316E-02    5.478191E-01    4.297826E-01    6.731363E-01 
   434    4.699061E-02    5.478316E-01    4.297850E-01    6.731291E-01 
   435    4.881804E-02    5.478441E-01    4.297872E-01    6.731220E-01 
   436    5.064541E-02    5.478567E-01    4.297891E-01    6.731153E-01 
   437    5.247275E-02    5.478694E-01    4.297908E-01    6.731092E-01 
   438    5.430005E-02    5.478822E-01    4.297923E-01    6.731032E-01 
   439    5.612728E-02    5.478951E-01    4.297936E-01    6.730975E-01 
   440    5.795451E-02    5.479083E-01    4.297947E-01    6.730922E-01 
   441    5.978167E-02    5.479217E-01    4.297956E-01    6.730871E-01 
   442    6.160876E-02    5.479352E-01    4.297964E-01    6.730824E-01 
   443    6.343587E-02    5.479491E-01    4.297969E-01    6.730775E-01 
   444    6.526288E-02    5.479633E-01    4.297971E-01    6.730733E-01 
   445    6.708983E-02    5.479777E-01    4.297973E-01    6.730694E-01 
   446    6.891680E-02    5.479924E-01    4.297977E-01    6.730651E-01 
   447    7.074365E-02    5.480076E-01    4.297979E-01    6.730613E-01 
   448    7.257048E-02    5.480232E-01    4.297974E-01    6.730581E-01 
   449    7.439728E-02    5.480391E-01    4.297965E-01    6.730545E-01 
   450    7.622395E-02    5.480556E-01    4.297961E-01    6.730509E-01 
   451    7.805066E-02    5.480725E-01    4.297964E-01    6.730480E-01 
   452    7.987727E-02    5.480900E-01    4.297961E-01    6.730453E-01 
   453    8.170375E-02    5.481081E-01    4.297945E-01    6.730421E-01 
   454    8.353033E-02    5.481270E-01    4.297927E-01    6.730391E-01 
   455    8.535673E-02    5.481463E-01    4.297916E-01    6.730370E-01 
   456    8.718300E-02    5.481662E-01    4.297915E-01    6.730347E-01 
   457    8.900940E-02    5.481870E-01    4.297913E-01    6.730314E-01 
   458    9.083560E-02    5.482090E-01    4.297896E-01    6.730293E-01 
   459    9.266166E-02    5.482318E-01    4.297865E-01    6.730277E-01 
   460    9.448781E-02    5.482554E-01    4.297841E-01    6.730252E-01 
   461    9.631380E-02    5.482799E-01    4.297834E-01    6.730225E-01 
   462    9.813964E-02    5.483056E-01    4.297835E-01    6.730205E-01 
   463    9.996549E-02    5.483326E-01    4.297820E-01    6.730191E-01 
   464    1.017912E-01    5.483609E-01    4.297792E-01    6.730175E-01 
   465    1.036168E-01    5.483911E-01    4.297761E-01    6.730137E-01 
   466    1.054423E-01    5.484230E-01    4.297731E-01    6.730105E-01 
   467    1.072678E-01    5.484556E-01    4.297706E-01    6.730140E-01 
   468    1.090931E-01    5.484891E-01    4.297700E-01    6.730098E-01 
   469    1.109180E-01    5.485262E-01    4.297715E-01    6.730000E-01 
   470    1.127435E-01    5.485663E-01    4.297692E-01    6.730055E-01 
   471    1.145686E-01    5.486070E-01    4.297593E-01    6.730140E-01 
   472    1.163925E-01    5.486506E-01    4.297508E-01    6.729890E-01 
   473    1.182176E-01    5.486979E-01    4.297525E-01    6.729867E-01 
   474    1.200435E-01    5.487452E-01    4.297586E-01    6.730285E-01 
   475    1.218653E-01    5.487961E-01    4.297584E-01    6.729781E-01 
   476    1.236894E-01    5.488581E-01    4.297483E-01    6.729568E-01 
   477    1.255183E-01    5.489212E-01    4.297268E-01    6.730488E-01 
   478    1.273363E-01    5.489801E-01    4.297173E-01    6.729799E-01 
   479    1.291574E-01    5.490528E-01    4.297372E-01    6.729115E-01 
   480    1.309932E-01    5.491325E-01    4.297453E-01    6.730730E-01 
   481    1.328064E-01    5.492071E-01    4.297142E-01    6.730055E-01 
   482    1.346195E-01    5.493029E-01    4.296994E-01    6.728437E-01 
   483    1.364679E-01    5.494156E-01    4.297040E-01    6.731046E-01 
   484    1.382774E-01    5.495144E-01    4.296847E-01    6.730600E-01 
   485    1.400713E-01    5.496322E-01    4.296786E-01    6.727500E-01 
   486    1.419424E-01    5.498166E-01    4.297522E-01    6.731515E-01 
   487    1.437526E-01    5.500253E-01    4.298254E-01    6.731283E-01 
   488    1.455061E-01    5.502948E-01    4.298433E-01    6.726540E-01 
   489    1.474184E-01    5.507798E-01    4.298747E-01    6.732098E-01 
   490    1.492301E-01    5.512246E-01    4.296045E-01    6.731534E-01 
   491    1.509118E-01    5.514798E-01    4.288949E-01    6.726364E-01 
   492    1.528934E-01    5.514375E-01    4.278905E-01    6.732548E-01 
   493    1.546874E-01    5.500020E-01    4.257910E-01    6.729804E-01 
   494    1.563029E-01    5.470416E-01    4.235106E-01    6.728724E-01 
   495    1.583885E-01    5.402661E-01    4.222913E-01    6.733141E-01 
   496    1.601329E-01    5.324525E-01    4.259154E-01    6.723523E-01 
   497    1.619267E-01    5.227132E-01    4.311476E-01    6.735808E-01 
   498    1.640964E-01    5.104091E-01    4.362082E-01    6.731987E-01 
   499    1.668083E-01    4.933179E-01    4.467343E-01    6.760701E-01 
   500    1.648749E-01    5.054703E-01    3.519253E-01    6.716600E-01 
   501    1.663181E-01    4.964559E-01    3.757204E-01    6.604377E-01 
   502    1.682113E-01    4.840961E-01    3.949051E-01    6.716212E-01 
   503    1.690229E-01    4.788244E-01    4.155166E-01    6.730641E-01 
   504    1.692085E-01    4.776932E-01    4.331269E-01    6.729270E-01 
   505    1.695425E-01    4.757602E-01    4.427496E-01    6.717555E-01 
   506    1.706212E-01    4.701873E-01    4.433481E-01    6.723664E-01 
   507    1.713998E-01    4.666923E-01    4.420529E-01    6.735111E-01 
   508    1.716043E-01    4.658706E-01    4.412071E-01    6.737448E-01 
   509    1.717041E-01    4.654835E-01    4.402050E-01    6.737005E-01 
   510    1.720712E-01    4.641628E-01    4.384347E-01    6.723334E-01 
   511    1.728821E-01    4.617371E-01    4.357195E-01    6.727385E-01 
   512    1.735468E-01    4.602058E-01    4.338876E-01    6.725935E-01 
   513    1.742005E-01    4.590627E-01    4.324584E-01    6.726525E-01 
   514    1.747116E-01    4.583994E-01    4.314661E-01    6.722874E-01 
   515    1.754771E-01    4.576841E-01    4.304194E-01    6.733658E-01 
   516    1.759900E-01    4.573513E-01    4.297605E-01    6.736887E-01 
   517    1.764048E-01    4.571435E-01    4.292929E-01    6.739529E-01 
   518    1.767964E-01    4.570113E-01    4.289330E-01    6.728814E-01 
   519    1.772986E-01    4.569238E-01    4.286503E-01    6.723846E-01 
   520    1.778555E-01    4.568869E-01    4.284378E-01    6.725406E-01 
   521    1.784404E-01    4.568977E-01    4.283045E-01    6.725983E-01 
   522    1.790943E-01    4.569481E-01    4.282273E-01    6.726140E-01 
   523    1.797299E-01    4.570098E-01    4.281731E-01    6.728144E-01 
   524    1.802917E-01    4.570709E-01    4.281192E-01    6.734367E-01 
   525    1.807891E-01    4.571200E-01    4.280584E-01    6.735503E-01 
   526    1.812727E-01    4.571748E-01    4.280044E-01    6.731343E-01 
   527    1.818097E-01    4.572503E-01    4.279758E-01    6.729659E-01 
   528    1.823355E-01    4.573267E-01    4.279457E-01    6.728790E-01 
   529    1.828524E-01    4.574075E-01    4.279281E-01    6.726829E-01 
   530    1.834055E-01    4.574958E-01    4.279277E-01    6.726002E-01 
   531    1.840080E-01    4.575892E-01    4.279438E-01    6.727811E-01 
   532    1.846036E-01    4.576713E-01    4.279579E-01    6.731841E-01 
   533    1.851461E-01    4.577344E-01    4.279577E-01    6.732436E-01 
   534    1.856611E-01    4.577940E-01    4.279589E-01    6.730975E-01 
   535    1.861941E-01    4.578589E-01    4.279672E-01    6.728998E-01 
   536    1.867548E-01    4.579274E-01    4.279781E-01    6.729374E-01 
   537    1.872944E-01    4.579882E-01    4.279805E-01    6.729809E-01 
   538    1.878231E-01    4.580459E-01    4.279786E-01    6.728886E-01 
   539    1.883650E-01    4.581044E-01    4.279819E-01    6.728577E-01 
   540    1.889198E-01    4.581604E-01    4.279835E-01    6.730113E-01 
   541    1.894730E-01    4.582099E-01    4.279853E-01    6.731360E-01 
   542    1.900209E-01    4.582545E-01    4.279828E-01    6.730823E-01 
   543    1.905671E-01    4.583001E-01    4.279911E-01    6.729274E-01 
   544    1.911177E-01    4.583478E-01    4.279999E-01    6.728535E-01 
   545    1.916726E-01    4.583935E-01    4.280133E-01    6.729261E-01 
   546    1.922203E-01    4.584347E-01    4.280158E-01    6.729775E-01 
   547    1.927599E-01    4.584728E-01    4.280212E-01    6.729924E-01 
   548    1.932968E-01    4.585084E-01    4.280177E-01    6.730267E-01 
   549    1.938331E-01    4.585415E-01    4.280179E-01    6.730494E-01 
   550    1.943724E-01    4.585733E-01    4.280127E-01    6.730302E-01 
   551    1.949197E-01    4.586055E-01    4.280149E-01    6.729802E-01 
   552    1.954746E-01    4.586383E-01    4.280170E-01    6.729346E-01 
   553    1.960300E-01    4.586703E-01    4.280234E-01    6.729266E-01 
   554    1.965815E-01    4.587003E-01    4.280281E-01    6.729566E-01 
   555    1.971294E-01    4.587279E-01    4.280313E-01    6.729941E-01 
   556    1.976729E-01    4.587530E-01    4.280339E-01    6.730196E-01 
   557    1.982121E-01    4.587761E-01    4.280317E-01    6.730215E-01 
   558    1.987489E-01    4.587985E-01    4.280333E-01    6.729977E-01 
   559    1.992875E-01    4.588210E-01    4.280301E-01    6.729647E-01 
   560    1.998320E-01    4.588439E-01    4.280345E-01    6.729464E-01 
   561    2.003824E-01    4.588663E-01    4.280323E-01    6.729602E-01 
   562    2.009348E-01    4.588871E-01    4.280368E-01    6.729864E-01 
   563    2.014843E-01    4.589062E-01    4.280334E-01    6.730017E-01 
   564    2.020317E-01    4.589240E-01    4.280365E-01    6.730069E-01 
   565    2.025769E-01    4.589407E-01    4.280333E-01    6.730025E-01 
   566    2.031204E-01    4.589569E-01    4.280355E-01    6.729863E-01 
   567    2.036620E-01    4.589730E-01    4.280341E-01    6.729628E-01 
   568    2.042035E-01    4.589893E-01    4.280363E-01    6.729433E-01 
   569    2.047464E-01    4.590053E-01    4.280371E-01    6.729414E-01 
   570    2.052919E-01    4.590205E-01    4.280375E-01    6.729618E-01 
   571    2.058390E-01    4.590345E-01    4.280384E-01    6.729867E-01 
   572    2.063860E-01    4.590472E-01    4.280355E-01    6.729983E-01 
   573    2.069329E-01    4.590591E-01    4.280368E-01    6.729952E-01 
   574    2.074792E-01    4.590706E-01    4.280328E-01    6.729844E-01 
   575    2.080251E-01    4.590820E-01    4.280359E-01    6.729718E-01 
   576    2.085699E-01    4.590934E-01    4.280327E-01    6.729592E-01 
   577    2.091142E-01    4.591047E-01    4.280370E-01    6.729478E-01 
   578    2.096575E-01    4.591157E-01    4.280343E-01    6.729444E-01 
   579    2.102012E-01    4.591263E-01    4.280379E-01    6.729505E-01 
   580    2.107453E-01    4.591361E-01    4.280351E-01    6.729603E-01 
   581    2.112903E-01    4.591452E-01    4.280367E-01    6.729655E-01 
   582    2.118359E-01    4.591539E-01    4.280344E-01    6.729658E-01 
   583    2.123821E-01    4.591620E-01    4.280344E-01    6.729633E-01 
   584    2.129283E-01    4.591699E-01    4.280337E-01    6.729601E-01 
   585    2.134742E-01    4.591774E-01    4.280325E-01    6.729564E-01 
   586    2.140196E-01    4.591847E-01    4.280338E-01    6.729516E-01 
   587    2.145641E-01    4.591918E-01    4.280314E-01    6.729459E-01 
   588    2.151084E-01    4.591989E-01    4.280344E-01    6.729400E-01 
   589    2.156522E-01    4.592058E-01    4.280313E-01    6.729356E-01 
   590    2.161964E-01    4.592126E-01    4.280351E-01    6.729342E-01 
   591    2.167409E-01    4.592190E-01    4.280315E-01    6.729355E-01 
   592    2.172862E-01    4.592249E-01    4.280348E-01    6.729376E-01 
   593    2.178317E-01    4.592305E-01    4.280311E-01    6.729392E-01 
   594    2.183774E-01    4.592357E-01    4.280333E-01    6.729389E-01 
   595    2.189228E-01    4.592405E-01    4.280304E-01    6.729369E-01 
   596    2.194680E-01    4.592452E-01    4.280314E-01    6.729324E-01 
   597    2.200130E-01    4.592498E-01    4.280302E-01    6.729263E-01 
   598    2.205575E-01    4.592545E-01    4.280303E-01    6.729194E-01 
   599    2.211020E-01    4.592592E-01    4.280314E-01    6.729131E-01 
   600    2.216463E-01    4.592639E-01    4.280306E-01    6.729097E-01 
   601    2.221910E-01    4.592684E-01    4.280332E-01    6.729086E-01 
   602    2.227357E-01    4.592726E-01    4.280308E-01    6.729089E-01 
   603    2.232809E-01    4.592765E-01    4.280341E-01    6.729089E-01 
   604    2.238259E-01    4.592801E-01    4.280306E-01    6.729076E-01 
   605    2.243712E-01    4.592835E-01    4.280341E-01    6.729046E-01 
   606    2.249162E-01    4.592868E-01    4.280306E-01    6.729008E-01 
   607    2.254613E-01    4.592900E-01    4.280338E-01    6.728955E-01 
   608    2.260061E-01    4.592933E-01    4.280313E-01    6.728897E-01 
   609    2.265508E-01    4.592965E-01    4.280340E-01    6.728836E-01 
   610    2.270955E-01    4.592999E-01    4.280332E-01    6.728778E-01 
   611    2.276401E-01    4.593031E-01    4.280350E-01    6.728735E-01 
   612    2.281848E-01    4.593063E-01    4.280359E-01    6.728700E-01 
   613    2.287295E-01    4.593094E-01    4.280362E-01    6.728670E-01 
   614    2.292745E-01    4.593123E-01    4.280386E-01    6.728639E-01 
   615    2.298194E-01    4.593151E-01    4.280373E-01    6.728603E-01 
   616    2.303645E-01    4.593178E-01    4.280409E-01    6.728556E-01 
   617    2.309094E-01    4.593204E-01    4.280387E-01    6.728503E-01 
   618    2.314544E-01    4.593230E-01    4.280432E-01    6.728437E-01 
   619    2.319991E-01    4.593257E-01    4.280410E-01    6.728369E-01 
   620    2.325439E-01    4.593284E-01    4.280458E-01    6.728295E-01 
   621    2.330886E-01    4.593312E-01    4.280443E-01    6.728224E-01 
   622    2.336333E-01    4.593341E-01    4.280488E-01    6.728157E-01 
   623    2.341780E-01    4.593369E-01    4.280485E-01    6.728094E-01 
   624    2.347228E-01    4.593397E-01    4.280521E-01    6.728033E-01 
   625    2.352677E-01    4.593424E-01    4.280533E-01    6.727971E-01 
   626    2.358125E-01    4.593452E-01    4.280555E-01    6.727904E-01 
   627    2.363574E-01    4.593479E-01    4.280585E-01    6.727831E-01 
   628    2.369022E-01    4.593506E-01    4.280594E-01    6.727750E-01 
   629    2.374471E-01    4.593534E-01    4.280641E-01    6.727660E-01 
   630    2.379918E-01    4.593562E-01    4.280641E-01    6.727569E-01 
   631    2.385367E-01    4.593592E-01    4.280701E-01    6.727470E-01 
   632    2.390813E-01    4.593622E-01    4.280698E-01    6.727374E-01 
   633    2.396261E-01    4.593653E-01    4.280765E-01    6.727276E-01 
   634    2.401708E-01    4.593685E-01    4.280765E-01    6.727179E-01 
   635    2.407155E-01    4.593717E-01    4.280831E-01    6.727081E-01 
   636    2.412603E-01    4.593750E-01    4.280841E-01    6.726979E-01 
   637    2.418051E-01    4.593783E-01    4.280900E-01    6.726875E-01 
   638    2.423500E-01    4.593817E-01    4.280925E-01    6.726764E-01 
   639    2.428947E-01    4.593851E-01    4.280974E-01    6.726647E-01 
   640    2.434395E-01    4.593886E-01    4.281017E-01    6.726527E-01 
   641    2.439842E-01    4.593923E-01    4.281055E-01    6.726400E-01 
   642    2.445290E-01    4.593960E-01    4.281118E-01    6.726269E-01 
   643    2.450736E-01    4.593999E-01    4.281145E-01    6.726138E-01 
   644    2.456184E-01    4.594038E-01    4.281223E-01    6.726000E-01 
   645    2.461630E-01    4.594079E-01    4.281244E-01    6.725866E-01 
   646    2.467078E-01    4.594120E-01    4.281332E-01    6.725725E-01 
   647    2.472525E-01    4.594163E-01    4.281353E-01    6.725583E-01 
   648    2.477973E-01    4.594206E-01    4.281443E-01    6.725438E-01 
   649    2.483420E-01    4.594250E-01    4.281471E-01    6.725286E-01 
   650    2.488867E-01    4.594295E-01    4.281557E-01    6.725132E-01 
   651    2.494314E-01    4.594341E-01    4.281599E-01    6.724972E-01 
   652    2.499761E-01    4.594388E-01    4.281677E-01    6.724809E-01 
   653    2.505208E-01    4.594436E-01    4.281736E-01    6.724643E-01 
   654    2.510654E-01    4.594485E-01    4.281804E-01    6.724473E-01 
   655    2.516101E-01    4.594535E-01    4.281882E-01    6.724302E-01 
   656    2.521547E-01    4.594585E-01    4.281937E-01    6.724130E-01 
   657    2.526995E-01    4.594637E-01    4.282031E-01    6.723952E-01 
   658    2.532440E-01    4.594689E-01    4.282077E-01    6.723776E-01 
   659    2.537888E-01    4.594742E-01    4.282183E-01    6.723593E-01 
   660    2.543334E-01    4.594796E-01    4.282224E-01    6.723411E-01 
   661    2.548780E-01    4.594850E-01    4.282334E-01    6.723225E-01 
   662    2.554227E-01    4.594905E-01    4.282378E-01    6.723036E-01 
   663    2.559673E-01    4.594961E-01    4.282486E-01    6.722847E-01 
   664    2.565119E-01    4.595017E-01    4.282540E-01    6.722655E-01 
   665    2.570565E-01    4.595073E-01    4.282639E-01    6.722462E-01 
   666    2.576011E-01    4.595130E-01    4.282706E-01    6.722270E-01 
   667    2.581457E-01    4.595186E-01    4.282794E-01    6.722075E-01 
   668    2.586903E-01    4.595243E-01    4.282877E-01    6.721882E-01 
   669    2.592348E-01    4.595300E-01    4.282950E-01    6.721688E-01 
   670    2.597795E-01    4.595357E-01    4.283048E-01    6.721494E-01 
   671    2.603239E-01    4.595413E-01    4.283107E-01    6.721302E-01 
   672    2.608686E-01    4.595469E-01    4.283216E-01    6.721107E-01 
   673    2.614131E-01    4.595525E-01    4.283265E-01    6.720918E-01 
   674    2.619577E-01    4.595580E-01    4.283379E-01    6.720726E-01 
   675    2.625022E-01    4.595634E-01    4.283423E-01    6.720538E-01 
   676    2.630467E-01    4.595688E-01    4.283534E-01    6.720352E-01 
   677    2.635913E-01    4.595741E-01    4.283581E-01    6.720167E-01 
   678    2.641358E-01    4.595793E-01    4.283682E-01    6.719988E-01 
   679    2.646803E-01    4.595843E-01    4.283736E-01    6.719811E-01 
   680    2.652248E-01    4.595892E-01    4.283822E-01    6.719637E-01 
   681    2.657693E-01    4.595940E-01    4.283886E-01    6.719468E-01 
   682    2.663138E-01    4.595986E-01    4.283955E-01    6.719303E-01 
   683    2.668583E-01    4.596030E-01    4.284030E-01    6.719143E-01 
   684    2.674027E-01    4.596072E-01    4.284080E-01    6.718989E-01 
   685    2.679473E-01    4.596112E-01    4.284164E-01    6.718836E-01 
   686    2.684917E-01    4.596151E-01    4.284195E-01    6.718696E-01 
   687    2.690363E-01    4.596186E-01    4.284282E-01    6.718555E-01 
   688    2.695807E-01    4.596220E-01    4.284301E-01    6.718426E-01 
   689    2.701252E-01    4.596251E-01    4.284384E-01    6.718302E-01 
   690    2.706696E-01    4.596279E-01    4.284396E-01    6.718184E-01 
   691    2.712141E-01    4.596304E-01    4.284469E-01    6.718076E-01 
   692    2.717585E-01    4.596327E-01    4.284480E-01    6.717972E-01 
   693    2.723030E-01    4.596346E-01    4.284536E-01    6.717879E-01 
   694    2.728474E-01    4.596363E-01    4.284551E-01    6.717793E-01 
   695    2.733919E-01    4.596376E-01    4.284586E-01    6.717715E-01 
   696    2.739363E-01    4.596385E-01    4.284607E-01    6.717648E-01 
   697    2.744807E-01    4.596391E-01    4.284618E-01    6.717588E-01 
   698    2.750253E-01    4.596394E-01    4.284645E-01    6.717537E-01 
   699    2.755696E-01    4.596392E-01    4.284631E-01    6.717498E-01 
   700    2.761142E-01    4.596385E-01    4.284659E-01    6.717464E-01 
   701    2.766585E-01    4.596374E-01    4.284622E-01    6.717444E-01 
   702    2.772030E-01    4.596358E-01    4.284644E-01    6.717426E-01 
   703    2.777474E-01    4.596337E-01    4.284590E-01    6.717421E-01 
   704    2.782919E-01    4.596309E-01    4.284596E-01    6.717423E-01 
   705    2.788363E-01    4.596275E-01    4.284529E-01    6.717432E-01 
   706    2.793808E-01    4.596235E-01    4.284512E-01    6.717455E-01 
   707    2.799253E-01    4.596187E-01    4.284436E-01    6.717490E-01 
   708    2.804697E-01    4.596132E-01    4.284388E-01    6.717544E-01 
   709    2.810142E-01    4.596068E-01    4.284305E-01    6.717625E-01 
   710    2.815586E-01    4.595996E-01    4.284222E-01    6.717730E-01 
   711    2.821032E-01    4.595914E-01    4.284130E-01    6.717874E-01 
   712    2.826476E-01    4.595823E-01    4.284007E-01    6.718052E-01 
   713    2.831922E-01    4.595721E-01    4.283903E-01    6.718260E-01 
   714    2.837366E-01    4.595608E-01    4.283738E-01    6.718511E-01 
   715    2.842813E-01    4.595484E-01    4.283616E-01    6.718773E-01 
   716    2.848257E-01    4.595349E-01    4.283414E-01    6.719074E-01 
   717    2.853703E-01    4.595203E-01    4.283267E-01    6.719375E-01 
   718    2.859149E-01    4.595048E-01    4.283038E-01    6.719692E-01 
   719    2.864595E-01    4.594884E-01    4.282863E-01    6.720022E-01 
   720    2.870041E-01    4.594713E-01    4.282619E-01    6.720356E-01 
   721    2.875487E-01    4.594536E-01    4.282419E-01    6.720716E-01 
   722    2.880934E-01    4.594355E-01    4.282174E-01    6.721093E-01 
   723    2.886381E-01    4.594172E-01    4.281954E-01    6.721506E-01 
   724    2.891828E-01    4.593988E-01    4.281719E-01    6.721964E-01 
   725    2.897276E-01    4.593805E-01    4.281484E-01    6.722451E-01 
   726    2.902724E-01    4.593623E-01    4.281266E-01    6.722978E-01 
   727    2.908172E-01    4.593442E-01    4.281020E-01    6.723533E-01 
   728    2.913621E-01    4.593262E-01    4.280818E-01    6.724077E-01 
   729    2.919068E-01    4.593083E-01    4.280562E-01    6.724631E-01 
   730    2.924518E-01    4.592905E-01    4.280371E-01    6.725116E-01 
   731    2.929965E-01    4.592729E-01    4.280113E-01    6.725576E-01 
   732    2.935415E-01    4.592554E-01    4.279926E-01    6.725939E-01 
   733    2.940863E-01    4.592382E-01    4.279676E-01    6.726231E-01 
   734    2.946312E-01    4.592215E-01    4.279494E-01    6.726460E-01 
   735    2.951762E-01    4.592056E-01    4.279268E-01    6.726610E-01 
   736    2.957211E-01    4.591907E-01    4.279100E-01    6.726742E-01 
   737    2.962662E-01    4.591771E-01    4.278916E-01    6.726839E-01 
   738    2.968112E-01    4.591650E-01    4.278772E-01    6.726949E-01 
   739    2.973564E-01    4.591546E-01    4.278645E-01    6.727096E-01 
   740    2.979014E-01    4.591458E-01    4.278529E-01    6.727269E-01 
   741    2.984466E-01    4.591387E-01    4.278460E-01    6.727498E-01 
   742    2.989916E-01    4.591330E-01    4.278369E-01    6.727781E-01 
   743    2.995368E-01    4.591285E-01    4.278345E-01    6.728057E-01 
   744    3.000818E-01    4.591247E-01    4.278270E-01    6.728354E-01 
   745    3.006269E-01    4.591213E-01    4.278267E-01    6.728528E-01 
   746    3.011719E-01    4.591180E-01    4.278195E-01    6.728640E-01 
   747    3.017170E-01    4.591146E-01    4.278189E-01    6.728666E-01 
   748    3.022619E-01    4.591108E-01    4.278115E-01    6.728638E-01 
   749    3.028070E-01    4.591067E-01    4.278093E-01    6.728577E-01 
   750    3.033520E-01    4.591024E-01    4.278022E-01    6.728473E-01 
   751    3.038970E-01    4.590980E-01    4.277986E-01    6.728343E-01 
   752    3.044421E-01    4.590938E-01    4.277930E-01    6.728181E-01 
   753    3.049872E-01    4.590901E-01    4.277889E-01    6.727997E-01 
   754    3.055325E-01    4.590872E-01    4.277866E-01    6.727822E-01 
   755    3.060777E-01    4.590852E-01    4.277833E-01    6.727651E-01 
   756    3.066230E-01    4.590844E-01    4.277850E-01    6.727474E-01 
   757    3.071680E-01    4.590845E-01    4.277833E-01    6.727326E-01 
   758    3.077132E-01    4.590856E-01    4.277885E-01    6.727203E-01 
   759    3.082582E-01    4.590875E-01    4.277883E-01    6.727145E-01 
   760    3.088033E-01    4.590898E-01    4.277956E-01    6.727105E-01 
   761    3.093483E-01    4.590925E-01    4.277964E-01    6.727098E-01 
   762    3.098934E-01    4.590952E-01    4.278039E-01    6.727104E-01 
   763    3.104384E-01    4.590978E-01    4.278052E-01    6.727113E-01 
   764    3.109835E-01    4.591000E-01    4.278113E-01    6.727120E-01 
   765    3.115287E-01    4.591017E-01    4.278127E-01    6.727104E-01 
   766    3.120737E-01    4.591029E-01    4.278163E-01    6.727070E-01 
   767    3.126189E-01    4.591034E-01    4.278177E-01    6.727019E-01 
   768    3.131640E-01    4.591033E-01    4.278184E-01    6.726948E-01 
   769    3.137091E-01    4.591027E-01    4.278198E-01    6.726856E-01 
   770    3.142541E-01    4.591013E-01    4.278174E-01    6.726745E-01 
   771    3.147992E-01    4.590993E-01    4.278185E-01    6.726615E-01 
   772    3.153441E-01    4.590967E-01    4.278134E-01    6.726474E-01 
   773    3.158893E-01    4.590936E-01    4.278139E-01    6.726315E-01 
   774    3.164343E-01    4.590900E-01    4.278069E-01    6.726153E-01 
   775    3.169795E-01    4.590862E-01    4.278065E-01    6.725974E-01 
   776    3.175245E-01    4.590822E-01    4.277991E-01    6.725787E-01 
   777    3.180697E-01    4.590782E-01    4.277980E-01    6.725591E-01 
   778    3.186148E-01    4.590747E-01    4.277918E-01    6.725386E-01 
   779    3.191599E-01    4.590717E-01    4.277909E-01    6.725174E-01 
   780    3.197051E-01    4.590695E-01    4.277875E-01    6.724955E-01 
   781    3.202502E-01    4.590684E-01    4.277875E-01    6.724754E-01 
   782    3.207954E-01    4.590684E-01    4.277882E-01    6.724595E-01 
   783    3.213405E-01    4.590697E-01    4.277898E-01    6.724513E-01 
   784    3.218857E-01    4.590723E-01    4.277949E-01    6.724540E-01 
   785    3.224308E-01    4.590761E-01    4.277978E-01    6.724689E-01 
   786    3.229761E-01    4.590808E-01    4.278065E-01    6.724933E-01 
   787    3.235211E-01    4.590861E-01    4.278099E-01    6.725242E-01 
   788    3.240663E-01    4.590916E-01    4.278198E-01    6.725568E-01 
   789    3.246113E-01    4.590968E-01    4.278220E-01    6.725902E-01 
   790    3.251565E-01    4.591011E-01    4.278298E-01    6.726194E-01 
   791    3.257015E-01    4.591038E-01    4.278283E-01    6.726457E-01 
   792    3.262466E-01    4.591042E-01    4.278299E-01    6.726659E-01 
   793    3.267916E-01    4.591017E-01    4.278219E-01    6.726800E-01 
   794    3.273366E-01    4.590957E-01    4.278135E-01    6.726868E-01 
   795    3.278816E-01    4.590857E-01    4.277962E-01    6.726847E-01 
   796    3.284266E-01    4.590712E-01    4.277750E-01    6.726737E-01 
   797    3.289717E-01    4.590522E-01    4.277469E-01    6.726512E-01 
   798    3.295167E-01    4.590287E-01    4.277122E-01    6.726147E-01 
   799    3.300618E-01    4.590012E-01    4.276744E-01    6.725615E-01 
   800    3.306068E-01    4.589704E-01    4.276288E-01    6.724883E-01 
   801    3.311521E-01    4.589374E-01    4.275854E-01    6.723948E-01 
   802    3.316972E-01    4.589037E-01    4.275355E-01    6.722822E-01 
   803    3.322426E-01    4.588709E-01    4.274938E-01    6.721499E-01 
   804    3.327879E-01    4.588410E-01    4.274496E-01    6.720041E-01 
   805    3.333335E-01    4.588159E-01    4.274194E-01    6.718426E-01 
   806    3.338790E-01    4.587975E-01    4.273921E-01    6.716778E-01 
   807    3.344247E-01    4.587874E-01    4.273827E-01    6.715285E-01 
   808    3.349704E-01    4.587870E-01    4.273817E-01    6.714198E-01 
   809    3.355162E-01    4.587969E-01    4.273991E-01    6.713788E-01 
   810    3.360620E-01    4.588172E-01    4.274279E-01    6.714205E-01 
   811    3.366078E-01    4.588471E-01    4.274713E-01    6.715471E-01 
   812    3.371535E-01    4.588849E-01    4.275255E-01    6.717442E-01 
   813    3.376990E-01    4.589282E-01    4.275852E-01    6.719838E-01 
   814    3.382444E-01    4.589735E-01    4.276506E-01    6.722511E-01 
   815    3.387895E-01    4.590168E-01    4.277082E-01    6.725207E-01 
   816    3.393347E-01    4.590533E-01    4.277620E-01    6.727776E-01 
   817    3.398794E-01    4.590777E-01    4.277930E-01    6.730079E-01 
   818    3.404244E-01    4.590847E-01    4.278074E-01    6.731982E-01 
   819    3.409689E-01    4.590689E-01    4.277843E-01    6.733423E-01 
   820    3.415135E-01    4.590253E-01    4.277310E-01    6.734288E-01 
   821    3.420580E-01    4.589497E-01    4.276294E-01    6.734516E-01 
   822    3.426026E-01    4.588389E-01    4.274870E-01    6.734006E-01 
   823    3.431473E-01    4.586916E-01    4.272925E-01    6.732643E-01 
   824    3.436920E-01    4.585080E-01    4.270539E-01    6.730266E-01 
   825    3.442370E-01    4.582911E-01    4.267699E-01    6.726616E-01 
   826    3.447823E-01    4.580462E-01    4.264500E-01    6.721457E-01 
   827    3.453280E-01    4.577812E-01    4.261054E-01    6.714680E-01 
   828    3.458741E-01    4.575071E-01    4.257463E-01    6.706262E-01 
   829    3.464210E-01    4.572368E-01    4.253962E-01    6.696340E-01 
   830    3.469683E-01    4.569851E-01    4.250655E-01    6.684990E-01 
   831    3.475166E-01    4.567678E-01    4.247857E-01    6.672479E-01 
   832    3.480654E-01    4.566005E-01    4.245644E-01    6.659254E-01 
   833    3.486153E-01    4.564971E-01    4.244333E-01    6.646640E-01 
   834    3.491656E-01    4.564688E-01    4.243933E-01    6.636664E-01 
   835    3.497165E-01    4.565224E-01    4.244663E-01    6.631562E-01 
   836    3.502674E-01    4.566584E-01    4.246409E-01    6.633094E-01 
   837    3.508182E-01    4.568704E-01    4.249197E-01    6.641449E-01 
   838    3.513683E-01    4.571441E-01    4.252748E-01    6.655955E-01 
   839    3.519174E-01    4.574566E-01    4.256833E-01    6.674326E-01 
   840    3.524653E-01    4.577772E-01    4.261010E-01    6.695217E-01 
   841    3.530117E-01    4.580675E-01    4.264789E-01    6.716680E-01 
   842    3.535570E-01    4.582825E-01    4.267602E-01    6.737481E-01 
   843    3.541008E-01    4.583715E-01    4.268732E-01    6.756295E-01 
   844    3.546437E-01    4.582794E-01    4.267531E-01    6.772145E-01 
   845    3.551855E-01    4.579480E-01    4.263129E-01    6.783910E-01 
   846    3.557270E-01    4.573169E-01    4.254843E-01    6.791517E-01 
   847    3.562680E-01    4.563252E-01    4.241733E-01    6.793942E-01 
   848    3.568094E-01    4.549125E-01    4.223145E-01    6.789630E-01 
   849    3.573514E-01    4.530226E-01    4.198196E-01    6.777637E-01 
   850    3.578948E-01    4.506003E-01    4.166290E-01    6.756887E-01 
   851    3.584402E-01    4.475959E-01    4.126682E-01    6.722979E-01 
   852    3.589887E-01    4.439644E-01    4.078919E-01    6.672718E-01 
   853    3.595413E-01    4.396682E-01    4.022472E-01    6.604848E-01 
   854    3.600995E-01    4.346726E-01    3.957034E-01    6.515719E-01 
   855    3.606647E-01    4.289564E-01    3.882428E-01    6.403083E-01 
   856    3.612385E-01    4.225057E-01    3.798595E-01    6.264261E-01 
   857    3.618228E-01    4.153143E-01    3.705697E-01    6.094491E-01 
   858    3.624196E-01    4.073943E-01    3.604049E-01    5.895600E-01 
   859    3.630311E-01    3.987684E-01    3.494274E-01    5.668041E-01 
   860    3.636590E-01    3.894885E-01    3.377255E-01    5.405988E-01 
   861    3.643059E-01    3.796234E-01    3.254244E-01    5.105889E-01 
   862    3.649736E-01    3.692702E-01    3.126629E-01    4.772611E-01 
   863    3.656647E-01    3.585412E-01    2.996205E-01    4.412970E-01 
   864    3.663804E-01    3.475998E-01    2.865091E-01    4.027076E-01 
   865    3.671227E-01    3.366202E-01    2.735604E-01    3.615988E-01 
   866    3.678922E-01    3.258014E-01    2.610052E-01    3.190914E-01 
   867    3.686900E-01    3.153384E-01    2.490715E-01    2.765271E-01 
   868    3.695156E-01    3.054370E-01    2.379679E-01    2.348469E-01 
   869    3.703682E-01    2.962707E-01    2.278629E-01    1.951021E-01 
   870    3.712462E-01    2.879823E-01    2.188726E-01    1.585349E-01 
   871    3.721474E-01    2.806649E-01    2.110568E-01    1.261962E-01 
   872    3.730690E-01    2.743619E-01    2.044149E-01    9.852393E-02 
   873    3.740082E-01    2.690580E-01    1.988919E-01    7.558839E-02 
   874    3.749617E-01    2.646951E-01    1.943929E-01    5.703516E-02 
   875    3.759269E-01    2.611804E-01    1.907972E-01    4.247274E-02 
   876    3.769012E-01    2.584044E-01    1.879744E-01    3.129366E-02 
   877    3.778826E-01    2.562502E-01    1.857930E-01    2.280864E-02 
   878    3.788692E-01    2.546035E-01    1.841308E-01    1.647438E-02 
   879    3.798599E-01    2.533621E-01    1.828802E-01    1.181086E-02 
   880    3.808535E-01    2.524375E-01    1.819499E-01    8.415213E-03 
   881    3.818492E-01    2.517559E-01    1.812646E-01    5.964901E-03 
   882    3.828464E-01    2.512579E-01    1.807641E-01    4.209642E-03 
   883    3.838448E-01    2.508968E-01    1.804012E-01    2.959661E-03 
   884    3.848439E-01    2.506367E-01    1.801399E-01    2.073700E-03 
   885    3.858436E-01    2.504505E-01    1.799527E-01    1.448364E-03 
   886    3.868437E-01    2.503178E-01    1.798194E-01    1.008556E-03 
   887    3.878440E-01    2.502237E-01    1.797249E-01    7.001587E-04 
   888    3.888446E-01    2.501572E-01    1.796580E-01    4.845255E-04 
   889    3.898452E-01    2.501104E-01    1.796110E-01    3.340877E-04 
   890    3.908460E-01    2.500775E-01    1.795779E-01    2.291663E-04 
   891    3.918468E-01    2.500545E-01    1.795547E-01    1.561262E-04 
   892    3.928478E-01    2.500384E-01    1.795386E-01    1.054271E-04 
   893    3.938487E-01    2.500271E-01    1.795273E-01    7.033303E-05 
   894    3.948496E-01    2.500193E-01    1.795194E-01    4.619534E-05 
   895    3.958506E-01    2.500138E-01    1.795139E-01    2.964256E-05 
   896    3.968515E-01    2.500100E-01    1.795101E-01    1.800789E-05 
   897    3.978525E-01    2.500074E-01    1.795074E-01    9.809072E-06 
   898    3.988535E-01    2.500055E-01    1.795056E-01    4.126090E-06 
   899    3.998545E-01    2.500043E-01    1.795043E-01    2.119294E-07 
   900    4.008555E-01    2.500034E-01    1.795034E-01   -2.212479E-06 
   901    4.018565E-01    2.500028E-01    1.795028E-01   -3.757760E-06 
   902    4.028574E-01    2.500023E-01    1.795024E-01   -5.100823E-06 
   903    4.038584E-01    2.500021E-01    1.795021E-01   -6.251826E-06 
   904    4.048595E-01    2.500019E-01    1.795019E-01   -6.953445E-06 
   905    4.058605E-01    2.500017E-01    1.795017E-01   -7.192487E-06 
   906    4.068615E-01    2.500016E-01    1.795016E-01   -6.644849E-06 
   907    4.078624E-01    2.500015E-01    1.795015E-01   -6.034384E-06 
   908    4.088634E-01    2.500014E-01    1.795014E-01   -6.494849E-06 
   909    4.098644E-01    2.500013E-01    1.795013E-01   -7.313717E-06 
   910    4.108654E-01    2.500013E-01    1.795013E-01   -7.762332E-06 
   911    4.118665E-01    2.500013E-01    1.795013E-01   -7.517937E-06 
   912    4.128675E-01    2.500013E-01    1.795013E-01   -6.292291E-06 
   913    4.138684E-01    2.500012E-01    1.795012E-01   -5.243009E-06 
   914    4.148694E-01    2.500012E-01    1.795012E-01   -5.977069E-06 
   915    4.158704E-01    2.500012E-01    1.795012E-01   -7.326790E-06 
   916    4.168714E-01    2.500012E-01    1.795012E-01   -8.014457E-06 
   917    4.178725E-01    2.500012E-01    1.795012E-01   -7.652854E-06 
   918    4.188735E-01    2.500012E-01    1.795012E-01   -5.862378E-06 
   919    4.198744E-01    2.500011E-01    1.795011E-01   -4.093174E-06 
   920    4.208753E-01    2.500010E-01    1.795010E-01   -5.388036E-06 
   921    4.218763E-01    2.500010E-01    1.795010E-01   -7.793150E-06 
   922    4.228774E-01    2.500011E-01    1.795011E-01   -8.835175E-06 
   923    4.238785E-01    2.500011E-01    1.795011E-01   -7.828582E-06 
   924    4.248796E-01    2.500011E-01    1.795011E-01   -4.761988E-06 
   925    4.258804E-01    2.500010E-01    1.795010E-01   -2.340579E-06 
   926    4.268812E-01    2.500009E-01    1.795009E-01   -4.752056E-06 
   927    4.278822E-01    2.500008E-01    1.795008E-01   -8.385685E-06 
   928    4.288833E-01    2.500009E-01    1.795009E-01   -9.768542E-06 
   929    4.298846E-01    2.500010E-01    1.795010E-01   -8.714081E-06 
   930    4.308857E-01    2.500009E-01    1.795009E-01   -4.074611E-06 
   931    4.318864E-01    2.500008E-01    1.795008E-01    7.604153E-07 
   932    4.328871E-01    2.500006E-01    1.795006E-01   -3.592526E-06 
   933    4.338880E-01    2.500006E-01    1.795005E-01   -1.022092E-05 
   934    4.348892E-01    2.500007E-01    1.795007E-01   -1.309118E-05 
   935    4.358906E-01    2.500008E-01    1.795008E-01   -1.050057E-05 
   936    4.368920E-01    2.500007E-01    1.795007E-01    6.543471E-07 
   937    4.378926E-01    2.500004E-01    1.795004E-01    5.795879E-06 
   938    4.388928E-01    2.500002E-01    1.795002E-01   -4.891004E-06 
   939    4.398936E-01    2.500003E-01    1.795002E-01   -1.505351E-05 
   940    4.408951E-01    2.500005E-01    1.795005E-01   -1.679431E-05 
   941    4.418973E-01    2.500006E-01    1.795006E-01   -7.292153E-06 
   942    4.428986E-01    2.500005E-01    1.795005E-01    5.504992E-06 
   943    4.438983E-01    2.500000E-01    1.795000E-01    7.936658E-06 
   944    4.448981E-01    2.499997E-01    1.794997E-01   -6.336913E-06 
   945    4.458992E-01    2.499998E-01    1.794998E-01   -1.640959E-05 
   946    4.469015E-01    2.500001E-01    1.795000E-01   -2.101283E-05 
   947    4.479038E-01    2.500002E-01    1.795002E-01   -1.440693E-05 
   948    4.489050E-01    2.499999E-01    1.794999E-01    1.707417E-05 
   949    4.499040E-01    2.499990E-01    1.794990E-01    1.858013E-05 
   950    4.509036E-01    2.499984E-01    1.794984E-01   -1.943805E-06 
   951    4.519042E-01    2.499986E-01    1.794986E-01   -3.758191E-05 
   952    4.529067E-01    2.499995E-01    1.794995E-01   -4.220848E-05 
   953    4.539120E-01    2.499997E-01    1.794997E-01    7.818179E-06 
   954    4.549130E-01    2.499987E-01    1.794987E-01    4.630735E-05 
   955    4.559100E-01    2.499974E-01    1.794974E-01    2.020713E-05 
   956    4.569056E-01    2.499973E-01    1.794973E-01   -3.596488E-05 
   957    4.579068E-01    2.499986E-01    1.794986E-01   -6.081713E-05 
   958    4.589171E-01    2.499995E-01    1.794995E-01   -1.872098E-05 
   959    4.599245E-01    2.499989E-01    1.794989E-01    5.122578E-05 
   960    4.609179E-01    2.499978E-01    1.794978E-01    1.734713E-05 
   961    4.619095E-01    2.499971E-01    1.794971E-01    8.672931E-06 
   962    4.629067E-01    2.499972E-01    1.794972E-01   -3.921916E-05 
   963    4.639174E-01    2.499983E-01    1.794983E-01   -5.462520E-05 
   964    4.649338E-01    2.499983E-01    1.794982E-01    2.680830E-06 
   965    4.659233E-01    2.499977E-01    1.794977E-01   -2.031145E-05 
   966    4.669233E-01    2.499957E-01    1.794957E-01    9.165663E-05 
   967    4.679136E-01    2.499928E-01    1.794928E-01    4.169212E-05 
   968    4.689119E-01    2.499927E-01    1.794927E-01   -8.345270E-05 
   969    4.699291E-01    2.499941E-01    1.794941E-01   -1.185472E-04 
   970    4.709245E-01    2.499951E-01    1.794951E-01   -4.081453E-05 
   971    4.719505E-01    2.499926E-01    1.794927E-01    1.477312E-04 
   972    4.729381E-01    2.499874E-01    1.794875E-01    1.501957E-04 
   973    4.739053E-01    2.499846E-01    1.794846E-01   -4.584071E-05 
   974    4.748928E-01    2.499883E-01    1.794884E-01   -3.058162E-04 
   975    4.759277E-01    2.499917E-01    1.794918E-01   -1.931762E-05 
   976    4.769857E-01    2.499887E-01    1.794890E-01    1.529736E-04 
   977    4.779819E-01    2.499822E-01    1.794825E-01    2.135598E-04 
   978    4.789163E-01    2.499761E-01    1.794763E-01    6.419318E-05 
   979    4.798108E-01    2.499823E-01    1.794831E-01   -4.580267E-04 
   980    4.809421E-01    2.499856E-01    1.794859E-01    1.189175E-05 
   981    4.820156E-01    2.499784E-01    1.794794E-01    1.111646E-04 
   982    4.830292E-01    2.499646E-01    1.794660E-01    1.870498E-04 
   983    4.839641E-01    2.499453E-01    1.794461E-01    1.639577E-04 
   984    4.847032E-01    2.499304E-01    1.794314E-01   -4.397369E-04 
   985    4.859676E-01    2.498958E-01    1.793971E-01    7.039527E-06 
   986    4.870219E-01    2.498193E-01    1.793227E-01    4.791790E-05 
   987    4.880457E-01    2.496851E-01    1.791905E-01    9.708237E-05 
   988    4.890199E-01    2.494541E-01    1.789576E-01    1.206427E-04 
   989    4.896796E-01    2.492049E-01    1.786660E-01   -2.260262E-04 
   990    4.909910E-01    2.486711E-01    1.785458E-01    0.000000E+00 
   991    4.919920E-01    2.483496E-01    1.783150E-01    0.000000E+00 
   992    4.929930E-01    2.477101E-01    1.778558E-01    0.000000E+00 
   993    4.939940E-01    2.460090E-01    1.766345E-01    0.000000E+00 
   994    4.949950E-01    2.421070E-01    1.738328E-01    0.000000E+00 
   995    4.959960E-01    2.341934E-01    1.681508E-01    0.000000E+00 
   996    4.969970E-01    2.204015E-01    1.582482E-01    0.000000E+00 
   997    4.979980E-01    1.999281E-01    1.435484E-01    0.000000E+00 
   998    4.989990E-01    1.731552E-01    1.243255E-01    0.000000E+00 
   999    5.000000E-01    1.416667E-01    1.017167E-01    0.000000E+00 
