     0   -5.000000E-01    5.666667E-01    5.666667E-01    0.000000E+00 
     1   -4.989990E-01    6.926409E-01    6.926409E-01    0.000000E+00 
     2   -4.979980E-01    7.998065E-01    7.998065E-01    0.000000E+00 
     3   -4.969970E-01    8.817948E-01    8.817948E-01    0.000000E+00 
     4   -4.959960E-01    9.370538E-01    9.370538E-01    0.000000E+00 
     5   -4.949950E-01    9.687858E-01    9.687858E-01    0.000000E+00 
     6   -4.939940E-01    9.844167E-01    9.844167E-01    0.000000E+00 
     7   -4.929930E-01    9.911270E-01    9.911270E-01    0.000000E+00 
     8   -4.919920E-01    9.935584E-01    9.935584E-01    0.000000E+00 
     9   -4.909910E-01    9.947329E-01    9.947329E-01    0.000000E+00 
    10   -4.897285E-01    9.966963E-01    9.952165E-01    4.473934E-04 
    11   -4.889948E-01    9.978006E-01    9.969433E-01   -2.232143E-04 
    12   -4.880256E-01    9.987145E-01    9.982335E-01   -1.765681E-04 
    13   -4.870106E-01    9.992487E-01    9.989708E-01   -1.068926E-04 
    14   -4.859652E-01    9.995520E-01    9.993828E-01   -2.689781E-05 
    15   -4.847911E-01    9.996662E-01    9.995404E-01    7.362390E-04 
    16   -4.839367E-01    9.997116E-01    9.996007E-01   -1.827149E-04 
    17   -4.829921E-01    9.998102E-01    9.997407E-01   -3.134174E-04 
    18   -4.819918E-01    9.998868E-01    9.998462E-01   -2.094720E-04 
    19   -4.809422E-01    9.999256E-01    9.998975E-01    2.454182E-05 
    20   -4.798883E-01    9.999028E-01    9.998662E-01    5.385300E-04 
    21   -4.789130E-01    9.998685E-01    9.998168E-01    3.988166E-05 
    22   -4.779459E-01    9.998979E-01    9.998582E-01   -2.454750E-04 
    23   -4.769567E-01    9.999412E-01    9.999187E-01   -2.204489E-04 
    24   -4.759347E-01    9.999621E-01    9.999473E-01    6.377797E-05 
    25   -4.749326E-01    9.999556E-01    9.999382E-01    1.956835E-04 
    26   -4.739194E-01    9.999436E-01    9.999214E-01    1.368916E-04 
    27   -4.729206E-01    9.999449E-01    9.999231E-01   -4.597656E-05 
    28   -4.719282E-01    9.999671E-01    9.999541E-01   -1.298076E-04 
    29   -4.709305E-01    9.999834E-01    9.999768E-01    1.555599E-05 
    30   -4.699376E-01    9.999893E-01    9.999852E-01   -7.573638E-06 
    31   -4.689253E-01    9.999895E-01    9.999854E-01    9.081681E-05 
    32   -4.679163E-01    9.999809E-01    9.999735E-01    8.030484E-05 
    33   -4.669163E-01    9.999772E-01    9.999682E-01    1.101875E-05 
    34   -4.659222E-01    9.999828E-01    9.999759E-01   -3.707035E-05 
    35   -4.649272E-01    9.999932E-01    9.999906E-01   -7.099450E-05 
    36   -4.639238E-01    9.999990E-01    9.999986E-01    2.338647E-05 
    37   -4.629172E-01    9.999938E-01    9.999914E-01    9.012734E-05 
    38   -4.619142E-01    9.999852E-01    9.999793E-01    6.513923E-05 
    39   -4.609146E-01    9.999843E-01    9.999781E-01   -6.382511E-06 
    40   -4.599161E-01    9.999923E-01    9.999892E-01   -4.506750E-05 
    41   -4.589173E-01    1.000000E+00    1.000000E+00   -1.726701E-05 
    42   -4.579153E-01    1.000002E+00    1.000003E+00    4.200134E-05 
    43   -4.569127E-01    9.999988E-01    9.999984E-01    5.017414E-05 
    44   -4.559104E-01    9.999958E-01    9.999942E-01    3.199938E-05 
    45   -4.549092E-01    9.999965E-01    9.999951E-01    6.402853E-06 
    46   -4.539096E-01    1.000001E+00    1.000001E+00   -1.619055E-05 
    47   -4.529100E-01    1.000005E+00    1.000006E+00   -1.244677E-07 
    48   -4.519089E-01    1.000006E+00    1.000008E+00    2.520571E-05 
    49   -4.509068E-01    1.000004E+00    1.000006E+00    3.538519E-05 
    50   -4.499050E-01    1.000002E+00    1.000003E+00    2.939548E-05 
    51   -4.489039E-01    1.000002E+00    1.000003E+00    1.039932E-05 
    52   -4.479036E-01    1.000005E+00    1.000007E+00   -5.312471E-06 
    53   -4.469034E-01    1.000007E+00    1.000010E+00    5.022217E-06 
    54   -4.459024E-01    1.000008E+00    1.000011E+00    2.376152E-05 
    55   -4.449009E-01    1.000007E+00    1.000010E+00    2.929357E-05 
    56   -4.438995E-01    1.000006E+00    1.000009E+00    2.547496E-05 
    57   -4.428983E-01    1.000006E+00    1.000009E+00    1.410667E-05 
    58   -4.418976E-01    1.000008E+00    1.000011E+00    5.231799E-06 
    59   -4.408971E-01    1.000009E+00    1.000013E+00    1.109344E-05 
    60   -4.398962E-01    1.000010E+00    1.000014E+00    2.085848E-05 
    61   -4.388950E-01    1.000009E+00    1.000013E+00    2.425954E-05 
    62   -4.378937E-01    1.000009E+00    1.000012E+00    2.274475E-05 
    63   -4.368925E-01    1.000009E+00    1.000012E+00    1.559345E-05 
    64   -4.358917E-01    1.000009E+00    1.000013E+00    9.318986E-06 
    65   -4.348910E-01    1.000011E+00    1.000015E+00    1.209948E-05 
    66   -4.338901E-01    1.000011E+00    1.000015E+00    2.022316E-05 
    67   -4.328890E-01    1.000011E+00    1.000016E+00    2.358883E-05 
    68   -4.318878E-01    1.000011E+00    1.000015E+00    2.313942E-05 
    69   -4.308867E-01    1.000011E+00    1.000016E+00    1.860486E-05 
    70   -4.298858E-01    1.000012E+00    1.000017E+00    1.460199E-05 
    71   -4.288850E-01    1.000014E+00    1.000019E+00    1.637454E-05 
    72   -4.278841E-01    1.000014E+00    1.000020E+00    2.146856E-05 
    73   -4.268831E-01    1.000014E+00    1.000020E+00    2.407091E-05 
    74   -4.258820E-01    1.000014E+00    1.000019E+00    2.498758E-05 
    75   -4.248809E-01    1.000013E+00    1.000019E+00    2.254828E-05 
    76   -4.238799E-01    1.000014E+00    1.000019E+00    1.967394E-05 
    77   -4.228790E-01    1.000014E+00    1.000019E+00    1.911023E-05 
    78   -4.218781E-01    1.000014E+00    1.000019E+00    2.090279E-05 
    79   -4.208771E-01    1.000014E+00    1.000019E+00    2.157504E-05 
    80   -4.198761E-01    1.000014E+00    1.000019E+00    2.120893E-05 
    81   -4.188750E-01    1.000014E+00    1.000019E+00    1.899661E-05 
    82   -4.178740E-01    1.000014E+00    1.000019E+00    1.656263E-05 
    83   -4.168731E-01    1.000014E+00    1.000020E+00    1.627136E-05 
    84   -4.158722E-01    1.000015E+00    1.000021E+00    2.067374E-05 
    85   -4.148712E-01    1.000016E+00    1.000022E+00    2.563683E-05 
    86   -4.138701E-01    1.000016E+00    1.000023E+00    2.693175E-05 
    87   -4.128691E-01    1.000017E+00    1.000024E+00    2.575016E-05 
    88   -4.118681E-01    1.000018E+00    1.000025E+00    2.421555E-05 
    89   -4.108671E-01    1.000019E+00    1.000027E+00    2.423779E-05 
    90   -4.098662E-01    1.000020E+00    1.000028E+00    2.614561E-05 
    91   -4.088653E-01    1.000020E+00    1.000028E+00    2.796911E-05 
    92   -4.078643E-01    1.000020E+00    1.000028E+00    2.908830E-05 
    93   -4.068632E-01    1.000020E+00    1.000028E+00    2.878555E-05 
    94   -4.058622E-01    1.000020E+00    1.000028E+00    2.755039E-05 
    95   -4.048613E-01    1.000020E+00    1.000027E+00    2.639339E-05 
    96   -4.038603E-01    1.000020E+00    1.000028E+00    2.632160E-05 
    97   -4.028594E-01    1.000020E+00    1.000028E+00    2.845835E-05 
    98   -4.018584E-01    1.000020E+00    1.000028E+00    2.825788E-05 
    99   -4.008574E-01    1.000021E+00    1.000029E+00    2.705580E-05 
   100   -3.998563E-01    1.000021E+00    1.000030E+00    2.591711E-05 
   101   -3.988554E-01    1.000022E+00    1.000031E+00    2.574462E-05 
   102   -3.978544E-01    1.000023E+00    1.000032E+00    2.824037E-05 
   103   -3.968535E-01    1.000024E+00    1.000033E+00    3.214448E-05 
   104   -3.958525E-01    1.000024E+00    1.000033E+00    3.396016E-05 
   105   -3.948515E-01    1.000024E+00    1.000034E+00    3.407154E-05 
   106   -3.938505E-01    1.000024E+00    1.000034E+00    3.356152E-05 
   107   -3.928495E-01    1.000024E+00    1.000034E+00    3.307484E-05 
   108   -3.918486E-01    1.000024E+00    1.000034E+00    3.292605E-05 
   109   -3.908476E-01    1.000023E+00    1.000032E+00    3.286644E-05 
   110   -3.898466E-01    1.000022E+00    1.000031E+00    3.245273E-05 
   111   -3.888456E-01    1.000020E+00    1.000028E+00    3.133267E-05 
   112   -3.878446E-01    1.000018E+00    1.000024E+00    2.938803E-05 
   113   -3.868436E-01    1.000015E+00    1.000020E+00    2.676242E-05 
   114   -3.858427E-01    1.000011E+00    1.000015E+00    2.362199E-05 
   115   -3.848417E-01    1.000007E+00    1.000009E+00    1.995424E-05 
   116   -3.838407E-01    1.000001E+00    1.000002E+00    1.547148E-05 
   117   -3.828397E-01    9.999950E-01    9.999930E-01    9.895963E-06 
   118   -3.818387E-01    9.999877E-01    9.999828E-01    3.053561E-06 
   119   -3.808377E-01    9.999794E-01    9.999712E-01   -5.086167E-06 
   120   -3.798367E-01    9.999700E-01    9.999580E-01   -1.433019E-05 
   121   -3.788356E-01    9.999594E-01    9.999431E-01   -2.475196E-05 
   122   -3.778346E-01    9.999474E-01    9.999264E-01   -3.663690E-05 
   123   -3.768336E-01    9.999340E-01    9.999076E-01   -4.991609E-05 
   124   -3.758325E-01    9.999192E-01    9.998869E-01   -6.502762E-05 
   125   -3.748314E-01    9.999029E-01    9.998641E-01   -8.216695E-05 
   126   -3.738303E-01    9.998852E-01    9.998392E-01   -1.007167E-04 
   127   -3.728292E-01    9.998660E-01    9.998124E-01   -1.215163E-04 
   128   -3.718280E-01    9.998456E-01    9.997839E-01   -1.445106E-04 
   129   -3.708269E-01    9.998246E-01    9.997544E-01   -1.687570E-04 
   130   -3.698257E-01    9.998039E-01    9.997254E-01   -1.969744E-04 
   131   -3.688245E-01    9.997851E-01    9.996991E-01   -2.274523E-04 
   132   -3.678232E-01    9.997703E-01    9.996785E-01   -2.583785E-04 
   133   -3.668220E-01    9.997624E-01    9.996673E-01   -2.949890E-04 
   134   -3.658207E-01    9.997641E-01    9.996698E-01   -3.293813E-04 
   135   -3.648194E-01    9.997785E-01    9.996899E-01   -3.388416E-04 
   136   -3.638181E-01    9.998078E-01    9.997309E-01   -3.113247E-04 
   137   -3.628168E-01    9.998535E-01    9.997948E-01   -2.530323E-04 
   138   -3.618156E-01    9.999157E-01    9.998820E-01   -1.708261E-04 
   139   -3.608145E-01    9.999936E-01    9.999910E-01   -6.679887E-05 
   140   -3.598135E-01    1.000085E+00    1.000119E+00    5.590796E-05 
   141   -3.588126E-01    1.000187E+00    1.000261E+00    1.929011E-04 
   142   -3.578118E-01    1.000295E+00    1.000413E+00    3.389584E-04 
   143   -3.568112E-01    1.000407E+00    1.000570E+00    4.885374E-04 
   144   -3.558106E-01    1.000519E+00    1.000727E+00    6.363888E-04 
   145   -3.548102E-01    1.000628E+00    1.000880E+00    7.779751E-04 
   146   -3.538099E-01    1.000731E+00    1.001024E+00    9.096599E-04 
   147   -3.528098E-01    1.000826E+00    1.001156E+00    1.028686E-03 
   148   -3.518097E-01    1.000910E+00    1.001275E+00    1.133019E-03 
   149   -3.508097E-01    1.000984E+00    1.001378E+00    1.221462E-03 
   150   -3.498098E-01    1.001046E+00    1.001464E+00    1.293607E-03 
   151   -3.488099E-01    1.001096E+00    1.001534E+00    1.349786E-03 
   152   -3.478100E-01    1.001135E+00    1.001589E+00    1.390960E-03 
   153   -3.468102E-01    1.001164E+00    1.001629E+00    1.418426E-03 
   154   -3.458104E-01    1.001183E+00    1.001657E+00    1.434415E-03 
   155   -3.448107E-01    1.001196E+00    1.001674E+00    1.442250E-03 
   156   -3.438109E-01    1.001201E+00    1.001682E+00    1.444765E-03 
   157   -3.428111E-01    1.001202E+00    1.001683E+00    1.443638E-03 
   158   -3.418113E-01    1.001198E+00    1.001678E+00    1.439684E-03 
   159   -3.408115E-01    1.001191E+00    1.001667E+00    1.432919E-03 
   160   -3.398117E-01    1.001180E+00    1.001653E+00    1.423183E-03 
   161   -3.388119E-01    1.001167E+00    1.001635E+00    1.410535E-03 
   162   -3.378121E-01    1.001152E+00    1.001613E+00    1.395121E-03 
   163   -3.368122E-01    1.001135E+00    1.001589E+00    1.377094E-03 
   164   -3.358123E-01    1.001115E+00    1.001562E+00    1.356572E-03 
   165   -3.348125E-01    1.001094E+00    1.001532E+00    1.333673E-03 
   166   -3.338125E-01    1.001071E+00    1.001500E+00    1.308528E-03 
   167   -3.328126E-01    1.001047E+00    1.001466E+00    1.281278E-03 
   168   -3.318126E-01    1.001021E+00    1.001430E+00    1.252082E-03 
   169   -3.308127E-01    1.000994E+00    1.001391E+00    1.221102E-03 
   170   -3.298126E-01    1.000965E+00    1.001352E+00    1.188511E-03 
   171   -3.288126E-01    1.000936E+00    1.001310E+00    1.154484E-03 
   172   -3.278125E-01    1.000905E+00    1.001268E+00    1.119201E-03 
   173   -3.268124E-01    1.000874E+00    1.001224E+00    1.082844E-03 
   174   -3.258123E-01    1.000843E+00    1.001180E+00    1.045596E-03 
   175   -3.248121E-01    1.000811E+00    1.001135E+00    1.007638E-03 
   176   -3.238119E-01    1.000778E+00    1.001090E+00    9.691498E-04 
   177   -3.228117E-01    1.000746E+00    1.001044E+00    9.303056E-04 
   178   -3.218114E-01    1.000713E+00    1.000999E+00    8.912752E-04 
   179   -3.208111E-01    1.000681E+00    1.000953E+00    8.522220E-04 
   180   -3.198107E-01    1.000649E+00    1.000908E+00    8.133016E-04 
   181   -3.188104E-01    1.000617E+00    1.000864E+00    7.746612E-04 
   182   -3.178100E-01    1.000586E+00    1.000820E+00    7.364392E-04 
   183   -3.168095E-01    1.000555E+00    1.000777E+00    6.987636E-04 
   184   -3.158091E-01    1.000525E+00    1.000735E+00    6.617527E-04 
   185   -3.148086E-01    1.000495E+00    1.000693E+00    6.255135E-04 
   186   -3.138081E-01    1.000467E+00    1.000653E+00    5.901428E-04 
   187   -3.128075E-01    1.000439E+00    1.000614E+00    5.557257E-04 
   188   -3.118069E-01    1.000412E+00    1.000577E+00    5.223369E-04 
   189   -3.108063E-01    1.000386E+00    1.000540E+00    4.900401E-04 
   190   -3.098057E-01    1.000361E+00    1.000505E+00    4.588881E-04 
   191   -3.088050E-01    1.000337E+00    1.000472E+00    4.289239E-04 
   192   -3.078043E-01    1.000314E+00    1.000440E+00    4.001803E-04 
   193   -3.068036E-01    1.000292E+00    1.000409E+00    3.726807E-04 
   194   -3.058029E-01    1.000271E+00    1.000380E+00    3.464397E-04 
   195   -3.048022E-01    1.000251E+00    1.000352E+00    3.214635E-04 
   196   -3.038014E-01    1.000233E+00    1.000326E+00    2.977507E-04 
   197   -3.028006E-01    1.000215E+00    1.000301E+00    2.752927E-04 
   198   -3.017998E-01    1.000198E+00    1.000277E+00    2.540744E-04 
   199   -3.007990E-01    1.000182E+00    1.000255E+00    2.340752E-04 
   200   -2.997982E-01    1.000168E+00    1.000235E+00    2.152690E-04 
   201   -2.987973E-01    1.000154E+00    1.000215E+00    1.976254E-04 
   202   -2.977965E-01    1.000141E+00    1.000197E+00    1.811102E-04 
   203   -2.967956E-01    1.000129E+00    1.000180E+00    1.656858E-04 
   204   -2.957947E-01    1.000117E+00    1.000164E+00    1.513121E-04 
   205   -2.947938E-01    1.000107E+00    1.000150E+00    1.379466E-04 
   206   -2.937929E-01    1.000097E+00    1.000136E+00    1.255454E-04 
   207   -2.927920E-01    1.000088E+00    1.000124E+00    1.140634E-04 
   208   -2.917911E-01    1.000080E+00    1.000112E+00    1.034549E-04 
   209   -2.907902E-01    1.000072E+00    1.000101E+00    9.367370E-05 
   210   -2.897892E-01    1.000065E+00    1.000092E+00    8.467392E-05 
   211   -2.887883E-01    1.000059E+00    1.000083E+00    7.640996E-05 
   212   -2.877874E-01    1.000053E+00    1.000074E+00    6.883694E-05 
   213   -2.867864E-01    1.000048E+00    1.000067E+00    6.191093E-05 
   214   -2.857855E-01    1.000043E+00    1.000060E+00    5.558914E-05 
   215   -2.847845E-01    1.000038E+00    1.000054E+00    4.983016E-05 
   216   -2.837835E-01    1.000034E+00    1.000048E+00    4.459404E-05 
   217   -2.827826E-01    1.000031E+00    1.000043E+00    3.984244E-05 
   218   -2.817816E-01    1.000027E+00    1.000038E+00    3.553871E-05 
   219   -2.807806E-01    1.000024E+00    1.000034E+00    3.164800E-05 
   220   -2.797796E-01    1.000022E+00    1.000030E+00    2.813721E-05 
   221   -2.787786E-01    1.000019E+00    1.000027E+00    2.497511E-05 
   222   -2.777777E-01    1.000017E+00    1.000024E+00    2.213226E-05 
   223   -2.767767E-01    1.000015E+00    1.000021E+00    1.958105E-05 
   224   -2.757757E-01    1.000013E+00    1.000019E+00    1.729564E-05 
   225   -2.747747E-01    1.000012E+00    1.000016E+00    1.525196E-05 
   226   -2.737737E-01    1.000010E+00    1.000014E+00    1.342758E-05 
   227   -2.727727E-01    1.000009E+00    1.000013E+00    1.180173E-05 
   228   -2.717717E-01    1.000008E+00    1.000011E+00    1.035520E-05 
   229   -2.707707E-01    1.000007E+00    1.000010E+00    9.070274E-06 
   230   -2.697697E-01    1.000006E+00    1.000009E+00    7.930636E-06 
   231   -2.687687E-01    1.000005E+00    1.000007E+00    6.921316E-06 
   232   -2.677677E-01    1.000005E+00    1.000007E+00    6.028597E-06 
   233   -2.667667E-01    1.000004E+00    1.000006E+00    5.239936E-06 
   234   -2.657657E-01    1.000004E+00    1.000005E+00    4.543887E-06 
   235   -2.647647E-01    1.000003E+00    1.000004E+00    3.930015E-06 
   236   -2.637637E-01    1.000003E+00    1.000004E+00    3.388819E-06 
   237   -2.627627E-01    1.000002E+00    1.000003E+00    2.911657E-06 
   238   -2.617618E-01    1.000002E+00    1.000003E+00    2.490668E-06 
   239   -2.607608E-01    1.000002E+00    1.000003E+00    2.118703E-06 
   240   -2.597598E-01    1.000002E+00    1.000002E+00    1.789251E-06 
   241   -2.587588E-01    1.000001E+00    1.000002E+00    1.496371E-06 
   242   -2.577578E-01    1.000001E+00    1.000002E+00    1.234633E-06 
   243   -2.567568E-01    1.000001E+00    1.000002E+00    9.990482E-07 
   244   -2.557558E-01    1.000001E+00    1.000001E+00    7.850135E-07 
   245   -2.547548E-01    1.000001E+00    1.000001E+00    5.882536E-07 
   246   -2.537538E-01    1.000001E+00    1.000001E+00    4.047657E-07 
   247   -2.527528E-01    1.000001E+00    1.000001E+00    2.307670E-07 
   248   -2.517518E-01    1.000001E+00    1.000001E+00    6.264381E-08 
   249   -2.507508E-01    1.000001E+00    1.000001E+00   -1.030965E-07 
   250   -2.497498E-01    1.000001E+00    1.000001E+00   -2.698729E-07 
   251   -2.487488E-01    1.000001E+00    1.000001E+00   -4.410754E-07 
   252   -2.477478E-01    1.000001E+00    1.000001E+00   -6.201092E-07 
   253   -2.467468E-01    1.000001E+00    1.000001E+00   -8.104361E-07 
   254   -2.457458E-01    1.000001E+00    1.000002E+00   -1.015616E-06 
   255   -2.447448E-01    1.000001E+00    1.000002E+00   -1.239346E-06 
   256   -2.437438E-01    1.000001E+00    1.000002E+00   -1.485498E-06 
   257   -2.427428E-01    1.000002E+00    1.000002E+00   -1.758155E-06 
   258   -2.417418E-01    1.000002E+00    1.000002E+00   -2.061647E-06 
   259   -2.407408E-01    1.000002E+00    1.000003E+00   -2.400581E-06 
   260   -2.397398E-01    1.000002E+00    1.000003E+00   -2.779876E-06 
   261   -2.387388E-01    1.000003E+00    1.000004E+00   -3.204787E-06 
   262   -2.377378E-01    1.000003E+00    1.000004E+00   -3.680932E-06 
   263   -2.367368E-01    1.000003E+00    1.000005E+00   -4.214314E-06 
   264   -2.357358E-01    1.000004E+00    1.000005E+00   -4.811340E-06 
   265   -2.347348E-01    1.000004E+00    1.000006E+00   -5.478830E-06 
   266   -2.337338E-01    1.000005E+00    1.000007E+00   -6.224030E-06 
   267   -2.327328E-01    1.000005E+00    1.000008E+00   -7.054608E-06 
   268   -2.317318E-01    1.000006E+00    1.000009E+00   -7.978653E-06 
   269   -2.307308E-01    1.000007E+00    1.000010E+00   -9.004659E-06 
   270   -2.297298E-01    1.000008E+00    1.000011E+00   -1.014150E-05 
   271   -2.287288E-01    1.000009E+00    1.000012E+00   -1.139840E-05 
   272   -2.277278E-01    1.000010E+00    1.000014E+00   -1.278488E-05 
   273   -2.267268E-01    1.000011E+00    1.000015E+00   -1.431072E-05 
   274   -2.257258E-01    1.000012E+00    1.000017E+00   -1.598587E-05 
   275   -2.247248E-01    1.000014E+00    1.000019E+00   -1.782035E-05 
   276   -2.237238E-01    1.000015E+00    1.000021E+00   -1.982421E-05 
   277   -2.227229E-01    1.000017E+00    1.000024E+00   -2.200732E-05 
   278   -2.217219E-01    1.000019E+00    1.000026E+00   -2.437933E-05 
   279   -2.207209E-01    1.000021E+00    1.000029E+00   -2.694943E-05 
   280   -2.197199E-01    1.000023E+00    1.000032E+00   -2.972625E-05 
   281   -2.187189E-01    1.000025E+00    1.000035E+00   -3.271762E-05 
   282   -2.177180E-01    1.000028E+00    1.000039E+00   -3.593039E-05 
   283   -2.167170E-01    1.000030E+00    1.000043E+00   -3.937018E-05 
   284   -2.157160E-01    1.000033E+00    1.000047E+00   -4.304116E-05 
   285   -2.147151E-01    1.000036E+00    1.000051E+00   -4.694576E-05 
   286   -2.137141E-01    1.000040E+00    1.000056E+00   -5.108444E-05 
   287   -2.127131E-01    1.000043E+00    1.000060E+00   -5.545535E-05 
   288   -2.117122E-01    1.000047E+00    1.000065E+00   -6.005409E-05 
   289   -2.107112E-01    1.000051E+00    1.000071E+00   -6.487337E-05 
   290   -2.097103E-01    1.000055E+00    1.000076E+00   -6.990275E-05 
   291   -2.087093E-01    1.000059E+00    1.000082E+00   -7.512831E-05 
   292   -2.077084E-01    1.000063E+00    1.000088E+00   -8.053238E-05 
   293   -2.067074E-01    1.000067E+00    1.000094E+00   -8.609327E-05 
   294   -2.057065E-01    1.000072E+00    1.000101E+00   -9.178503E-05 
   295   -2.047056E-01    1.000077E+00    1.000107E+00   -9.757720E-05 
   296   -2.037047E-01    1.000082E+00    1.000114E+00   -1.034347E-04 
   297   -2.027037E-01    1.000086E+00    1.000121E+00   -1.093175E-04 
   298   -2.017028E-01    1.000091E+00    1.000128E+00   -1.151809E-04 
   299   -2.007019E-01    1.000096E+00    1.000134E+00   -1.209748E-04 
   300   -1.997010E-01    1.000101E+00    1.000141E+00   -1.266440E-04 
   301   -1.987001E-01    1.000105E+00    1.000147E+00   -1.321286E-04 
   302   -1.976992E-01    1.000110E+00    1.000154E+00   -1.373639E-04 
   303   -1.966983E-01    1.000114E+00    1.000160E+00   -1.422813E-04 
   304   -1.956975E-01    1.000118E+00    1.000165E+00   -1.468059E-04 
   305   -1.946966E-01    1.000121E+00    1.000170E+00   -1.508481E-04 
   306   -1.936957E-01    1.000124E+00    1.000174E+00   -1.542935E-04 
   307   -1.926948E-01    1.000127E+00    1.000177E+00   -1.570319E-04 
   308   -1.916940E-01    1.000128E+00    1.000179E+00   -1.589796E-04 
   309   -1.906931E-01    1.000128E+00    1.000179E+00   -1.600301E-04 
   310   -1.896922E-01    1.000125E+00    1.000175E+00   -1.599811E-04 
   311   -1.886914E-01    1.000120E+00    1.000168E+00   -1.582544E-04 
   312   -1.876905E-01    1.000110E+00    1.000154E+00   -1.536525E-04 
   313   -1.866896E-01    1.000095E+00    1.000133E+00   -1.442109E-04 
   314   -1.856887E-01    1.000072E+00    1.000101E+00   -1.275258E-04 
   315   -1.846878E-01    1.000040E+00    1.000056E+00   -1.011290E-04 
   316   -1.836869E-01    9.999942E-01    9.999919E-01   -6.207154E-05 
   317   -1.826859E-01    9.999326E-01    9.999056E-01   -6.637091E-06 
   318   -1.816849E-01    9.998509E-01    9.997912E-01    6.963599E-05 
   319   -1.806838E-01    9.997443E-01    9.996420E-01    1.719647E-04 
   320   -1.796826E-01    9.996077E-01    9.994507E-01    3.065507E-04 
   321   -1.786813E-01    9.994347E-01    9.992085E-01    4.804609E-04 
   322   -1.776798E-01    9.992185E-01    9.989058E-01    7.019046E-04 
   323   -1.766781E-01    9.989513E-01    9.985318E-01    9.800909E-04 
   324   -1.756762E-01    9.986246E-01    9.980745E-01    1.325395E-03 
   325   -1.746739E-01    9.982291E-01    9.975210E-01    1.749234E-03 
   326   -1.736713E-01    9.977550E-01    9.968573E-01    2.264042E-03 
   327   -1.726681E-01    9.971915E-01    9.960689E-01    2.883185E-03 
   328   -1.716644E-01    9.965278E-01    9.951404E-01    3.620727E-03 
   329   -1.706600E-01    9.957528E-01    9.940563E-01    4.491330E-03 
   330   -1.696548E-01    9.948550E-01    9.928010E-01    5.509877E-03 
   331   -1.686487E-01    9.938235E-01    9.913591E-01    6.691304E-03 
   332   -1.676416E-01    9.926478E-01    9.897162E-01    8.050126E-03 
   333   -1.666332E-01    9.913179E-01    9.878587E-01    9.600177E-03 
   334   -1.656233E-01    9.898251E-01    9.857748E-01    1.135417E-02 
   335   -1.646120E-01    9.881618E-01    9.834543E-01    1.332326E-02 
   336   -1.635988E-01    9.863222E-01    9.808893E-01    1.551679E-02 
   337   -1.625836E-01    9.843019E-01    9.780745E-01    1.794170E-02 
   338   -1.615663E-01    9.820986E-01    9.750073E-01    2.060254E-02 
   339   -1.605466E-01    9.797121E-01    9.716880E-01    2.350101E-02 
   340   -1.595243E-01    9.771443E-01    9.681201E-01    2.663611E-02 
   341   -1.584992E-01    9.743991E-01    9.643097E-01    3.000403E-02 
   342   -1.574710E-01    9.714825E-01    9.602660E-01    3.359816E-02 
   343   -1.564396E-01    9.684022E-01    9.560006E-01    3.740935E-02 
   344   -1.554048E-01    9.651677E-01    9.515273E-01    4.142588E-02 
   345   -1.543664E-01    9.617895E-01    9.468617E-01    4.563403E-02 
   346   -1.533242E-01    9.582794E-01    9.420209E-01    5.001841E-02 
   347   -1.522781E-01    9.546495E-01    9.370223E-01    5.456260E-02 
   348   -1.512278E-01    9.509124E-01    9.318840E-01    5.924989E-02 
   349   -1.501733E-01    9.470802E-01    9.266233E-01    6.406377E-02 
   350   -1.491144E-01    9.431645E-01    9.212568E-01    6.898863E-02 
   351   -1.480510E-01    9.391754E-01    9.157989E-01    7.401006E-02 
   352   -1.469830E-01    9.351215E-01    9.102618E-01    7.911543E-02 
   353   -1.459103E-01    9.310089E-01    9.046542E-01    8.429441E-02 
   354   -1.448328E-01    9.268410E-01    8.989812E-01    8.953971E-02 
   355   -1.437504E-01    9.226181E-01    8.932437E-01    9.484804E-02 
   356   -1.426630E-01    9.183372E-01    8.874380E-01    1.002206E-01 
   357   -1.415706E-01    9.139925E-01    8.815566E-01    1.056636E-01 
   358   -1.404729E-01    9.095753E-01    8.755883E-01    1.111986E-01 
   359   -1.393699E-01    9.050751E-01    8.695194E-01    1.168506E-01 
   360   -1.382614E-01    9.004800E-01    8.633348E-01    1.226450E-01 
   361   -1.371472E-01    8.957786E-01    8.570198E-01    1.286065E-01 
   362   -1.360271E-01    8.909608E-01    8.505620E-01    1.347571E-01 
   363   -1.349009E-01    8.860192E-01    8.439527E-01    1.411138E-01 
   364   -1.337683E-01    8.809508E-01    8.371889E-01    1.476889E-01 
   365   -1.326290E-01    8.757572E-01    8.302742E-01    1.544892E-01 
   366   -1.314829E-01    8.704453E-01    8.232190E-01    1.615153E-01 
   367   -1.303296E-01    8.650269E-01    8.160401E-01    1.687491E-01 
   368   -1.291688E-01    8.595179E-01    8.087597E-01    1.761659E-01 
   369   -1.280005E-01    8.539367E-01    8.014031E-01    1.837367E-01 
   370   -1.268244E-01    8.483029E-01    7.939968E-01    1.914278E-01 
   371   -1.256403E-01    8.426359E-01    7.865668E-01    1.992042E-01 
   372   -1.244482E-01    8.369537E-01    7.791371E-01    2.070330E-01 
   373   -1.232479E-01    8.312716E-01    7.717279E-01    2.148871E-01 
   374   -1.220393E-01    8.256018E-01    7.643550E-01    2.227465E-01 
   375   -1.208223E-01    8.199527E-01    7.570292E-01    2.305986E-01 
   376   -1.195970E-01    8.143297E-01    7.497572E-01    2.384386E-01 
   377   -1.183633E-01    8.087351E-01    7.425420E-01    2.462887E-01 
   378   -1.171210E-01    8.031696E-01    7.353839E-01    2.541669E-01 
   379   -1.158701E-01    7.976327E-01    7.282824E-01    2.620634E-01 
   380   -1.146105E-01    7.921241E-01    7.212369E-01    2.699656E-01 
   381   -1.133422E-01    7.866445E-01    7.142480E-01    2.778634E-01 
   382   -1.120650E-01    7.811958E-01    7.073179E-01    2.857469E-01 
   383   -1.107788E-01    7.757818E-01    7.004513E-01    2.936290E-01 
   384   -1.094837E-01    7.704086E-01    6.936557E-01    3.015193E-01 
   385   -1.081795E-01    7.650844E-01    6.869409E-01    3.094001E-01 
   386   -1.068661E-01    7.598186E-01    6.803181E-01    3.172521E-01 
   387   -1.055437E-01    7.546202E-01    6.737984E-01    3.250538E-01 
   388   -1.042121E-01    7.494969E-01    6.673905E-01    3.327801E-01 
   389   -1.028715E-01    7.444541E-01    6.611005E-01    3.404076E-01 
   390   -1.015218E-01    7.394942E-01    6.549306E-01    3.479177E-01 
   391   -1.001631E-01    7.346165E-01    6.488791E-01    3.553011E-01 
   392   -9.879538E-02    7.298164E-01    6.429396E-01    3.625612E-01 
   393   -9.741879E-02    7.250841E-01    6.370992E-01    3.697140E-01 
   394   -9.603331E-02    7.204026E-01    6.313363E-01    3.767890E-01 
   395   -9.463893E-02    7.157460E-01    6.256187E-01    3.838244E-01 
   396   -9.323560E-02    7.110793E-01    6.199031E-01    3.908666E-01 
   397   -9.182322E-02    7.063596E-01    6.141374E-01    3.979941E-01 
   398   -9.040151E-02    7.015396E-01    6.082647E-01    4.052955E-01 
   399   -8.897004E-02    6.965737E-01    6.022306E-01    4.128596E-01 
   400   -8.752825E-02    6.914236E-01    5.959906E-01    4.207720E-01 
   401   -8.607555E-02    6.860643E-01    5.895167E-01    4.291064E-01 
   402   -8.461120E-02    6.804866E-01    5.828006E-01    4.379173E-01 
   403   -8.313445E-02    6.746987E-01    5.758547E-01    4.472311E-01 
   404   -8.164458E-02    6.687243E-01    5.687103E-01    4.570135E-01 
   405   -8.014097E-02    6.625996E-01    5.614129E-01    4.671926E-01 
   406   -7.862309E-02    6.563679E-01    5.540163E-01    4.776689E-01 
   407   -7.709045E-02    6.500769E-01    5.465779E-01    4.883282E-01 
   408   -7.554267E-02    6.437745E-01    5.391555E-01    4.990598E-01 
   409   -7.397954E-02    6.375067E-01    5.318030E-01    5.097745E-01 
   410   -7.240092E-02    6.313130E-01    5.245661E-01    5.204111E-01 
   411   -7.080679E-02    6.252218E-01    5.174766E-01    5.309320E-01 
   412   -6.919721E-02    6.192461E-01    5.105484E-01    5.413221E-01 
   413   -6.757228E-02    6.133828E-01    5.037764E-01    5.515827E-01 
   414   -6.593206E-02    6.076160E-01    4.971409E-01    5.617550E-01 
   415   -6.427645E-02    6.019244E-01    4.906165E-01    5.719165E-01 
   416   -6.260525E-02    5.962892E-01    4.841809E-01    5.820666E-01 
   417   -6.091826E-02    5.907010E-01    4.778232E-01    5.921878E-01 
   418   -5.921527E-02    5.851631E-01    4.715466E-01    6.022665E-01 
   419   -5.749607E-02    5.796921E-01    4.653694E-01    6.123363E-01 
   420   -5.576050E-02    5.743178E-01    4.593245E-01    6.223940E-01 
   421   -5.400861E-02    5.690807E-01    4.534559E-01    6.323597E-01 
   422   -5.224057E-02    5.640261E-01    4.478124E-01    6.421306E-01 
   423   -5.045678E-02    5.592003E-01    4.424435E-01    6.515704E-01 
   424   -4.865777E-02    5.546504E-01    4.373986E-01    6.605237E-01 
   425   -4.684425E-02    5.504281E-01    4.327318E-01    6.688374E-01 
   426   -4.501710E-02    5.465960E-01    4.285085E-01    6.763731E-01 
   427   -4.317748E-02    5.432325E-01    4.248108E-01    6.830037E-01 
   428   -4.132692E-02    5.404326E-01    4.217385E-01    6.885877E-01 
   429   -3.946740E-02    5.382980E-01    4.193984E-01    6.929405E-01 
   430   -3.760137E-02    5.369061E-01    4.178711E-01    6.958727E-01 
   431   -3.573169E-02    5.362597E-01    4.171566E-01    6.970567E-01 
   432   -3.386195E-02    5.362545E-01    4.171405E-01    6.961919E-01 
   433   -3.199446E-02    5.367094E-01    4.176254E-01    6.944987E-01 
   434   -3.012963E-02    5.374431E-01    4.184141E-01    6.926068E-01 
   435   -2.826774E-02    5.383261E-01    4.193658E-01    6.905981E-01 
   436   -2.640933E-02    5.392787E-01    4.203941E-01    6.885847E-01 
   437   -2.455463E-02    5.402473E-01    4.214401E-01    6.866659E-01 
   438   -2.270324E-02    5.411928E-01    4.224612E-01    6.848693E-01 
   439   -2.085505E-02    5.420882E-01    4.234279E-01    6.831975E-01 
   440   -1.900991E-02    5.429145E-01    4.243190E-01    6.816738E-01 
   441   -1.716759E-02    5.436562E-01    4.251176E-01    6.803277E-01 
   442   -1.532765E-02    5.443047E-01    4.258140E-01    6.791667E-01 
   443   -1.348959E-02    5.448610E-01    4.264090E-01    6.781786E-01 
   444   -1.165334E-02    5.453319E-01    4.269100E-01    6.773560E-01 
   445   -9.818501E-03    5.457259E-01    4.273265E-01    6.766955E-01 
   446   -7.984749E-03    5.460504E-01    4.276667E-01    6.761808E-01 
   447   -6.152115E-03    5.463141E-01    4.279394E-01    6.757786E-01 
   448   -4.320135E-03    5.465279E-01    4.281564E-01    6.754533E-01 
   449   -2.488655E-03    5.467025E-01    4.283296E-01    6.751897E-01 
   450   -6.578436E-04    5.468457E-01    4.284683E-01    6.749784E-01 
   451    1.172533E-03    5.469642E-01    4.285800E-01    6.748018E-01 
   452    3.002722E-03    5.470659E-01    4.286722E-01    6.746419E-01 
   453    4.832593E-03    5.471571E-01    4.287509E-01    6.745022E-01 
   454    6.662121E-03    5.472399E-01    4.288191E-01    6.743858E-01 
   455    8.491244E-03    5.473150E-01    4.288793E-01    6.742821E-01 
   456    1.032035E-02    5.473853E-01    4.289345E-01    6.741833E-01 
   457    1.214937E-02    5.474522E-01    4.289850E-01    6.740953E-01 
   458    1.397769E-02    5.475148E-01    4.290278E-01    6.740192E-01 
   459    1.580601E-02    5.475739E-01    4.290645E-01    6.739424E-01 
   460    1.763456E-02    5.476316E-01    4.290996E-01    6.738705E-01 
   461    1.946246E-02    5.476873E-01    4.291332E-01    6.738105E-01 
   462    2.128994E-02    5.477403E-01    4.291632E-01    6.737522E-01 
   463    2.311790E-02    5.477938E-01    4.291909E-01    6.736885E-01 
   464    2.494561E-02    5.478488E-01    4.292173E-01    6.736379E-01 
   465    2.677251E-02    5.479019E-01    4.292394E-01    6.735968E-01 
   466    2.859947E-02    5.479538E-01    4.292584E-01    6.735421E-01 
   467    3.042695E-02    5.480090E-01    4.292807E-01    6.734859E-01 
   468    3.225373E-02    5.480648E-01    4.293046E-01    6.734528E-01 
   469    3.407957E-02    5.481177E-01    4.293234E-01    6.734192E-01 
   470    3.590626E-02    5.481738E-01    4.293387E-01    6.733585E-01 
   471    3.773326E-02    5.482367E-01    4.293533E-01    6.733158E-01 
   472    3.955861E-02    5.482970E-01    4.293631E-01    6.733043E-01 
   473    4.138358E-02    5.483525E-01    4.293738E-01    6.732666E-01 
   474    4.321035E-02    5.484166E-01    4.293984E-01    6.732017E-01 
   475    4.503624E-02    5.484895E-01    4.294223E-01    6.731791E-01 
   476    4.685980E-02    5.485575E-01    4.294189E-01    6.731961E-01 
   477    4.868485E-02    5.486242E-01    4.294015E-01    6.731329E-01 
   478    5.051098E-02    5.487074E-01    4.294185E-01    6.730566E-01 
   479    5.233504E-02    5.487928E-01    4.294522E-01    6.730872E-01 
   480    5.415749E-02    5.488679E-01    4.294556E-01    6.731207E-01 
   481    5.598221E-02    5.489592E-01    4.294426E-01    6.729702E-01 
   482    5.780670E-02    5.490768E-01    4.294516E-01    6.729317E-01 
   483    5.963119E-02    5.491853E-01    4.294520E-01    6.731150E-01 
   484    6.144884E-02    5.492861E-01    4.294348E-01    6.729449E-01 
   485    6.327172E-02    5.494365E-01    4.294637E-01    6.727761E-01 
   486    6.510528E-02    5.496092E-01    4.295256E-01    6.730176E-01 
   487    6.691437E-02    5.498109E-01    4.295914E-01    6.730651E-01 
   488    6.872585E-02    5.501217E-01    4.296511E-01    6.725597E-01 
   489    7.057437E-02    5.505613E-01    4.296378E-01    6.729658E-01 
   490    7.238680E-02    5.510046E-01    4.293654E-01    6.732126E-01 
   491    7.414983E-02    5.512938E-01    4.286892E-01    6.722385E-01 
   492    7.603527E-02    5.511960E-01    4.276223E-01    6.731528E-01 
   493    7.785880E-02    5.497813E-01    4.255466E-01    6.730157E-01 
   494    7.953710E-02    5.466010E-01    4.230721E-01    6.721676E-01 
   495    8.151944E-02    5.401607E-01    4.221377E-01    6.734442E-01 
   496    8.336120E-02    5.316277E-01    4.251576E-01    6.721496E-01 
   497    8.508585E-02    5.220398E-01    4.305105E-01    6.731237E-01 
   498    8.727898E-02    5.098172E-01    4.356685E-01    6.727206E-01 
   499    8.974370E-02    4.951577E-01    4.484477E-01    6.746098E-01 
   500    8.831269E-02    5.035008E-01    3.505598E-01    6.689525E-01 
   501    9.029837E-02    4.916468E-01    3.721190E-01    6.683956E-01 
   502    9.151579E-02    4.838949E-01    3.947518E-01    6.719096E-01 
   503    9.217995E-02    4.796527E-01    4.162527E-01    6.730762E-01 
   504    9.241035E-02    4.782580E-01    4.336608E-01    6.722639E-01 
   505    9.290885E-02    4.754301E-01    4.424681E-01    6.703786E-01 
   506    9.384687E-02    4.705797E-01    4.437346E-01    6.722106E-01 
   507    9.439319E-02    4.679900E-01    4.432774E-01    6.747947E-01 
   508    9.460637E-02    4.670375E-01    4.422975E-01    6.749289E-01 
   509    9.481419E-02    4.661595E-01    4.408283E-01    6.733250E-01 
   510    9.542415E-02    4.639148E-01    4.381830E-01    6.713532E-01 
   511    9.612579E-02    4.618147E-01    4.357845E-01    6.720907E-01 
   512    9.678444E-02    4.602419E-01    4.339092E-01    6.721024E-01 
   513    9.744373E-02    4.590509E-01    4.324333E-01    6.718320E-01 
   514    9.799764E-02    4.583122E-01    4.313661E-01    6.716703E-01 
   515    9.858525E-02    4.577225E-01    4.304316E-01    6.736694E-01 
   516    9.907274E-02    4.573406E-01    4.297147E-01    6.738217E-01 
   517    9.950862E-02    4.570931E-01    4.292083E-01    6.730694E-01 
   518    9.998023E-02    4.569290E-01    4.288215E-01    6.724762E-01 
   519    1.005206E-01    4.568172E-01    4.285101E-01    6.725290E-01 
   520    1.010870E-01    4.567674E-01    4.282803E-01    6.723385E-01 
   521    1.016823E-01    4.567774E-01    4.281450E-01    6.721031E-01 
   522    1.023248E-01    4.568261E-01    4.280654E-01    6.724779E-01 
   523    1.029133E-01    4.568753E-01    4.279965E-01    6.729342E-01 
   524    1.034293E-01    4.569215E-01    4.279249E-01    6.730192E-01 
   525    1.039285E-01    4.569746E-01    4.278695E-01    6.727872E-01 
   526    1.044641E-01    4.570473E-01    4.278368E-01    6.723744E-01 
   527    1.050068E-01    4.571278E-01    4.278145E-01    6.724171E-01 
   528    1.055303E-01    4.572053E-01    4.277862E-01    6.724631E-01 
   529    1.060639E-01    4.572839E-01    4.277648E-01    6.724467E-01 
   530    1.066226E-01    4.573643E-01    4.277538E-01    6.725791E-01 
   531    1.071953E-01    4.574398E-01    4.277482E-01    6.728637E-01 
   532    1.077599E-01    4.575042E-01    4.277405E-01    6.729518E-01 
   533    1.083110E-01    4.575646E-01    4.277366E-01    6.727205E-01 
   534    1.088551E-01    4.576330E-01    4.277480E-01    6.723696E-01 
   535    1.094054E-01    4.577069E-01    4.277673E-01    6.723016E-01 
   536    1.099545E-01    4.577760E-01    4.277795E-01    6.724477E-01 
   537    1.104898E-01    4.578378E-01    4.277834E-01    6.724920E-01 
   538    1.110206E-01    4.578955E-01    4.277816E-01    6.725381E-01 
   539    1.115561E-01    4.579492E-01    4.277789E-01    6.726373E-01 
   540    1.120978E-01    4.579983E-01    4.277719E-01    6.726891E-01 
   541    1.126473E-01    4.580452E-01    4.277705E-01    6.726552E-01 
   542    1.132054E-01    4.580922E-01    4.277708E-01    6.725817E-01 
   543    1.137664E-01    4.581393E-01    4.277805E-01    6.725284E-01 
   544    1.143221E-01    4.581846E-01    4.277861E-01    6.725188E-01 
   545    1.148709E-01    4.582266E-01    4.277950E-01    6.725366E-01 
   546    1.154133E-01    4.582651E-01    4.277941E-01    6.725431E-01 
   547    1.159509E-01    4.583011E-01    4.277969E-01    6.725257E-01 
   548    1.164860E-01    4.583358E-01    4.277922E-01    6.724974E-01 
   549    1.170228E-01    4.583701E-01    4.277939E-01    6.724640E-01 
   550    1.175651E-01    4.584039E-01    4.277914E-01    6.724522E-01 
   551    1.181148E-01    4.584363E-01    4.277938E-01    6.724860E-01 
   552    1.186693E-01    4.584657E-01    4.277915E-01    6.725512E-01 
   553    1.192232E-01    4.584919E-01    4.277903E-01    6.725806E-01 
   554    1.197734E-01    4.585159E-01    4.277872E-01    6.725629E-01 
   555    1.203206E-01    4.585391E-01    4.277847E-01    6.725269E-01 
   556    1.208648E-01    4.585623E-01    4.277849E-01    6.724835E-01 
   557    1.214068E-01    4.585861E-01    4.277835E-01    6.724327E-01 
   558    1.219475E-01    4.586107E-01    4.277881E-01    6.723867E-01 
   559    1.224886E-01    4.586353E-01    4.277875E-01    6.723697E-01 
   560    1.230322E-01    4.586588E-01    4.277926E-01    6.724001E-01 
   561    1.235781E-01    4.586800E-01    4.277891E-01    6.724628E-01 
   562    1.241264E-01    4.586989E-01    4.277911E-01    6.725076E-01 
   563    1.246749E-01    4.587159E-01    4.277851E-01    6.725185E-01 
   564    1.252234E-01    4.587319E-01    4.277859E-01    6.725058E-01 
   565    1.257708E-01    4.587476E-01    4.277813E-01    6.724836E-01 
   566    1.263171E-01    4.587634E-01    4.277829E-01    6.724578E-01 
   567    1.268615E-01    4.587793E-01    4.277812E-01    6.724347E-01 
   568    1.274052E-01    4.587955E-01    4.277832E-01    6.724139E-01 
   569    1.279482E-01    4.588116E-01    4.277841E-01    6.723997E-01 
   570    1.284915E-01    4.588271E-01    4.277849E-01    6.723972E-01 
   571    1.290360E-01    4.588415E-01    4.277865E-01    6.724073E-01 
   572    1.295815E-01    4.588546E-01    4.277841E-01    6.724240E-01 
   573    1.301283E-01    4.588662E-01    4.277850E-01    6.724371E-01 
   574    1.306753E-01    4.588766E-01    4.277795E-01    6.724422E-01 
   575    1.312223E-01    4.588859E-01    4.277800E-01    6.724393E-01 
   576    1.317684E-01    4.588946E-01    4.277732E-01    6.724301E-01 
   577    1.323141E-01    4.589030E-01    4.277737E-01    6.724158E-01 
   578    1.328585E-01    4.589114E-01    4.277676E-01    6.723997E-01 
   579    1.334028E-01    4.589199E-01    4.277686E-01    6.723834E-01 
   580    1.339469E-01    4.589285E-01    4.277642E-01    6.723707E-01 
   581    1.344913E-01    4.589369E-01    4.277648E-01    6.723643E-01 
   582    1.350362E-01    4.589447E-01    4.277614E-01    6.723635E-01 
   583    1.355819E-01    4.589516E-01    4.277599E-01    6.723655E-01 
   584    1.361278E-01    4.589576E-01    4.277568E-01    6.723670E-01 
   585    1.366738E-01    4.589628E-01    4.277525E-01    6.723652E-01 
   586    1.372198E-01    4.589674E-01    4.277502E-01    6.723597E-01 
   587    1.377652E-01    4.589715E-01    4.277440E-01    6.723508E-01 
   588    1.383106E-01    4.589756E-01    4.277430E-01    6.723388E-01 
   589    1.388553E-01    4.589796E-01    4.277362E-01    6.723259E-01 
   590    1.394002E-01    4.589837E-01    4.277365E-01    6.723136E-01 
   591    1.399448E-01    4.589877E-01    4.277298E-01    6.723035E-01 
   592    1.404897E-01    4.589915E-01    4.277303E-01    6.722964E-01 
   593    1.410347E-01    4.589950E-01    4.277238E-01    6.722919E-01 
   594    1.415802E-01    4.589979E-01    4.277231E-01    6.722880E-01 
   595    1.421257E-01    4.590003E-01    4.277169E-01    6.722843E-01 
   596    1.426713E-01    4.590022E-01    4.277144E-01    6.722790E-01 
   597    1.432168E-01    4.590038E-01    4.277092E-01    6.722720E-01 
   598    1.437620E-01    4.590050E-01    4.277049E-01    6.722637E-01 
   599    1.443073E-01    4.590060E-01    4.277011E-01    6.722535E-01 
   600    1.448522E-01    4.590068E-01    4.276952E-01    6.722429E-01 
   601    1.453973E-01    4.590075E-01    4.276929E-01    6.722323E-01 
   602    1.459421E-01    4.590080E-01    4.276857E-01    6.722222E-01 
   603    1.464873E-01    4.590083E-01    4.276842E-01    6.722133E-01 
   604    1.470323E-01    4.590082E-01    4.276759E-01    6.722051E-01 
   605    1.475777E-01    4.590078E-01    4.276744E-01    6.721967E-01 
   606    1.481230E-01    4.590070E-01    4.276656E-01    6.721881E-01 
   607    1.486684E-01    4.590060E-01    4.276632E-01    6.721779E-01 
   608    1.492137E-01    4.590048E-01    4.276549E-01    6.721668E-01 
   609    1.497589E-01    4.590034E-01    4.276517E-01    6.721547E-01 
   610    1.503042E-01    4.590021E-01    4.276448E-01    6.721414E-01 
   611    1.508492E-01    4.590009E-01    4.276407E-01    6.721284E-01 
   612    1.513944E-01    4.589999E-01    4.276360E-01    6.721151E-01 
   613    1.519394E-01    4.589990E-01    4.276313E-01    6.721028E-01 
   614    1.524847E-01    4.589985E-01    4.276291E-01    6.720923E-01 
   615    1.530298E-01    4.589981E-01    4.276237E-01    6.720827E-01 
   616    1.535752E-01    4.589979E-01    4.276236E-01    6.720746E-01 
   617    1.541203E-01    4.589978E-01    4.276179E-01    6.720688E-01 
   618    1.546658E-01    4.589978E-01    4.276189E-01    6.720643E-01 
   619    1.552109E-01    4.589977E-01    4.276131E-01    6.720635E-01 
   620    1.557562E-01    4.589973E-01    4.276138E-01    6.720639E-01 
   621    1.563014E-01    4.589964E-01    4.276075E-01    6.720661E-01 
   622    1.568465E-01    4.589946E-01    4.276059E-01    6.720700E-01 
   623    1.573917E-01    4.589915E-01    4.275980E-01    6.720733E-01 
   624    1.579368E-01    4.589867E-01    4.275916E-01    6.720760E-01 
   625    1.584820E-01    4.589798E-01    4.275803E-01    6.720764E-01 
   626    1.590272E-01    4.589703E-01    4.275666E-01    6.720744E-01 
   627    1.595725E-01    4.589579E-01    4.275498E-01    6.720675E-01 
   628    1.601176E-01    4.589423E-01    4.275269E-01    6.720527E-01 
   629    1.606630E-01    4.589235E-01    4.275034E-01    6.720281E-01 
   630    1.612081E-01    4.589015E-01    4.274709E-01    6.719921E-01 
   631    1.617535E-01    4.588767E-01    4.274408E-01    6.719416E-01 
   632    1.622986E-01    4.588497E-01    4.274013E-01    6.718773E-01 
   633    1.628440E-01    4.588215E-01    4.273671E-01    6.717973E-01 
   634    1.633893E-01    4.587930E-01    4.273259E-01    6.717030E-01 
   635    1.639348E-01    4.587657E-01    4.272926E-01    6.715954E-01 
   636    1.644803E-01    4.587410E-01    4.272572E-01    6.714762E-01 
   637    1.650258E-01    4.587205E-01    4.272319E-01    6.713475E-01 
   638    1.655716E-01    4.587055E-01    4.272105E-01    6.712158E-01 
   639    1.661173E-01    4.586973E-01    4.272003E-01    6.710970E-01 
   640    1.666631E-01    4.586969E-01    4.271994E-01    6.710132E-01 
   641    1.672089E-01    4.587046E-01    4.272086E-01    6.709828E-01 
   642    1.677549E-01    4.587203E-01    4.272305E-01    6.710190E-01 
   643    1.683005E-01    4.587432E-01    4.272579E-01    6.711218E-01 
   644    1.688464E-01    4.587717E-01    4.272977E-01    6.712754E-01 
   645    1.693919E-01    4.588033E-01    4.273359E-01    6.714635E-01 
   646    1.699375E-01    4.588352E-01    4.273808E-01    6.716692E-01 
   647    1.704828E-01    4.588636E-01    4.274144E-01    6.718752E-01 
   648    1.710280E-01    4.588841E-01    4.274445E-01    6.720695E-01 
   649    1.715731E-01    4.588923E-01    4.274522E-01    6.722401E-01 
   650    1.721181E-01    4.588831E-01    4.274431E-01    6.723766E-01 
   651    1.726631E-01    4.588520E-01    4.274006E-01    6.724728E-01 
   652    1.732079E-01    4.587946E-01    4.273273E-01    6.725180E-01 
   653    1.737528E-01    4.587071E-01    4.272129E-01    6.725064E-01 
   654    1.742977E-01    4.585872E-01    4.270567E-01    6.724268E-01 
   655    1.748427E-01    4.584337E-01    4.268576E-01    6.722677E-01 
   656    1.753878E-01    4.582475E-01    4.266136E-01    6.720073E-01 
   657    1.759333E-01    4.580315E-01    4.263346E-01    6.716197E-01 
   658    1.764788E-01    4.577914E-01    4.260191E-01    6.710872E-01 
   659    1.770250E-01    4.575349E-01    4.256883E-01    6.704076E-01 
   660    1.775715E-01    4.572726E-01    4.253435E-01    6.695771E-01 
   661    1.781187E-01    4.570167E-01    4.250140E-01    6.686113E-01 
   662    1.786664E-01    4.567812E-01    4.247045E-01    6.675235E-01 
   663    1.792149E-01    4.565806E-01    4.244467E-01    6.663233E-01 
   664    1.797642E-01    4.564288E-01    4.242472E-01    6.650870E-01 
   665    1.803141E-01    4.563383E-01    4.241319E-01    6.639352E-01 
   666    1.808646E-01    4.563180E-01    4.241048E-01    6.630800E-01 
   667    1.814155E-01    4.563727E-01    4.241774E-01    6.627103E-01 
   668    1.819665E-01    4.565009E-01    4.243453E-01    6.629660E-01 
   669    1.825171E-01    4.566943E-01    4.245972E-01    6.638541E-01 
   670    1.830671E-01    4.569367E-01    4.249154E-01    6.652713E-01 
   671    1.836160E-01    4.572040E-01    4.252621E-01    6.670071E-01 
   672    1.841640E-01    4.574646E-01    4.256050E-01    6.689459E-01 
   673    1.847105E-01    4.576792E-01    4.258819E-01    6.708787E-01 
   674    1.852560E-01    4.578026E-01    4.260460E-01    6.727240E-01 
   675    1.858002E-01    4.577839E-01    4.260172E-01    6.743529E-01 
   676    1.863436E-01    4.575683E-01    4.257367E-01    6.756573E-01 
   677    1.868861E-01    4.570978E-01    4.251149E-01    6.765837E-01 
   678    1.874284E-01    4.563124E-01    4.240840E-01    6.770847E-01 
   679    1.879705E-01    4.551519E-01    4.225545E-01    6.770409E-01 
   680    1.885131E-01    4.535577E-01    4.204572E-01    6.762800E-01 
   681    1.890566E-01    4.514740E-01    4.177131E-01    6.747833E-01 
   682    1.896017E-01    4.488472E-01    4.142549E-01    6.722586E-01 
   683    1.901492E-01    4.456288E-01    4.100228E-01    6.682617E-01 
   684    1.907000E-01    4.417772E-01    4.049620E-01    6.626366E-01 
   685    1.912556E-01    4.372534E-01    3.990337E-01    6.551493E-01 
   686    1.918171E-01    4.320290E-01    3.922033E-01    6.454178E-01 
   687    1.923862E-01    4.260831E-01    3.844656E-01    6.333252E-01 
   688    1.929645E-01    4.194061E-01    3.758113E-01    6.184406E-01 
   689    1.935541E-01    4.119950E-01    3.662714E-01    6.004708E-01 
   690    1.941567E-01    4.038680E-01    3.558781E-01    5.797424E-01 
   691    1.947747E-01    3.950530E-01    3.447066E-01    5.559518E-01 
   692    1.954097E-01    3.856124E-01    3.328571E-01    5.285447E-01 
   693    1.960644E-01    3.756200E-01    3.204564E-01    4.974485E-01 
   694    1.967407E-01    3.651791E-01    3.076568E-01    4.633556E-01 
   695    1.974409E-01    3.544166E-01    2.946463E-01    4.267268E-01 
   696    1.981662E-01    3.435010E-01    2.816457E-01    3.874216E-01 
   697    1.989182E-01    3.326151E-01    2.688843E-01    3.458937E-01 
   698    1.996978E-01    3.219529E-01    2.565908E-01    3.035174E-01 
   699    2.005055E-01    3.117162E-01    2.449868E-01    2.613945E-01 
   700    2.013407E-01    3.020975E-01    2.342680E-01    2.205067E-01 
   701    2.022022E-01    2.932618E-01    2.245834E-01    1.818937E-01 
   702    2.030884E-01    2.853328E-01    2.160311E-01    1.469022E-01 
   703    2.039969E-01    2.783887E-01    2.086496E-01    1.162512E-01 
   704    2.049247E-01    2.724515E-01    2.024200E-01    9.032552E-02 
   705    2.058689E-01    2.674912E-01    1.972727E-01    6.897544E-02 
   706    2.068265E-01    2.634373E-01    1.931040E-01    5.186417E-02 
   707    2.077949E-01    2.601909E-01    1.897900E-01    3.854001E-02 
   708    2.087717E-01    2.576403E-01    1.872001E-01    2.833267E-02 
   709    2.097549E-01    2.556693E-01    1.852064E-01    2.061822E-02 
   710    2.107430E-01    2.541683E-01    1.836922E-01    1.487951E-02 
   711    2.117346E-01    2.530401E-01    1.825562E-01    1.066485E-02 
   712    2.127289E-01    2.522018E-01    1.817130E-01    7.601044E-03 
   713    2.137251E-01    2.515849E-01    1.810928E-01    5.392281E-03 
   714    2.147227E-01    2.511348E-01    1.806404E-01    3.810603E-03 
   715    2.157213E-01    2.508087E-01    1.803127E-01    2.684137E-03 
   716    2.167206E-01    2.505739E-01    1.800768E-01    1.885507E-03 
   717    2.177205E-01    2.504059E-01    1.799079E-01    1.321491E-03 
   718    2.187206E-01    2.502861E-01    1.797876E-01    9.244228E-04 
   719    2.197211E-01    2.502012E-01    1.797022E-01    6.456125E-04 
   720    2.207216E-01    2.501411E-01    1.796419E-01    4.502657E-04 
   721    2.217224E-01    2.500988E-01    1.795993E-01    3.136482E-04 
   722    2.227232E-01    2.500691E-01    1.795694E-01    2.182530E-04 
   723    2.237240E-01    2.500482E-01    1.795485E-01    1.517310E-04 
   724    2.247249E-01    2.500336E-01    1.795338E-01    1.053970E-04 
   725    2.257259E-01    2.500234E-01    1.795235E-01    7.315672E-05 
   726    2.267268E-01    2.500163E-01    1.795164E-01    5.074320E-05 
   727    2.277278E-01    2.500113E-01    1.795114E-01    3.517366E-05 
   728    2.287288E-01    2.500078E-01    1.795079E-01    2.436614E-05 
   729    2.297298E-01    2.500054E-01    1.795055E-01    1.686916E-05 
   730    2.307308E-01    2.500038E-01    1.795038E-01    1.167191E-05 
   731    2.317317E-01    2.500026E-01    1.795026E-01    8.071096E-06 
   732    2.327327E-01    2.500018E-01    1.795018E-01    5.577796E-06 
   733    2.337337E-01    2.500013E-01    1.795013E-01    3.852358E-06 
   734    2.347347E-01    2.500009E-01    1.795009E-01    2.658988E-06 
   735    2.357357E-01    2.500006E-01    1.795006E-01    1.834093E-06 
   736    2.367367E-01    2.500004E-01    1.795004E-01    1.264239E-06 
   737    2.377377E-01    2.500003E-01    1.795003E-01    8.708132E-07 
   738    2.387387E-01    2.500002E-01    1.795002E-01    5.993668E-07 
   739    2.397397E-01    2.500001E-01    1.795001E-01    4.122058E-07 
   740    2.407407E-01    2.500001E-01    1.795001E-01    2.832496E-07 
   741    2.417417E-01    2.500001E-01    1.795001E-01    1.944630E-07 
   742    2.427427E-01    2.500000E-01    1.795000E-01    1.333809E-07 
   743    2.437437E-01    2.500000E-01    1.795000E-01    9.139319E-08 
   744    2.447447E-01    2.500000E-01    1.795000E-01    6.255601E-08 
   745    2.457457E-01    2.500000E-01    1.795000E-01    4.276878E-08 
   746    2.467467E-01    2.500000E-01    1.795000E-01    2.920440E-08 
   747    2.477477E-01    2.500000E-01    1.795000E-01    1.991510E-08 
   748    2.487487E-01    2.500000E-01    1.795000E-01    1.355992E-08 
   749    2.497497E-01    2.500000E-01    1.795000E-01    9.216372E-09 
   750    2.507508E-01    2.500000E-01    1.795000E-01    6.250279E-09 
   751    2.517518E-01    2.500000E-01    1.795000E-01    4.226019E-09 
   752    2.527528E-01    2.500000E-01    1.795000E-01    2.844517E-09 
   753    2.537538E-01    2.500000E-01    1.795000E-01    1.900524E-09 
   754    2.547548E-01    2.500000E-01    1.795000E-01    1.253155E-09 
   755    2.557558E-01    2.500000E-01    1.795000E-01    8.055908E-10 
   756    2.567568E-01    2.500000E-01    1.795000E-01    4.910792E-10 
   757    2.577578E-01    2.500000E-01    1.795000E-01    2.632848E-10 
   758    2.587588E-01    2.500000E-01    1.795000E-01    8.961327E-11 
   759    2.597598E-01    2.500000E-01    1.795000E-01   -5.342824E-11 
   760    2.607608E-01    2.500000E-01    1.795000E-01   -1.834875E-10 
   761    2.617618E-01    2.500000E-01    1.795000E-01   -3.146840E-10 
   762    2.627628E-01    2.500000E-01    1.795000E-01   -4.593114E-10 
   763    2.637638E-01    2.500000E-01    1.795000E-01   -6.291457E-10 
   764    2.647648E-01    2.500000E-01    1.795000E-01   -8.365254E-10 
   765    2.657658E-01    2.500000E-01    1.795000E-01   -1.095289E-09 
   766    2.667668E-01    2.500000E-01    1.795000E-01   -1.421720E-09 
   767    2.677678E-01    2.500000E-01    1.795000E-01   -1.835498E-09 
   768    2.687688E-01    2.500000E-01    1.795000E-01   -2.360784E-09 
   769    2.697698E-01    2.500000E-01    1.795000E-01   -3.027446E-09 
   770    2.707708E-01    2.500000E-01    1.795000E-01   -3.872541E-09 
   771    2.717718E-01    2.500000E-01    1.795000E-01   -4.942038E-09 
   772    2.727728E-01    2.500000E-01    1.795000E-01   -6.292938E-09 
   773    2.737738E-01    2.500000E-01    1.795000E-01   -7.995798E-09 
   774    2.747748E-01    2.500000E-01    1.795000E-01   -1.013780E-08 
   775    2.757758E-01    2.500000E-01    1.795000E-01   -1.282640E-08 
   776    2.767768E-01    2.500000E-01    1.795000E-01   -1.619379E-08 
   777    2.777778E-01    2.500000E-01    1.795000E-01   -2.040215E-08 
   778    2.787788E-01    2.500000E-01    1.795000E-01   -2.565004E-08 
   779    2.797798E-01    2.500000E-01    1.795000E-01   -3.217989E-08 
   780    2.807808E-01    2.500000E-01    1.795000E-01   -4.028704E-08 
   781    2.817818E-01    2.500000E-01    1.795000E-01   -5.033036E-08 
   782    2.827828E-01    2.500000E-01    1.795000E-01   -6.274479E-08 
   783    2.837838E-01    2.500000E-01    1.795000E-01   -7.805621E-08 
   784    2.847848E-01    2.500000E-01    1.795000E-01   -9.689881E-08 
   785    2.857858E-01    2.500000E-01    1.795000E-01   -1.200354E-07 
   786    2.867868E-01    2.500000E-01    1.795000E-01   -1.483812E-07 
   787    2.877878E-01    2.500000E-01    1.795000E-01   -1.830315E-07 
   788    2.887888E-01    2.500001E-01    1.795001E-01   -2.252934E-07 
   789    2.897898E-01    2.500001E-01    1.795001E-01   -2.767228E-07 
   790    2.907908E-01    2.500001E-01    1.795001E-01   -3.391670E-07 
   791    2.917918E-01    2.500001E-01    1.795001E-01   -4.148131E-07 
   792    2.927928E-01    2.500001E-01    1.795001E-01   -5.062433E-07 
   793    2.937938E-01    2.500001E-01    1.795002E-01   -6.164984E-07 
   794    2.947948E-01    2.500002E-01    1.795002E-01   -7.491488E-07 
   795    2.957958E-01    2.500002E-01    1.795002E-01   -9.083750E-07 
   796    2.967968E-01    2.500003E-01    1.795003E-01   -1.099058E-06 
   797    2.977978E-01    2.500003E-01    1.795003E-01   -1.326880E-06 
   798    2.987988E-01    2.500004E-01    1.795004E-01   -1.598436E-06 
   799    2.997998E-01    2.500005E-01    1.795005E-01   -1.921358E-06 
   800    3.008008E-01    2.500006E-01    1.795006E-01   -2.304454E-06 
   801    3.018018E-01    2.500007E-01    1.795007E-01   -2.757851E-06 
   802    3.028028E-01    2.500008E-01    1.795008E-01   -3.293163E-06 
   803    3.038038E-01    2.500009E-01    1.795009E-01   -3.923665E-06 
   804    3.048048E-01    2.500011E-01    1.795011E-01   -4.664476E-06 
   805    3.058058E-01    2.500013E-01    1.795013E-01   -5.532767E-06 
   806    3.068068E-01    2.500016E-01    1.795016E-01   -6.547967E-06 
   807    3.078078E-01    2.500018E-01    1.795019E-01   -7.731983E-06 
   808    3.088088E-01    2.500022E-01    1.795022E-01   -9.109435E-06 
   809    3.098098E-01    2.500025E-01    1.795026E-01   -1.070788E-05 
   810    3.108107E-01    2.500030E-01    1.795030E-01   -1.255807E-05 
   811    3.118117E-01    2.500035E-01    1.795035E-01   -1.469414E-05 
   812    3.128127E-01    2.500041E-01    1.795041E-01   -1.715391E-05 
   813    3.138137E-01    2.500047E-01    1.795048E-01   -1.997903E-05 
   814    3.148147E-01    2.500055E-01    1.795055E-01   -2.321521E-05 
   815    3.158157E-01    2.500064E-01    1.795064E-01   -2.691241E-05 
   816    3.168166E-01    2.500074E-01    1.795074E-01   -3.112496E-05 
   817    3.178176E-01    2.500085E-01    1.795085E-01   -3.591165E-05 
   818    3.188186E-01    2.500098E-01    1.795098E-01   -4.133582E-05 
   819    3.198195E-01    2.500112E-01    1.795113E-01   -4.746528E-05 
   820    3.208205E-01    2.500128E-01    1.795129E-01   -5.437232E-05 
   821    3.218215E-01    2.500147E-01    1.795147E-01   -6.213345E-05 
   822    3.228224E-01    2.500167E-01    1.795168E-01   -7.082917E-05 
   823    3.238233E-01    2.500190E-01    1.795191E-01   -8.054364E-05 
   824    3.248243E-01    2.500215E-01    1.795217E-01   -9.136413E-05 
   825    3.258252E-01    2.500244E-01    1.795245E-01   -1.033804E-04 
   826    3.268261E-01    2.500275E-01    1.795276E-01   -1.166842E-04 
   827    3.278270E-01    2.500310E-01    1.795311E-01   -1.313677E-04 
   828    3.288278E-01    2.500348E-01    1.795349E-01   -1.475234E-04 
   829    3.298287E-01    2.500389E-01    1.795391E-01   -1.652421E-04 
   830    3.308295E-01    2.500435E-01    1.795437E-01   -1.846120E-04 
   831    3.318304E-01    2.500485E-01    1.795487E-01   -2.057170E-04 
   832    3.328312E-01    2.500539E-01    1.795541E-01   -2.286351E-04 
   833    3.338319E-01    2.500597E-01    1.795600E-01   -2.534366E-04 
   834    3.348327E-01    2.500660E-01    1.795664E-01   -2.801824E-04 
   835    3.358334E-01    2.500728E-01    1.795732E-01   -3.089215E-04 
   836    3.368341E-01    2.500801E-01    1.795805E-01   -3.396894E-04 
   837    3.378348E-01    2.500879E-01    1.795883E-01   -3.725057E-04 
   838    3.388355E-01    2.500961E-01    1.795966E-01   -4.073722E-04 
   839    3.398361E-01    2.501049E-01    1.796054E-01   -4.442706E-04 
   840    3.408366E-01    2.501141E-01    1.796147E-01   -4.831608E-04 
   841    3.418372E-01    2.501238E-01    1.796245E-01   -5.239789E-04 
   842    3.428377E-01    2.501340E-01    1.796347E-01   -5.666353E-04 
   843    3.438381E-01    2.501446E-01    1.796454E-01   -6.110138E-04 
   844    3.448385E-01    2.501556E-01    1.796564E-01   -6.569702E-04 
   845    3.458389E-01    2.501669E-01    1.796678E-01   -7.043318E-04 
   846    3.468392E-01    2.501786E-01    1.796796E-01   -7.528968E-04 
   847    3.478395E-01    2.501906E-01    1.796916E-01   -8.024349E-04 
   848    3.488397E-01    2.502027E-01    1.797038E-01   -8.526876E-04 
   849    3.498398E-01    2.502150E-01    1.797162E-01   -9.033699E-04 
   850    3.508400E-01    2.502274E-01    1.797286E-01   -9.541718E-04 
   851    3.518400E-01    2.502398E-01    1.797411E-01   -1.004761E-03 
   852    3.528400E-01    2.502521E-01    1.797534E-01   -1.054785E-03 
   853    3.538400E-01    2.502642E-01    1.797656E-01   -1.103878E-03 
   854    3.548399E-01    2.502760E-01    1.797775E-01   -1.151659E-03 
   855    3.558398E-01    2.502876E-01    1.797891E-01   -1.197743E-03 
   856    3.568396E-01    2.502986E-01    1.798003E-01   -1.241743E-03 
   857    3.578394E-01    2.503092E-01    1.798109E-01   -1.283271E-03 
   858    3.588391E-01    2.503191E-01    1.798208E-01   -1.321953E-03 
   859    3.598388E-01    2.503283E-01    1.798301E-01   -1.357428E-03 
   860    3.608385E-01    2.503367E-01    1.798385E-01   -1.389362E-03 
   861    3.618381E-01    2.503442E-01    1.798461E-01   -1.417440E-03 
   862    3.628377E-01    2.503507E-01    1.798526E-01   -1.441353E-03 
   863    3.638373E-01    2.503561E-01    1.798581E-01   -1.460767E-03 
   864    3.648368E-01    2.503604E-01    1.798623E-01   -1.475411E-03 
   865    3.658363E-01    2.503632E-01    1.798652E-01   -1.485134E-03 
   866    3.668359E-01    2.503644E-01    1.798664E-01   -1.490120E-03 
   867    3.678354E-01    2.503637E-01    1.798657E-01   -1.489952E-03 
   868    3.688349E-01    2.503607E-01    1.798627E-01   -1.483348E-03 
   869    3.698344E-01    2.503551E-01    1.798571E-01   -1.467946E-03 
   870    3.708340E-01    2.503465E-01    1.798484E-01   -1.440405E-03 
   871    3.718335E-01    2.503345E-01    1.798363E-01   -1.397799E-03 
   872    3.728331E-01    2.503188E-01    1.798206E-01   -1.338405E-03 
   873    3.738328E-01    2.502993E-01    1.798009E-01   -1.260827E-03 
   874    3.748326E-01    2.502760E-01    1.797775E-01   -1.164555E-03 
   875    3.758325E-01    2.502489E-01    1.797503E-01   -1.050217E-03 
   876    3.768325E-01    2.502186E-01    1.797197E-01   -9.197934E-04 
   877    3.778327E-01    2.501855E-01    1.796864E-01   -7.764870E-04 
   878    3.788329E-01    2.501505E-01    1.796513E-01   -6.236855E-04 
   879    3.798334E-01    2.501146E-01    1.796152E-01   -4.650269E-04 
   880    3.808340E-01    2.500789E-01    1.795793E-01   -3.042194E-04 
   881    3.818348E-01    2.500447E-01    1.795449E-01   -1.460595E-04 
   882    3.828358E-01    2.500131E-01    1.795131E-01    2.662055E-06 
   883    3.838369E-01    2.499851E-01    1.794850E-01    1.339984E-04 
   884    3.848381E-01    2.499617E-01    1.794615E-01    2.401593E-04 
   885    3.858393E-01    2.499436E-01    1.794433E-01    3.166384E-04 
   886    3.868407E-01    2.499311E-01    1.794307E-01    3.613572E-04 
   887    3.878421E-01    2.499243E-01    1.794239E-01    3.730425E-04 
   888    3.888436E-01    2.499227E-01    1.794223E-01    3.541671E-04 
   889    3.898450E-01    2.499253E-01    1.794250E-01    3.143608E-04 
   890    3.908463E-01    2.499312E-01    1.794308E-01    2.662264E-04 
   891    3.918475E-01    2.499391E-01    1.794388E-01    2.172638E-04 
   892    3.928487E-01    2.499481E-01    1.794479E-01    1.701551E-04 
   893    3.938499E-01    2.499575E-01    1.794572E-01    1.268325E-04 
   894    3.948511E-01    2.499666E-01    1.794664E-01    8.858413E-05 
   895    3.958522E-01    2.499750E-01    1.794749E-01    5.631722E-05 
   896    3.968533E-01    2.499825E-01    1.794824E-01    3.023021E-05 
   897    3.978543E-01    2.499890E-01    1.794889E-01    9.364267E-06 
   898    3.988552E-01    2.499944E-01    1.794943E-01   -7.663399E-06 
   899    3.998562E-01    2.499988E-01    1.794987E-01   -2.179935E-05 
   900    4.008572E-01    2.500023E-01    1.795023E-01   -3.291769E-05 
   901    4.018583E-01    2.500051E-01    1.795051E-01   -4.014358E-05 
   902    4.028593E-01    2.500071E-01    1.795071E-01   -4.318011E-05 
   903    4.038602E-01    2.500082E-01    1.795083E-01   -4.318558E-05 
   904    4.048610E-01    2.500087E-01    1.795087E-01   -4.232613E-05 
   905    4.058619E-01    2.500085E-01    1.795086E-01   -4.251457E-05 
   906    4.068630E-01    2.500080E-01    1.795080E-01   -4.397935E-05 
   907    4.078641E-01    2.500073E-01    1.795074E-01   -4.438248E-05 
   908    4.088651E-01    2.500065E-01    1.795065E-01   -3.906525E-05 
   909    4.098660E-01    2.500054E-01    1.795055E-01   -2.353923E-05 
   910    4.108669E-01    2.500042E-01    1.795042E-01   -4.480112E-06 
   911    4.118678E-01    2.500028E-01    1.795028E-01    3.580682E-06 
   912    4.128688E-01    2.500016E-01    1.795016E-01    5.918879E-07 
   913    4.138699E-01    2.500006E-01    1.795006E-01   -7.061207E-06 
   914    4.148710E-01    2.500001E-01    1.795001E-01   -1.279264E-05 
   915    4.158720E-01    2.500001E-01    1.795001E-01   -7.674937E-06 
   916    4.168730E-01    2.500005E-01    1.795005E-01   -7.451601E-07 
   917    4.178738E-01    2.500012E-01    1.795012E-01   -5.048136E-06 
   918    4.188748E-01    2.500021E-01    1.795021E-01   -1.419851E-05 
   919    4.198759E-01    2.500032E-01    1.795032E-01   -2.153087E-05 
   920    4.208770E-01    2.500042E-01    1.795042E-01   -2.528540E-05 
   921    4.218780E-01    2.500050E-01    1.795051E-01   -2.658611E-05 
   922    4.228789E-01    2.500056E-01    1.795056E-01   -2.661492E-05 
   923    4.238797E-01    2.500058E-01    1.795058E-01   -2.757090E-05 
   924    4.248806E-01    2.500058E-01    1.795058E-01   -3.237741E-05 
   925    4.258817E-01    2.500059E-01    1.795059E-01   -3.843367E-05 
   926    4.268829E-01    2.500060E-01    1.795060E-01   -3.833992E-05 
   927    4.278840E-01    2.500058E-01    1.795058E-01   -3.085894E-05 
   928    4.288849E-01    2.500053E-01    1.795053E-01   -1.777640E-05 
   929    4.298855E-01    2.500044E-01    1.795045E-01   -6.938138E-06 
   930    4.308863E-01    2.500034E-01    1.795034E-01   -1.019158E-05 
   931    4.318875E-01    2.500026E-01    1.795026E-01   -2.086951E-05 
   932    4.328888E-01    2.500022E-01    1.795022E-01   -2.690673E-05 
   933    4.338900E-01    2.500020E-01    1.795020E-01   -2.351712E-05 
   934    4.348910E-01    2.500020E-01    1.795020E-01   -7.004018E-06 
   935    4.358916E-01    2.500020E-01    1.795020E-01    3.950994E-06 
   936    4.368922E-01    2.500020E-01    1.795020E-01   -4.493910E-06 
   937    4.378933E-01    2.500023E-01    1.795023E-01   -1.961334E-05 
   938    4.388947E-01    2.500030E-01    1.795030E-01   -2.823573E-05 
   939    4.398961E-01    2.500036E-01    1.795036E-01   -2.923343E-05 
   940    4.408972E-01    2.500039E-01    1.795039E-01   -1.994682E-05 
   941    4.418976E-01    2.500037E-01    1.795037E-01   -6.228515E-06 
   942    4.428979E-01    2.500032E-01    1.795032E-01   -1.394454E-05 
   943    4.438989E-01    2.500030E-01    1.795030E-01   -3.367620E-05 
   944    4.449005E-01    2.500033E-01    1.795033E-01   -4.446471E-05 
   945    4.459022E-01    2.500036E-01    1.795036E-01   -3.914661E-05 
   946    4.469036E-01    2.500035E-01    1.795035E-01   -1.248809E-05 
   947    4.479038E-01    2.500026E-01    1.795026E-01    1.803359E-05 
   948    4.489034E-01    2.500013E-01    1.795013E-01    6.680939E-06 
   949    4.499042E-01    2.500007E-01    1.795007E-01   -2.518652E-05 
   950    4.509061E-01    2.500009E-01    1.795009E-01   -4.360971E-05 
   951    4.519086E-01    2.500013E-01    1.795013E-01   -3.999070E-05 
   952    4.529104E-01    2.500015E-01    1.795015E-01   -1.171130E-05 
   953    4.539100E-01    2.500009E-01    1.795009E-01    2.939535E-05 
   954    4.549088E-01    2.499998E-01    1.794998E-01    1.523924E-05 
   955    4.559095E-01    2.499993E-01    1.794993E-01   -2.575928E-05 
   956    4.569116E-01    2.500002E-01    1.795002E-01   -6.841867E-05 
   957    4.579147E-01    2.500016E-01    1.795016E-01   -6.942943E-05 
   958    4.589179E-01    2.500017E-01    1.795017E-01    3.292503E-06 
   959    4.599173E-01    2.499999E-01    1.794999E-01    6.748775E-05 
   960    4.609146E-01    2.499974E-01    1.794974E-01    2.811554E-05 
   961    4.619124E-01    2.499970E-01    1.794970E-01   -6.828136E-05 
   962    4.629151E-01    2.499989E-01    1.794989E-01   -1.153118E-04 
   963    4.639235E-01    2.500004E-01    1.795004E-01   -4.431011E-05 
   964    4.649293E-01    2.499995E-01    1.794995E-01    7.649498E-05 
   965    4.659231E-01    2.499975E-01    1.794974E-01    3.859268E-05 
   966    4.669158E-01    2.499957E-01    1.794957E-01    2.325121E-05 
   967    4.679139E-01    2.499953E-01    1.794953E-01   -5.911053E-05 
   968    4.689231E-01    2.499971E-01    1.794971E-01   -1.112467E-04 
   969    4.699382E-01    2.499975E-01    1.794975E-01   -3.022145E-05 
   970    4.709300E-01    2.499967E-01    1.794967E-01   -5.090501E-05 
   971    4.719319E-01    2.499929E-01    1.794929E-01    1.769666E-04 
   972    4.729218E-01    2.499867E-01    1.794867E-01    1.113634E-04 
   973    4.739155E-01    2.499853E-01    1.794853E-01   -1.485295E-04 
   974    4.749274E-01    2.499887E-01    1.794888E-01   -2.860149E-04 
   975    4.759328E-01    2.499914E-01    1.794914E-01   -7.920140E-05 
   976    4.769633E-01    2.499868E-01    1.794869E-01    2.508501E-04 
   977    4.779530E-01    2.499770E-01    1.794771E-01    2.979423E-04 
   978    4.789116E-01    2.499696E-01    1.794696E-01    2.022312E-06 
   979    4.798727E-01    2.499779E-01    1.794783E-01   -6.378386E-04 
   980    4.809416E-01    2.499835E-01    1.794837E-01   -1.269882E-05 
   981    4.819983E-01    2.499748E-01    1.794756E-01    2.095869E-04 
   982    4.830013E-01    2.499578E-01    1.794589E-01    3.238540E-04 
   983    4.839419E-01    2.499347E-01    1.794352E-01    2.251313E-04 
   984    4.847693E-01    2.499215E-01    1.794225E-01   -7.711352E-04 
   985    4.859660E-01    2.498907E-01    1.793918E-01    2.338021E-05 
   986    4.870141E-01    2.498149E-01    1.793181E-01    9.976648E-05 
   987    4.880307E-01    2.496817E-01    1.791862E-01    1.793045E-04 
   988    4.890014E-01    2.494530E-01    1.789548E-01    2.211275E-04 
   989    4.897151E-01    2.491839E-01    1.786495E-01   -4.377845E-04 
   990    4.909910E-01    2.486803E-01    1.785525E-01    0.000000E+00 
   991    4.919920E-01    2.483780E-01    1.783354E-01    0.000000E+00 
   992    4.929930E-01    2.477605E-01    1.778920E-01    0.000000E+00 
   993    4.939940E-01    2.460761E-01    1.766826E-01    0.000000E+00 
   994    4.949950E-01    2.421702E-01    1.738782E-01    0.000000E+00 
   995    4.959960E-01    2.342431E-01    1.681866E-01    0.000000E+00 
   996    4.969970E-01    2.204352E-01    1.582724E-01    0.000000E+00 
   997    4.979980E-01    1.999450E-01    1.435605E-01    0.000000E+00 
   998    4.989990E-01    1.731588E-01    1.243280E-01    0.000000E+00 
   999    5.000000E-01    1.416667E-01    1.017167E-01    0.000000E+00 
