     0   -5.000000E-01    5.666667E-01    5.666667E-01    0.000000E+00 
     1   -4.989990E-01    6.926612E-01    6.926612E-01    0.000000E+00 
     2   -4.979980E-01    7.998986E-01    7.998986E-01    0.000000E+00 
     3   -4.969970E-01    8.819801E-01    8.819801E-01    0.000000E+00 
     4   -4.959960E-01    9.373325E-01    9.373325E-01    0.000000E+00 
     5   -4.949950E-01    9.691487E-01    9.691487E-01    0.000000E+00 
     6   -4.939940E-01    9.848078E-01    9.848078E-01    0.000000E+00 
     7   -4.929930E-01    9.914231E-01    9.914231E-01    0.000000E+00 
     8   -4.919920E-01    9.937244E-01    9.937244E-01    0.000000E+00 
     9   -4.909910E-01    9.947812E-01    9.947812E-01    0.000000E+00 
    10   -4.897725E-01    9.965737E-01    9.950756E-01    9.239484E-04 
    11   -4.889735E-01    9.977669E-01    9.968851E-01   -4.257075E-04 
    12   -4.880082E-01    9.986896E-01    9.981929E-01   -3.824324E-04 
    13   -4.870007E-01    9.992322E-01    9.989454E-01   -2.028677E-04 
    14   -4.859629E-01    9.995376E-01    9.993617E-01   -2.110342E-05 
    15   -4.848557E-01    9.996181E-01    9.994713E-01    1.188664E-03 
    16   -4.839247E-01    9.996317E-01    9.994870E-01   -1.089713E-04 
    17   -4.829642E-01    9.997481E-01    9.996512E-01   -4.975972E-04 
    18   -4.819725E-01    9.998554E-01    9.998008E-01   -3.813753E-04 
    19   -4.809468E-01    9.999092E-01    9.998739E-01    1.322963E-04 
    20   -4.799272E-01    9.998942E-01    9.998529E-01    5.391052E-04 
    21   -4.789209E-01    9.998655E-01    9.998122E-01    1.824114E-04 
    22   -4.779295E-01    9.998909E-01    9.998476E-01   -1.900053E-04 
    23   -4.769385E-01    9.999488E-01    9.999285E-01   -2.988777E-04 
    24   -4.759398E-01    9.999867E-01    9.999816E-01    4.030868E-05 
    25   -4.749429E-01    9.999969E-01    9.999960E-01    9.888894E-05 
    26   -4.739308E-01    9.999934E-01    9.999910E-01    2.268616E-04 
    27   -4.729221E-01    9.999811E-01    9.999737E-01    1.429460E-04 
    28   -4.719230E-01    9.999816E-01    9.999742E-01    5.154510E-05 
    29   -4.709288E-01    9.999934E-01    9.999908E-01   -1.588859E-05 
    30   -4.699339E-01    1.000009E+00    1.000013E+00   -6.381860E-05 
    31   -4.689318E-01    1.000014E+00    1.000019E+00    8.189578E-05 
    32   -4.679249E-01    1.000000E+00    1.000000E+00    1.392121E-04 
    33   -4.669202E-01    9.999842E-01    9.999779E-01    6.229073E-05 
    34   -4.659202E-01    9.999808E-01    9.999732E-01   -2.931950E-05 
    35   -4.649223E-01    9.999896E-01    9.999855E-01   -8.741426E-05 
    36   -4.639244E-01    1.000001E+00    1.000001E+00   -7.124861E-05 
    37   -4.629235E-01    1.000005E+00    1.000008E+00    8.930496E-05 
    38   -4.619199E-01    1.000006E+00    1.000009E+00    1.149617E-04 
    39   -4.609163E-01    1.000012E+00    1.000017E+00    7.235000E-05 
    40   -4.599150E-01    1.000025E+00    1.000035E+00    4.204238E-05 
    41   -4.589158E-01    1.000043E+00    1.000060E+00    2.497389E-05 
    42   -4.579171E-01    1.000058E+00    1.000081E+00    4.964618E-05 
    43   -4.569168E-01    1.000065E+00    1.000091E+00    1.105393E-04 
    44   -4.559144E-01    1.000062E+00    1.000087E+00    1.315396E-04 
    45   -4.549115E-01    1.000056E+00    1.000078E+00    1.147194E-04 
    46   -4.539102E-01    1.000049E+00    1.000068E+00    9.479793E-05 
    47   -4.529103E-01    1.000041E+00    1.000057E+00    7.701792E-05 
    48   -4.519109E-01    1.000029E+00    1.000041E+00    6.857474E-05 
    49   -4.509105E-01    1.000010E+00    1.000014E+00    6.511315E-05 
    50   -4.499086E-01    9.999829E-01    9.999760E-01    4.919005E-05 
    51   -4.489063E-01    9.999513E-01    9.999319E-01    1.423960E-05 
    52   -4.479048E-01    9.999176E-01    9.998847E-01   -2.662390E-05 
    53   -4.469044E-01    9.998823E-01    9.998352E-01   -6.729021E-05 
    54   -4.459043E-01    9.998454E-01    9.997836E-01   -1.052165E-04 
    55   -4.449036E-01    9.998092E-01    9.997329E-01   -1.406378E-04 
    56   -4.439019E-01    9.997793E-01    9.996911E-01   -1.904370E-04 
    57   -4.428997E-01    9.997648E-01    9.996707E-01   -2.420150E-04 
    58   -4.418980E-01    9.997736E-01    9.996830E-01   -3.123525E-04 
    59   -4.408969E-01    9.998096E-01    9.997334E-01   -3.885728E-04 
    60   -4.398962E-01    9.998727E-01    9.998218E-01   -4.013405E-04 
    61   -4.388953E-01    9.999605E-01    9.999446E-01   -2.912142E-04 
    62   -4.378941E-01    1.000070E+00    1.000098E+00   -7.333804E-05 
    63   -4.368928E-01    1.000200E+00    1.000280E+00    1.915910E-04 
    64   -4.358918E-01    1.000349E+00    1.000489E+00    4.468729E-04 
    65   -4.348911E-01    1.000513E+00    1.000718E+00    6.686858E-04 
    66   -4.338908E-01    1.000684E+00    1.000957E+00    8.655527E-04 
    67   -4.328908E-01    1.000853E+00    1.001194E+00    1.057880E-03 
    68   -4.318908E-01    1.001011E+00    1.001415E+00    1.253677E-03 
    69   -4.308910E-01    1.001150E+00    1.001611E+00    1.442131E-03 
    70   -4.298913E-01    1.001268E+00    1.001775E+00    1.604584E-03 
    71   -4.288917E-01    1.001362E+00    1.001908E+00    1.727160E-03 
    72   -4.278922E-01    1.001436E+00    1.002011E+00    1.808062E-03 
    73   -4.268927E-01    1.001489E+00    1.002086E+00    1.854639E-03 
    74   -4.258933E-01    1.001525E+00    1.002136E+00    1.878394E-03 
    75   -4.248939E-01    1.001545E+00    1.002164E+00    1.888548E-03 
    76   -4.238945E-01    1.001551E+00    1.002173E+00    1.889816E-03 
    77   -4.228951E-01    1.001546E+00    1.002165E+00    1.883492E-03 
    78   -4.218957E-01    1.001531E+00    1.002144E+00    1.869604E-03 
    79   -4.208962E-01    1.001508E+00    1.002111E+00    1.847993E-03 
    80   -4.198967E-01    1.001478E+00    1.002070E+00    1.818742E-03 
    81   -4.188972E-01    1.001443E+00    1.002021E+00    1.782516E-03 
    82   -4.178976E-01    1.001404E+00    1.001966E+00    1.740058E-03 
    83   -4.168980E-01    1.001360E+00    1.001904E+00    1.691961E-03 
    84   -4.158984E-01    1.001312E+00    1.001838E+00    1.638766E-03 
    85   -4.148987E-01    1.001262E+00    1.001767E+00    1.581043E-03 
    86   -4.138989E-01    1.001208E+00    1.001692E+00    1.519410E-03 
    87   -4.128991E-01    1.001153E+00    1.001614E+00    1.454525E-03 
    88   -4.118992E-01    1.001096E+00    1.001535E+00    1.387057E-03 
    89   -4.108993E-01    1.001038E+00    1.001454E+00    1.317672E-03 
    90   -4.098993E-01    1.000980E+00    1.001372E+00    1.247018E-03 
    91   -4.088993E-01    1.000921E+00    1.001290E+00    1.175718E-03 
    92   -4.078992E-01    1.000863E+00    1.001208E+00    1.104360E-03 
    93   -4.068990E-01    1.000806E+00    1.001128E+00    1.033494E-03 
    94   -4.058988E-01    1.000749E+00    1.001049E+00    9.636252E-04 
    95   -4.048985E-01    1.000695E+00    1.000973E+00    8.952075E-04 
    96   -4.038981E-01    1.000642E+00    1.000898E+00    8.286436E-04 
    97   -4.028977E-01    1.000591E+00    1.000827E+00    7.642814E-04 
    98   -4.018973E-01    1.000542E+00    1.000759E+00    7.024137E-04 
    99   -4.008968E-01    1.000495E+00    1.000694E+00    6.432792E-04 
   100   -3.998963E-01    1.000451E+00    1.000632E+00    5.870637E-04 
   101   -3.988957E-01    1.000410E+00    1.000574E+00    5.339030E-04 
   102   -3.978951E-01    1.000371E+00    1.000520E+00    4.838859E-04 
   103   -3.968944E-01    1.000335E+00    1.000469E+00    4.370578E-04 
   104   -3.958937E-01    1.000301E+00    1.000421E+00    3.934245E-04 
   105   -3.948930E-01    1.000270E+00    1.000378E+00    3.529571E-04 
   106   -3.938922E-01    1.000241E+00    1.000337E+00    3.155958E-04 
   107   -3.928914E-01    1.000215E+00    1.000300E+00    2.812549E-04 
   108   -3.918906E-01    1.000190E+00    1.000267E+00    2.498265E-04 
   109   -3.908898E-01    1.000169E+00    1.000236E+00    2.211855E-04 
   110   -3.898889E-01    1.000149E+00    1.000208E+00    1.951929E-04 
   111   -3.888881E-01    1.000131E+00    1.000183E+00    1.716998E-04 
   112   -3.878872E-01    1.000115E+00    1.000160E+00    1.505508E-04 
   113   -3.868863E-01    1.000100E+00    1.000140E+00    1.315868E-04 
   114   -3.858854E-01    1.000087E+00    1.000122E+00    1.146478E-04 
   115   -3.848845E-01    1.000076E+00    1.000106E+00    9.957521E-05 
   116   -3.838835E-01    1.000066E+00    1.000092E+00    8.621368E-05 
   117   -3.828826E-01    1.000057E+00    1.000079E+00    7.441282E-05 
   118   -3.818816E-01    1.000049E+00    1.000068E+00    6.402842E-05 
   119   -3.808807E-01    1.000042E+00    1.000059E+00    5.492343E-05 
   120   -3.798797E-01    1.000036E+00    1.000050E+00    4.696869E-05 
   121   -3.788787E-01    1.000031E+00    1.000043E+00    4.004340E-05 
   122   -3.778777E-01    1.000026E+00    1.000036E+00    3.403538E-05 
   123   -3.768768E-01    1.000022E+00    1.000031E+00    2.884113E-05 
   124   -3.758758E-01    1.000019E+00    1.000026E+00    2.436581E-05 
   125   -3.748748E-01    1.000016E+00    1.000022E+00    2.052299E-05 
   126   -3.738738E-01    1.000013E+00    1.000018E+00    1.723437E-05 
   127   -3.728728E-01    1.000011E+00    1.000015E+00    1.442943E-05 
   128   -3.718718E-01    1.000009E+00    1.000013E+00    1.204496E-05 
   129   -3.708708E-01    1.000008E+00    1.000011E+00    1.002458E-05 
   130   -3.698698E-01    1.000006E+00    1.000009E+00    8.318316E-06 
   131   -3.688688E-01    1.000005E+00    1.000007E+00    6.881999E-06 
   132   -3.678678E-01    1.000004E+00    1.000006E+00    5.676831E-06 
   133   -3.668669E-01    1.000004E+00    1.000005E+00    4.668862E-06 
   134   -3.658659E-01    1.000003E+00    1.000004E+00    3.828522E-06 
   135   -3.648649E-01    1.000002E+00    1.000003E+00    3.130166E-06 
   136   -3.638639E-01    1.000002E+00    1.000003E+00    2.551643E-06 
   137   -3.628629E-01    1.000002E+00    1.000002E+00    2.073907E-06 
   138   -3.618619E-01    1.000001E+00    1.000002E+00    1.680643E-06 
   139   -3.608609E-01    1.000001E+00    1.000001E+00    1.357930E-06 
   140   -3.598599E-01    1.000001E+00    1.000001E+00    1.093943E-06 
   141   -3.588589E-01    1.000001E+00    1.000001E+00    8.786705E-07 
   142   -3.578579E-01    1.000001E+00    1.000001E+00    7.036708E-07 
   143   -3.568569E-01    1.000000E+00    1.000001E+00    5.618536E-07 
   144   -3.558559E-01    1.000000E+00    1.000000E+00    4.472852E-07 
   145   -3.548549E-01    1.000000E+00    1.000000E+00    3.550182E-07 
   146   -3.538539E-01    1.000000E+00    1.000000E+00    2.809430E-07 
   147   -3.528529E-01    1.000000E+00    1.000000E+00    2.216580E-07 
   148   -3.518519E-01    1.000000E+00    1.000000E+00    1.743581E-07 
   149   -3.508509E-01    1.000000E+00    1.000000E+00    1.367380E-07 
   150   -3.498498E-01    1.000000E+00    1.000000E+00    1.069104E-07 
   151   -3.488488E-01    1.000000E+00    1.000000E+00    8.333511E-08 
   152   -3.478478E-01    1.000000E+00    1.000000E+00    6.476010E-08 
   153   -3.468468E-01    1.000000E+00    1.000000E+00    5.017084E-08 
   154   -3.458458E-01    1.000000E+00    1.000000E+00    3.874826E-08 
   155   -3.448448E-01    1.000000E+00    1.000000E+00    2.983334E-08 
   156   -3.438438E-01    1.000000E+00    1.000000E+00    2.289769E-08 
   157   -3.428428E-01    1.000000E+00    1.000000E+00    1.751912E-08 
   158   -3.418418E-01    1.000000E+00    1.000000E+00    1.336144E-08 
   159   -3.408408E-01    1.000000E+00    1.000000E+00    1.015789E-08 
   160   -3.398398E-01    1.000000E+00    1.000000E+00    7.697542E-09 
   161   -3.388388E-01    1.000000E+00    1.000000E+00    5.814142E-09 
   162   -3.378378E-01    1.000000E+00    1.000000E+00    4.377145E-09 
   163   -3.368368E-01    1.000000E+00    1.000000E+00    3.284380E-09 
   164   -3.358358E-01    1.000000E+00    1.000000E+00    2.456163E-09 
   165   -3.348348E-01    1.000000E+00    1.000000E+00    1.830569E-09 
   166   -3.338338E-01    1.000000E+00    1.000000E+00    1.359633E-09 
   167   -3.328328E-01    1.000000E+00    1.000000E+00    1.006341E-09 
   168   -3.318318E-01    1.000000E+00    1.000000E+00    7.422251E-10 
   169   -3.308308E-01    1.000000E+00    1.000000E+00    5.454717E-10 
   170   -3.298298E-01    1.000000E+00    1.000000E+00    3.994182E-10 
   171   -3.288288E-01    1.000000E+00    1.000000E+00    2.913944E-10 
   172   -3.278278E-01    1.000000E+00    1.000000E+00    2.117885E-10 
   173   -3.268268E-01    1.000000E+00    1.000000E+00    1.533421E-10 
   174   -3.258258E-01    1.000000E+00    1.000000E+00    1.105923E-10 
   175   -3.248248E-01    1.000000E+00    1.000000E+00    7.944493E-11 
   176   -3.238238E-01    1.000000E+00    1.000000E+00    5.683826E-11 
   177   -3.228228E-01    1.000000E+00    1.000000E+00    4.049641E-11 
   178   -3.218218E-01    1.000000E+00    1.000000E+00    2.873064E-11 
   179   -3.208208E-01    1.000000E+00    1.000000E+00    2.029525E-11 
   180   -3.198198E-01    1.000000E+00    1.000000E+00    1.427184E-11 
   181   -3.188188E-01    1.000000E+00    1.000000E+00    9.989745E-12 
   182   -3.178178E-01    1.000000E+00    1.000000E+00    6.959367E-12 
   183   -3.168168E-01    1.000000E+00    1.000000E+00    4.823539E-12 
   184   -3.158158E-01    1.000000E+00    1.000000E+00    3.325945E-12 
   185   -3.148148E-01    1.000000E+00    1.000000E+00    2.282085E-12 
   186   -3.138138E-01    1.000000E+00    1.000000E+00    1.556622E-12 
   187   -3.128128E-01    1.000000E+00    1.000000E+00    1.055222E-12 
   188   -3.118118E-01    1.000000E+00    1.000000E+00    7.118774E-13 
   189   -3.108108E-01    1.000000E+00    1.000000E+00    4.767675E-13 
   190   -3.098098E-01    1.000000E+00    1.000000E+00    3.170047E-13 
   191   -3.088088E-01    1.000000E+00    1.000000E+00    2.100924E-13 
   192   -3.078078E-01    1.000000E+00    1.000000E+00    1.382505E-13 
   193   -3.068068E-01    1.000000E+00    1.000000E+00    9.042063E-14 
   194   -3.058058E-01    1.000000E+00    1.000000E+00    5.884298E-14 
   195   -3.048048E-01    1.000000E+00    1.000000E+00    3.777120E-14 
   196   -3.038038E-01    1.000000E+00    1.000000E+00    2.345287E-14 
   197   -3.028028E-01    1.000000E+00    1.000000E+00    1.448394E-14 
   198   -3.018018E-01    1.000000E+00    1.000000E+00    8.053488E-15 
   199   -3.008008E-01    1.000000E+00    1.000000E+00    4.679191E-15 
   200   -2.997998E-01    1.000000E+00    1.000000E+00    2.960705E-15 
   201   -2.987988E-01    1.000000E+00    1.000000E+00    1.425081E-15 
   202   -2.977978E-01    1.000000E+00    1.000000E+00    6.499557E-16 
   203   -2.967968E-01    1.000000E+00    1.000000E+00    3.691734E-16 
   204   -2.957958E-01    1.000000E+00    1.000000E+00    3.952944E-17 
   205   -2.947948E-01    1.000000E+00    1.000000E+00   -8.528882E-16 
   206   -2.937938E-01    1.000000E+00    1.000000E+00   -3.936055E-17 
   207   -2.927928E-01    1.000000E+00    1.000000E+00    2.144174E-16 
   208   -2.917918E-01    1.000000E+00    1.000000E+00    1.057427E-15 
   209   -2.907908E-01    1.000000E+00    1.000000E+00    9.506035E-16 
   210   -2.897898E-01    1.000000E+00    1.000000E+00    1.087984E-15 
   211   -2.887888E-01    1.000000E+00    1.000000E+00    7.733438E-16 
   212   -2.877878E-01    1.000000E+00    1.000000E+00    5.170809E-16 
   213   -2.867868E-01    1.000000E+00    1.000000E+00    3.832307E-16 
   214   -2.857858E-01    1.000000E+00    1.000000E+00    3.896036E-16 
   215   -2.847848E-01    1.000000E+00    1.000000E+00    3.398249E-16 
   216   -2.837838E-01    1.000000E+00    1.000000E+00    2.360058E-16 
   217   -2.827828E-01    1.000000E+00    1.000000E+00    2.283031E-16 
   218   -2.817818E-01    1.000000E+00    1.000000E+00    1.871455E-16 
   219   -2.807808E-01    1.000000E+00    1.000000E+00    1.698857E-17 
   220   -2.797798E-01    1.000000E+00    1.000000E+00   -6.160008E-17 
   221   -2.787788E-01    1.000000E+00    1.000000E+00    1.072506E-16 
   222   -2.777778E-01    1.000000E+00    1.000000E+00    1.157364E-16 
   223   -2.767768E-01    1.000000E+00    1.000000E+00    9.291352E-17 
   224   -2.757758E-01    1.000000E+00    1.000000E+00   -9.555724E-17 
   225   -2.747748E-01    1.000000E+00    1.000000E+00   -1.246306E-16 
   226   -2.737738E-01    1.000000E+00    1.000000E+00   -1.771867E-17 
   227   -2.727728E-01    1.000000E+00    1.000000E+00   -8.016633E-17 
   228   -2.717718E-01    1.000000E+00    1.000000E+00   -1.263630E-16 
   229   -2.707708E-01    1.000000E+00    1.000000E+00   -1.854754E-16 
   230   -2.697698E-01    1.000000E+00    1.000000E+00   -1.731450E-16 
   231   -2.687688E-01    1.000000E+00    1.000000E+00    8.308834E-17 
   232   -2.677678E-01    1.000000E+00    1.000000E+00   -9.073066E-17 
   233   -2.667668E-01    1.000000E+00    1.000000E+00   -3.842219E-17 
   234   -2.657658E-01    1.000000E+00    1.000000E+00   -1.869112E-16 
   235   -2.647648E-01    1.000000E+00    1.000000E+00   -1.317096E-16 
   236   -2.637638E-01    1.000000E+00    1.000000E+00   -1.528426E-16 
   237   -2.627628E-01    1.000000E+00    1.000000E+00   -5.070170E-16 
   238   -2.617618E-01    1.000000E+00    1.000000E+00   -6.476795E-16 
   239   -2.607608E-01    1.000000E+00    1.000000E+00   -7.278800E-16 
   240   -2.597598E-01    1.000000E+00    1.000000E+00   -7.366733E-16 
   241   -2.587588E-01    1.000000E+00    1.000000E+00   -3.693091E-16 
   242   -2.577578E-01    1.000000E+00    1.000000E+00    2.335663E-16 
   243   -2.567568E-01    1.000000E+00    1.000000E+00    1.218382E-15 
   244   -2.557558E-01    1.000000E+00    1.000000E+00    2.331571E-16 
   245   -2.547548E-01    1.000000E+00    1.000000E+00   -2.192974E-16 
   246   -2.537538E-01    1.000000E+00    1.000000E+00   -5.913131E-16 
   247   -2.527528E-01    1.000000E+00    1.000000E+00   -9.748365E-16 
   248   -2.517518E-01    1.000000E+00    1.000000E+00   -1.563263E-15 
   249   -2.507508E-01    1.000000E+00    1.000000E+00   -1.260337E-15 
   250   -2.497497E-01    1.000000E+00    1.000000E+00    6.940957E-16 
   251   -2.487487E-01    1.000000E+00    1.000000E+00    1.052622E-15 
   252   -2.477477E-01    1.000000E+00    1.000000E+00    6.522264E-16 
   253   -2.467467E-01    1.000000E+00    1.000000E+00    9.444521E-16 
   254   -2.457457E-01    1.000000E+00    1.000000E+00    6.511252E-16 
   255   -2.447447E-01    1.000000E+00    1.000000E+00    4.475881E-16 
   256   -2.437437E-01    1.000000E+00    1.000000E+00    2.944390E-16 
   257   -2.427427E-01    1.000000E+00    1.000000E+00    2.991463E-16 
   258   -2.417417E-01    1.000000E+00    1.000000E+00    1.305138E-16 
   259   -2.407407E-01    1.000000E+00    1.000000E+00    1.168795E-16 
   260   -2.397397E-01    1.000000E+00    1.000000E+00    1.811837E-16 
   261   -2.387387E-01    1.000000E+00    1.000000E+00    1.907064E-16 
   262   -2.377377E-01    1.000000E+00    1.000000E+00    1.525808E-16 
   263   -2.367367E-01    1.000000E+00    1.000000E+00    1.829820E-16 
   264   -2.357357E-01    1.000000E+00    1.000000E+00    8.597654E-17 
   265   -2.347347E-01    1.000000E+00    1.000000E+00   -1.653409E-17 
   266   -2.337337E-01    1.000000E+00    1.000000E+00   -2.882362E-16 
   267   -2.327327E-01    1.000000E+00    1.000000E+00   -6.150072E-16 
   268   -2.317317E-01    1.000000E+00    1.000000E+00   -6.033072E-16 
   269   -2.307307E-01    1.000000E+00    1.000000E+00   -5.269591E-16 
   270   -2.297297E-01    1.000000E+00    1.000000E+00   -4.021225E-16 
   271   -2.287287E-01    1.000000E+00    1.000000E+00    3.639872E-16 
   272   -2.277277E-01    1.000000E+00    1.000000E+00    1.066752E-15 
   273   -2.267267E-01    1.000000E+00    1.000000E+00    3.400810E-16 
   274   -2.257257E-01    1.000000E+00    1.000000E+00   -1.502743E-17 
   275   -2.247247E-01    1.000000E+00    1.000000E+00   -3.937789E-16 
   276   -2.237237E-01    1.000000E+00    1.000000E+00   -7.137188E-16 
   277   -2.227227E-01    1.000000E+00    1.000000E+00   -1.473983E-15 
   278   -2.217217E-01    1.000000E+00    1.000000E+00   -9.181522E-16 
   279   -2.207207E-01    1.000000E+00    1.000000E+00    1.017565E-16 
   280   -2.197197E-01    1.000000E+00    1.000000E+00    8.545685E-16 
   281   -2.187187E-01    1.000000E+00    1.000000E+00    7.394386E-16 
   282   -2.177177E-01    1.000000E+00    1.000000E+00    8.071955E-16 
   283   -2.167167E-01    1.000000E+00    1.000000E+00    5.949549E-16 
   284   -2.157157E-01    1.000000E+00    1.000000E+00    1.530421E-16 
   285   -2.147147E-01    1.000000E+00    1.000000E+00    1.817745E-16 
   286   -2.137137E-01    1.000000E+00    1.000000E+00    1.075492E-16 
   287   -2.127127E-01    1.000000E+00    1.000000E+00    8.083426E-17 
   288   -2.117117E-01    1.000000E+00    1.000000E+00   -9.791185E-17 
   289   -2.107107E-01    1.000000E+00    1.000000E+00   -1.061862E-16 
   290   -2.097097E-01    1.000000E+00    1.000000E+00   -1.499132E-16 
   291   -2.087087E-01    1.000000E+00    1.000000E+00   -1.829713E-16 
   292   -2.077077E-01    1.000000E+00    1.000000E+00   -2.458206E-16 
   293   -2.067067E-01    1.000000E+00    1.000000E+00   -3.789117E-16 
   294   -2.057057E-01    1.000000E+00    1.000000E+00   -8.074104E-16 
   295   -2.047047E-01    1.000000E+00    1.000000E+00   -1.007255E-15 
   296   -2.037037E-01    1.000000E+00    1.000000E+00   -1.208794E-15 
   297   -2.027027E-01    1.000000E+00    1.000000E+00   -1.109885E-15 
   298   -2.017017E-01    1.000000E+00    1.000000E+00   -2.021834E-15 
   299   -2.007007E-01    1.000000E+00    1.000000E+00   -4.761293E-15 
   300   -1.996997E-01    1.000000E+00    1.000000E+00   -1.000243E-14 
   301   -1.986987E-01    1.000000E+00    1.000000E+00   -1.742577E-14 
   302   -1.976977E-01    1.000000E+00    1.000000E+00   -2.914283E-14 
   303   -1.966967E-01    1.000000E+00    1.000000E+00   -4.721519E-14 
   304   -1.956957E-01    1.000000E+00    1.000000E+00   -7.536197E-14 
   305   -1.946947E-01    1.000000E+00    1.000000E+00   -1.187488E-13 
   306   -1.936937E-01    1.000000E+00    1.000000E+00   -1.850407E-13 
   307   -1.926927E-01    1.000000E+00    1.000000E+00   -2.860978E-13 
   308   -1.916917E-01    1.000000E+00    1.000000E+00   -4.387806E-13 
   309   -1.906907E-01    1.000000E+00    1.000000E+00   -6.672411E-13 
   310   -1.896897E-01    1.000000E+00    1.000000E+00   -1.006301E-12 
   311   -1.886887E-01    1.000000E+00    1.000000E+00   -1.507370E-12 
   312   -1.876877E-01    1.000000E+00    1.000000E+00   -2.243127E-12 
   313   -1.866867E-01    1.000000E+00    1.000000E+00   -3.316434E-12 
   314   -1.856857E-01    1.000000E+00    1.000000E+00   -4.873843E-12 
   315   -1.846847E-01    1.000000E+00    1.000000E+00   -7.121478E-12 
   316   -1.836837E-01    1.000000E+00    1.000000E+00   -1.034773E-11 
   317   -1.826827E-01    1.000000E+00    1.000000E+00   -1.495294E-11 
   318   -1.816817E-01    1.000000E+00    1.000000E+00   -2.149599E-11 
   319   -1.806807E-01    1.000000E+00    1.000000E+00   -3.074681E-11 
   320   -1.796797E-01    1.000000E+00    1.000000E+00   -4.376468E-11 
   321   -1.786787E-01    1.000000E+00    1.000000E+00   -6.200006E-11 
   322   -1.776777E-01    1.000000E+00    1.000000E+00   -8.743086E-11 
   323   -1.766767E-01    1.000000E+00    1.000000E+00   -1.227411E-10 
   324   -1.756757E-01    1.000000E+00    1.000000E+00   -1.715595E-10 
   325   -1.746747E-01    1.000000E+00    1.000000E+00   -2.387715E-10 
   326   -1.736737E-01    1.000000E+00    1.000000E+00   -3.309267E-10 
   327   -1.726727E-01    1.000000E+00    1.000000E+00   -4.567682E-10 
   328   -1.716717E-01    1.000000E+00    1.000000E+00   -6.279265E-10 
   329   -1.706707E-01    1.000000E+00    1.000000E+00   -8.598060E-10 
   330   -1.696697E-01    1.000000E+00    1.000000E+00   -1.172731E-09 
   331   -1.686687E-01    1.000000E+00    1.000000E+00   -1.593416E-09 
   332   -1.676677E-01    1.000000E+00    1.000000E+00   -2.156834E-09 
   333   -1.666667E-01    1.000000E+00    1.000000E+00   -2.908591E-09 
   334   -1.656657E-01    1.000000E+00    1.000000E+00   -3.907935E-09 
   335   -1.646647E-01    1.000000E+00    1.000000E+00   -5.231541E-09 
   336   -1.636637E-01    1.000000E+00    1.000000E+00   -6.978251E-09 
   337   -1.626627E-01    1.000000E+00    1.000000E+00   -9.274998E-09 
   338   -1.616617E-01    1.000000E+00    1.000000E+00   -1.228417E-08 
   339   -1.606607E-01    1.000000E+00    1.000000E+00   -1.621274E-08 
   340   -1.596597E-01    1.000000E+00    1.000000E+00   -2.132343E-08 
   341   -1.586587E-01    1.000000E+00    1.000000E+00   -2.794854E-08 
   342   -1.576577E-01    1.000000E+00    1.000000E+00   -3.650672E-08 
   343   -1.566567E-01    1.000000E+00    1.000000E+00   -4.752337E-08 
   344   -1.556557E-01    1.000000E+00    1.000000E+00   -6.165529E-08 
   345   -1.546547E-01    1.000000E+00    1.000000E+00   -7.972041E-08 
   346   -1.536537E-01    1.000000E+00    1.000000E+00   -1.027333E-07 
   347   -1.526527E-01    1.000000E+00    1.000000E+00   -1.319474E-07 
   348   -1.516517E-01    1.000000E+00    1.000000E+00   -1.689054E-07 
   349   -1.506507E-01    1.000000E+00    1.000000E+00   -2.154978E-07 
   350   -1.496497E-01    1.000000E+00    1.000000E+00   -2.740327E-07 
   351   -1.486486E-01    1.000000E+00    1.000000E+00   -3.473157E-07 
   352   -1.476476E-01    1.000000E+00    1.000000E+00   -4.387436E-07 
   353   -1.466466E-01    1.000000E+00    1.000001E+00   -5.524113E-07 
   354   -1.456456E-01    1.000001E+00    1.000001E+00   -6.932341E-07 
   355   -1.446446E-01    1.000001E+00    1.000001E+00   -8.670868E-07 
   356   -1.436436E-01    1.000001E+00    1.000001E+00   -1.080959E-06 
   357   -1.426426E-01    1.000001E+00    1.000001E+00   -1.343131E-06 
   358   -1.416416E-01    1.000001E+00    1.000002E+00   -1.663364E-06 
   359   -1.406406E-01    1.000002E+00    1.000002E+00   -2.053111E-06 
   360   -1.396396E-01    1.000002E+00    1.000003E+00   -2.525748E-06 
   361   -1.386386E-01    1.000002E+00    1.000003E+00   -3.096815E-06 
   362   -1.376376E-01    1.000003E+00    1.000004E+00   -3.784273E-06 
   363   -1.366367E-01    1.000004E+00    1.000005E+00   -4.608774E-06 
   364   -1.356357E-01    1.000004E+00    1.000006E+00   -5.593927E-06 
   365   -1.346347E-01    1.000005E+00    1.000007E+00   -6.766572E-06 
   366   -1.336337E-01    1.000006E+00    1.000009E+00   -8.157033E-06 
   367   -1.326327E-01    1.000007E+00    1.000010E+00   -9.799355E-06 
   368   -1.316317E-01    1.000009E+00    1.000013E+00   -1.173150E-05 
   369   -1.306307E-01    1.000011E+00    1.000015E+00   -1.399552E-05 
   370   -1.296297E-01    1.000013E+00    1.000018E+00   -1.663760E-05 
   371   -1.286287E-01    1.000015E+00    1.000021E+00   -1.970810E-05 
   372   -1.276277E-01    1.000018E+00    1.000025E+00   -2.326140E-05 
   373   -1.266267E-01    1.000021E+00    1.000029E+00   -2.735569E-05 
   374   -1.256258E-01    1.000024E+00    1.000034E+00   -3.205253E-05 
   375   -1.246248E-01    1.000028E+00    1.000040E+00   -3.741626E-05 
   376   -1.236238E-01    1.000033E+00    1.000046E+00   -4.351320E-05 
   377   -1.226228E-01    1.000038E+00    1.000053E+00   -5.041058E-05 
   378   -1.216219E-01    1.000044E+00    1.000062E+00   -5.817520E-05 
   379   -1.206209E-01    1.000051E+00    1.000071E+00   -6.687180E-05 
   380   -1.196200E-01    1.000058E+00    1.000081E+00   -7.656114E-05 
   381   -1.186190E-01    1.000066E+00    1.000093E+00   -8.729769E-05 
   382   -1.176181E-01    1.000075E+00    1.000105E+00   -9.912704E-05 
   383   -1.166172E-01    1.000085E+00    1.000119E+00   -1.120830E-04 
   384   -1.156162E-01    1.000096E+00    1.000134E+00   -1.261841E-04 
   385   -1.146153E-01    1.000107E+00    1.000150E+00   -1.414306E-04 
   386   -1.136145E-01    1.000120E+00    1.000168E+00   -1.578000E-04 
   387   -1.126136E-01    1.000133E+00    1.000187E+00   -1.752436E-04 
   388   -1.116127E-01    1.000148E+00    1.000207E+00   -1.936823E-04 
   389   -1.106119E-01    1.000163E+00    1.000228E+00   -2.130027E-04 
   390   -1.096110E-01    1.000178E+00    1.000249E+00   -2.330521E-04 
   391   -1.086102E-01    1.000194E+00    1.000272E+00   -2.536348E-04 
   392   -1.076094E-01    1.000211E+00    1.000295E+00   -2.745091E-04 
   393   -1.066086E-01    1.000227E+00    1.000318E+00   -2.953848E-04 
   394   -1.056079E-01    1.000244E+00    1.000341E+00   -3.159253E-04 
   395   -1.046071E-01    1.000259E+00    1.000363E+00   -3.357390E-04 
   396   -1.036064E-01    1.000274E+00    1.000384E+00   -3.543524E-04 
   397   -1.026057E-01    1.000288E+00    1.000403E+00   -3.711451E-04 
   398   -1.016050E-01    1.000298E+00    1.000417E+00   -3.854082E-04 
   399   -1.006043E-01    1.000305E+00    1.000427E+00   -3.963684E-04 
   400   -9.960362E-02    1.000305E+00    1.000427E+00   -4.036064E-04 
   401   -9.860295E-02    1.000295E+00    1.000414E+00   -4.057416E-04 
   402   -9.760229E-02    1.000272E+00    1.000381E+00   -4.008917E-04 
   403   -9.660162E-02    1.000228E+00    1.000320E+00   -3.836143E-04 
   404   -9.560093E-02    1.000156E+00    1.000218E+00   -3.449415E-04 
   405   -9.460019E-02    1.000045E+00    1.000063E+00   -2.709575E-04 
   406   -9.359938E-02    9.998817E-01    9.998343E-01   -1.469233E-04 
   407   -9.259844E-02    9.996510E-01    9.995111E-01    4.435117E-05 
   408   -9.159731E-02    9.993339E-01    9.990669E-01    3.242605E-04 
   409   -9.059591E-02    9.989086E-01    9.984713E-01    7.181162E-04 
   410   -8.959413E-02    9.983503E-01    9.976895E-01    1.255301E-03 
   411   -8.859183E-02    9.976315E-01    9.966830E-01    1.969742E-03 
   412   -8.758886E-02    9.967223E-01    9.954101E-01    2.900575E-03 
   413   -8.658501E-02    9.955907E-01    9.938262E-01    4.091885E-03 
   414   -8.558003E-02    9.942030E-01    9.918847E-01    5.591555E-03 
   415   -8.457364E-02    9.925250E-01    9.895379E-01    7.448584E-03 
   416   -8.356553E-02    9.905224E-01    9.867388E-01    9.710455E-03 
   417   -8.255536E-02    9.881626E-01    9.834428E-01    1.242066E-02 
   418   -8.154271E-02    9.854161E-01    9.796102E-01    1.561883E-02 
   419   -8.052713E-02    9.822583E-01    9.752083E-01    1.934244E-02 
   420   -7.950811E-02    9.786703E-01    9.702130E-01    2.362746E-02 
   421   -7.848510E-02    9.746393E-01    9.646092E-01    2.850755E-02 
   422   -7.745755E-02    9.701584E-01    9.583901E-01    3.400806E-02 
   423   -7.642492E-02    9.652253E-01    9.515562E-01    4.013896E-02 
   424   -7.538672E-02    9.598420E-01    9.441141E-01    4.688899E-02 
   425   -7.434242E-02    9.540145E-01    9.360761E-01    5.422736E-02 
   426   -7.329145E-02    9.477525E-01    9.274601E-01    6.211395E-02 
   427   -7.223317E-02    9.410698E-01    9.182901E-01    7.051338E-02 
   428   -7.116692E-02    9.339836E-01    9.085946E-01    7.940771E-02 
   429   -7.009209E-02    9.265127E-01    8.984041E-01    8.879623E-02 
   430   -6.900813E-02    9.186745E-01    8.877470E-01    9.872219E-02 
   431   -6.791459E-02    9.104805E-01    8.766439E-01    1.092219E-01 
   432   -6.681102E-02    9.019348E-01    8.651057E-01    1.202955E-01 
   433   -6.569688E-02    8.930366E-01    8.531370E-01    1.319114E-01 
   434   -6.457144E-02    8.837862E-01    8.407448E-01    1.440238E-01 
   435   -6.343385E-02    8.741931E-01    8.279486E-01    1.566014E-01 
   436   -6.228317E-02    8.642818E-01    8.147876E-01    1.696533E-01 
   437   -6.111856E-02    8.540912E-01    8.013198E-01    1.832267E-01 
   438   -5.993937E-02    8.436702E-01    7.876147E-01    1.973757E-01 
   439   -5.874519E-02    8.330691E-01    7.737421E-01    2.120773E-01 
   440   -5.753562E-02    8.223327E-01    7.597637E-01    2.272887E-01 
   441   -5.631014E-02    8.114957E-01    7.457282E-01    2.429542E-01 
   442   -5.506804E-02    8.005870E-01    7.316764E-01    2.588996E-01 
   443   -5.380866E-02    7.896414E-01    7.176558E-01    2.748823E-01 
   444   -5.253140E-02    7.787072E-01    7.037291E-01    2.907449E-01 
   445   -5.123575E-02    7.678452E-01    6.899732E-01    3.064229E-01 
   446   -4.992136E-02    7.571164E-01    6.764633E-01    3.219829E-01 
   447   -4.858804E-02    7.465639E-01    6.632501E-01    3.375918E-01 
   448   -4.723594E-02    7.361946E-01    6.503378E-01    3.533047E-01 
   449   -4.586524E-02    7.259629E-01    6.376665E-01    3.690605E-01 
   450   -4.447601E-02    7.157747E-01    6.251181E-01    3.848651E-01 
   451   -4.306763E-02    7.055073E-01    6.125431E-01    4.007570E-01 
   452   -4.163895E-02    6.950482E-01    5.998074E-01    4.167919E-01 
   453   -4.018827E-02    6.843301E-01    5.868352E-01    4.331109E-01 
   454   -3.871393E-02    6.733521E-01    5.736335E-01    4.499673E-01 
   455   -3.721452E-02    6.621714E-01    5.602788E-01    4.676707E-01 
   456   -3.568890E-02    6.508738E-01    5.468780E-01    4.864654E-01 
   457   -3.413615E-02    6.395375E-01    5.335253E-01    5.062743E-01 
   458   -3.255567E-02    6.282085E-01    5.202749E-01    5.266991E-01 
   459   -3.094695E-02    6.169091E-01    5.071529E-01    5.473085E-01 
   460   -2.930870E-02    6.056672E-01    4.941948E-01    5.678818E-01 
   461   -2.763931E-02    5.945588E-01    4.814898E-01    5.880083E-01 
   462   -2.593766E-02    5.837424E-01    4.692147E-01    6.072738E-01 
   463   -2.420375E-02    5.734534E-01    4.576246E-01    6.254864E-01 
   464   -2.243858E-02    5.639605E-01    4.470039E-01    6.428678E-01 
   465   -2.064401E-02    5.555208E-01    4.376178E-01    6.595962E-01 
   466   -1.882328E-02    5.483366E-01    4.296700E-01    6.751617E-01 
   467   -1.698114E-02    5.425408E-01    4.232861E-01    6.884619E-01 
   468   -1.512218E-02    5.382209E-01    4.185398E-01    6.982033E-01 
   469   -1.324964E-02    5.354344E-01    4.154709E-01    7.035031E-01 
   470   -1.136939E-02    5.341614E-01    4.140424E-01    7.032867E-01 
   471   -9.490552E-03    5.342582E-01    4.140937E-01    6.992647E-01 
   472   -7.614852E-03    5.354739E-01    4.153589E-01    6.947059E-01 
   473   -5.743559E-03    5.374247E-01    4.174320E-01    6.904211E-01 
   474   -3.884135E-03    5.395784E-01    4.197344E-01    6.873753E-01 
   475   -2.038312E-03    5.414723E-01    4.217463E-01    6.850876E-01 
   476   -1.954627E-04    5.429815E-01    4.233177E-01    6.826655E-01 
   477    1.651868E-03    5.441852E-01    4.245432E-01    6.801660E-01 
   478    3.488081E-03    5.450972E-01    4.254670E-01    6.784653E-01 
   479    5.315460E-03    5.457133E-01    4.260817E-01    6.773977E-01 
   480    7.150413E-03    5.461759E-01    4.265092E-01    6.765114E-01 
   481    8.992713E-03    5.466301E-01    4.268935E-01    6.758989E-01 
   482    1.081628E-02    5.470286E-01    4.272103E-01    6.759265E-01 
   483    1.263776E-02    5.473317E-01    4.274241E-01    6.758892E-01 
   484    1.447721E-02    5.476189E-01    4.276108E-01    6.755209E-01 
   485    1.630858E-02    5.479015E-01    4.277846E-01    6.752636E-01 
   486    1.812233E-02    5.481241E-01    4.279019E-01    6.750601E-01 
   487    1.994792E-02    5.483958E-01    4.280443E-01    6.743805E-01 
   488    2.178976E-02    5.488610E-01    4.282718E-01    6.740077E-01 
   489    2.361122E-02    5.493770E-01    4.283452E-01    6.745592E-01 
   490    2.540721E-02    5.498573E-01    4.281153E-01    6.742877E-01 
   491    2.724508E-02    5.503367E-01    4.276438E-01    6.734582E-01 
   492    2.908681E-02    5.502052E-01    4.265425E-01    6.740081E-01 
   493    3.086769E-02    5.487687E-01    4.244241E-01    6.745582E-01 
   494    3.265870E-02    5.452554E-01    4.216580E-01    6.722644E-01 
   495    3.455613E-02    5.391457E-01    4.210237E-01    6.729773E-01 
   496    3.644900E-02    5.302404E-01    4.237475E-01    6.746046E-01 
   497    3.813833E-02    5.207088E-01    4.291359E-01    6.724348E-01 
   498    4.034768E-02    5.085251E-01    4.342653E-01    6.730968E-01 
   499    4.260863E-02    4.959546E-01    4.489292E-01    6.782227E-01 
   500    4.204207E-02    4.990420E-01    3.472476E-01    6.560695E-01 
   501    4.367305E-02    4.893751E-01    3.701057E-01    6.703421E-01 
   502    4.464470E-02    4.833920E-01    3.940645E-01    6.726312E-01 
   503    4.524764E-02    4.796174E-01    4.159558E-01    6.726531E-01 
   504    4.559284E-02    4.775781E-01    4.327811E-01    6.698209E-01 
   505    4.617820E-02    4.743224E-01    4.411819E-01    6.706081E-01 
   506    4.689765E-02    4.704447E-01    4.433135E-01    6.757823E-01 
   507    4.732255E-02    4.682827E-01    4.432355E-01    6.754719E-01 
   508    4.754499E-02    4.672248E-01    4.421527E-01    6.738179E-01 
   509    4.790963E-02    4.656517E-01    4.400356E-01    6.698640E-01 
   510    4.856401E-02    4.631903E-01    4.371872E-01    6.712933E-01 
   511    4.924532E-02    4.610645E-01    4.347518E-01    6.718391E-01 
   512    4.992250E-02    4.594039E-01    4.327931E-01    6.714901E-01 
   513    5.059540E-02    4.581865E-01    4.312998E-01    6.718808E-01 
   514    5.113009E-02    4.574762E-01    4.302652E-01    6.720449E-01 
   515    5.161251E-02    4.569974E-01    4.294439E-01    6.724188E-01 
   516    5.208957E-02    4.566446E-01    4.287719E-01    6.721752E-01 
   517    5.261032E-02    4.564046E-01    4.283000E-01    6.711437E-01 
   518    5.311926E-02    4.562892E-01    4.279832E-01    6.708677E-01 
   519    5.364573E-02    4.562466E-01    4.277617E-01    6.711801E-01 
   520    5.420353E-02    4.562478E-01    4.275987E-01    6.720132E-01 
   521    5.479311E-02    4.562793E-01    4.274913E-01    6.729451E-01 
   522    5.539860E-02    4.563122E-01    4.273919E-01    6.738954E-01 
   523    5.597428E-02    4.563302E-01    4.272827E-01    6.741166E-01 
   524    5.651229E-02    4.563565E-01    4.271848E-01    6.736240E-01 
   525    5.704474E-02    4.564017E-01    4.271175E-01    6.731817E-01 
   526    5.759113E-02    4.564455E-01    4.270465E-01    6.733276E-01 
   527    5.812567E-02    4.564655E-01    4.269458E-01    6.733720E-01 
   528    5.865027E-02    4.564715E-01    4.268241E-01    6.731692E-01 
   529    5.917950E-02    4.564668E-01    4.266942E-01    6.729110E-01 
   530    5.972177E-02    4.564495E-01    4.265565E-01    6.726886E-01 
   531    6.027764E-02    4.564197E-01    4.264141E-01    6.724163E-01 
   532    6.084309E-02    4.563829E-01    4.262742E-01    6.720054E-01 
   533    6.141077E-02    4.563475E-01    4.261446E-01    6.714765E-01 
   534    6.197347E-02    4.563207E-01    4.260309E-01    6.709105E-01 
   535    6.252707E-02    4.563041E-01    4.259320E-01    6.703701E-01 
   536    6.307163E-02    4.562983E-01    4.258470E-01    6.698039E-01 
   537    6.360903E-02    4.563062E-01    4.257806E-01    6.691866E-01 
   538    6.414386E-02    4.563315E-01    4.257366E-01    6.685563E-01 
   539    6.468093E-02    4.563762E-01    4.257224E-01    6.680516E-01 
   540    6.522405E-02    4.564402E-01    4.257351E-01    6.678562E-01 
   541    6.577490E-02    4.565214E-01    4.257787E-01    6.681413E-01 
   542    6.633186E-02    4.566147E-01    4.258399E-01    6.689304E-01 
   543    6.689052E-02    4.567143E-01    4.259185E-01    6.699113E-01 
   544    6.744610E-02    4.568157E-01    4.259975E-01    6.707024E-01 
   545    6.799740E-02    4.569151E-01    4.260815E-01    6.712205E-01 
   546    6.854430E-02    4.570071E-01    4.261505E-01    6.715373E-01 
   547    6.908805E-02    4.570847E-01    4.262076E-01    6.717110E-01 
   548    6.962960E-02    4.571393E-01    4.262289E-01    6.718109E-01 
   549    7.017141E-02    4.571611E-01    4.262144E-01    6.718771E-01 
   550    7.071450E-02    4.571394E-01    4.261394E-01    6.719161E-01 
   551    7.125991E-02    4.570636E-01    4.260008E-01    6.719064E-01 
   552    7.180745E-02    4.569260E-01    4.257805E-01    6.718064E-01 
   553    7.235687E-02    4.567226E-01    4.254796E-01    6.715651E-01 
   554    7.290642E-02    4.564550E-01    4.250959E-01    6.711370E-01 
   555    7.345578E-02    4.561292E-01    4.246379E-01    6.704881E-01 
   556    7.400430E-02    4.557559E-01    4.241206E-01    6.695955E-01 
   557    7.455207E-02    4.553494E-01    4.235580E-01    6.684498E-01 
   558    7.509947E-02    4.549274E-01    4.229806E-01    6.670503E-01 
   559    7.564721E-02    4.545103E-01    4.224046E-01    6.654248E-01 
   560    7.619645E-02    4.541197E-01    4.218709E-01    6.636071E-01 
   561    7.674730E-02    4.537791E-01    4.213967E-01    6.616365E-01 
   562    7.730073E-02    4.535106E-01    4.210250E-01    6.596069E-01 
   563    7.785567E-02    4.533350E-01    4.207688E-01    6.577061E-01 
   564    7.841233E-02    4.532682E-01    4.206620E-01    6.562483E-01 
   565    7.896932E-02    4.533194E-01    4.207039E-01    6.555060E-01 
   566    7.952631E-02    4.534886E-01    4.209054E-01    6.556855E-01 
   567    8.008203E-02    4.537653E-01    4.212433E-01    6.567470E-01 
   568    8.063649E-02    4.541281E-01    4.216966E-01    6.585609E-01 
   569    8.118913E-02    4.545447E-01    4.222188E-01    6.609067E-01 
   570    8.173998E-02    4.549727E-01    4.227565E-01    6.635284E-01 
   571    8.228909E-02    4.553612E-01    4.232450E-01    6.662543E-01 
   572    8.283643E-02    4.556522E-01    4.236038E-01    6.688378E-01 
   573    8.338244E-02    4.557828E-01    4.237581E-01    6.711531E-01 
   574    8.392708E-02    4.556868E-01    4.236105E-01    6.730315E-01 
   575    8.447098E-02    4.552963E-01    4.230831E-01    6.744352E-01 
   576    8.501414E-02    4.545442E-01    4.220734E-01    6.752409E-01 
   577    8.555738E-02    4.533647E-01    4.205086E-01    6.752998E-01 
   578    8.610081E-02    4.516976E-01    4.182947E-01    6.745211E-01 
   579    8.664551E-02    4.494841E-01    4.153676E-01    6.728677E-01 
   580    8.719183E-02    4.466728E-01    4.116497E-01    6.699687E-01 
   581    8.774105E-02    4.432168E-01    4.070934E-01    6.654981E-01 
   582    8.829404E-02    4.390785E-01    4.016451E-01    6.592306E-01 
   583    8.885239E-02    4.342219E-01    3.952724E-01    6.507902E-01 
   584    8.941749E-02    4.286254E-01    3.879570E-01    6.399506E-01 
   585    8.999115E-02    4.222742E-01    3.796918E-01    6.264336E-01 
   586    9.057523E-02    4.151619E-01    3.704926E-01    6.097570E-01 
   587    9.117166E-02    4.073000E-01    3.603904E-01    5.901134E-01 
   588    9.178281E-02    3.987108E-01    3.494478E-01    5.675264E-01 
   589    9.241043E-02    3.894470E-01    3.377544E-01    5.414013E-01 
   590    9.305705E-02    3.795778E-01    3.254369E-01    5.113954E-01 
   591    9.372464E-02    3.692019E-01    3.126371E-01    4.779921E-01 
   592    9.441581E-02    3.584338E-01    2.995382E-01    4.418693E-01 
   593    9.513185E-02    3.474407E-01    2.863577E-01    4.030134E-01 
   594    9.587458E-02    3.364008E-01    2.733330E-01    3.615674E-01 
   595    9.664488E-02    3.255182E-01    2.607010E-01    3.186790E-01 
   596    9.744373E-02    3.149935E-01    2.486966E-01    2.757143E-01 
   597    9.827059E-02    3.050379E-01    2.375342E-01    2.336330E-01 
   598    9.912471E-02    2.958297E-01    2.273865E-01    1.935261E-01 
   599    1.000043E-01    2.875146E-01    2.183720E-01    1.567003E-01 
   600    1.009074E-01    2.801875E-01    2.105509E-01    1.242055E-01 
   601    1.018308E-01    2.738912E-01    2.039211E-01    9.649114E-02 
   602    1.027717E-01    2.686081E-01    1.984244E-01    7.360368E-02 
   603    1.037269E-01    2.642770E-01    1.939620E-01    5.517836E-02 
   604    1.046935E-01    2.608015E-01    1.904093E-01    4.079842E-02 
   605    1.056692E-01    2.580687E-01    1.876324E-01    2.981824E-02 
   606    1.066517E-01    2.559583E-01    1.854969E-01    2.153801E-02 
   607    1.076393E-01    2.543541E-01    1.838785E-01    1.540246E-02 
   608    1.086308E-01    2.531521E-01    1.826682E-01    1.092205E-02 
   609    1.096250E-01    2.522629E-01    1.817740E-01    7.688936E-03 
   610    1.106212E-01    2.516124E-01    1.811202E-01    5.378814E-03 
   611    1.116189E-01    2.511411E-01    1.806466E-01    3.741794E-03 
   612    1.126176E-01    2.508025E-01    1.803064E-01    2.589870E-03 
   613    1.136170E-01    2.505612E-01    1.800639E-01    1.784222E-03 
   614    1.146169E-01    2.503904E-01    1.798923E-01    1.223888E-03 
   615    1.156172E-01    2.502702E-01    1.797715E-01    8.361045E-04 
   616    1.166177E-01    2.501862E-01    1.796871E-01    5.689421E-04 
   617    1.176183E-01    2.501277E-01    1.796284E-01    3.856541E-04 
   618    1.186191E-01    2.500872E-01    1.795877E-01    2.604108E-04 
   619    1.196199E-01    2.500594E-01    1.795597E-01    1.751619E-04 
   620    1.206208E-01    2.500402E-01    1.795404E-01    1.173571E-04 
   621    1.216218E-01    2.500272E-01    1.795273E-01    7.831069E-05 
   622    1.226227E-01    2.500183E-01    1.795184E-01    5.203662E-05 
   623    1.236237E-01    2.500122E-01    1.795123E-01    3.442636E-05 
   624    1.246247E-01    2.500082E-01    1.795082E-01    2.267085E-05 
   625    1.256257E-01    2.500054E-01    1.795054E-01    1.485665E-05 
   626    1.266266E-01    2.500036E-01    1.795036E-01    9.685281E-06 
   627    1.276276E-01    2.500024E-01    1.795024E-01    6.278852E-06 
   628    1.286286E-01    2.500015E-01    1.795016E-01    4.046093E-06 
   629    1.296296E-01    2.500010E-01    1.795010E-01    2.590351E-06 
   630    1.306306E-01    2.500007E-01    1.795007E-01    1.646596E-06 
   631    1.316316E-01    2.500004E-01    1.795004E-01    1.038512E-06 
   632    1.326326E-01    2.500003E-01    1.795003E-01    6.493222E-07 
   633    1.336336E-01    2.500002E-01    1.795002E-01    4.020456E-07 
   634    1.346346E-01    2.500001E-01    1.795001E-01    2.462051E-07 
   635    1.356356E-01    2.500001E-01    1.795001E-01    1.488734E-07 
   636    1.366366E-01    2.500000E-01    1.795000E-01    8.869660E-08 
   637    1.376376E-01    2.500000E-01    1.795000E-01    5.192306E-08 
   638    1.386386E-01    2.500000E-01    1.795000E-01    2.974465E-08 
   639    1.396396E-01    2.500000E-01    1.795000E-01    1.658072E-08 
   640    1.406406E-01    2.500000E-01    1.795000E-01    8.920081E-09 
   641    1.416416E-01    2.500000E-01    1.795000E-01    4.567304E-09 
   642    1.426426E-01    2.500000E-01    1.795000E-01    2.168493E-09 
   643    1.436436E-01    2.500000E-01    1.795000E-01    8.886527E-10 
   644    1.446446E-01    2.500000E-01    1.795000E-01    2.398219E-10 
   645    1.456456E-01    2.500000E-01    1.795000E-01   -4.375028E-11 
   646    1.466466E-01    2.500000E-01    1.795000E-01   -1.341521E-10 
   647    1.476476E-01    2.500000E-01    1.795000E-01   -1.368042E-10 
   648    1.486486E-01    2.500000E-01    1.795000E-01   -1.079681E-10 
   649    1.496496E-01    2.500000E-01    1.795000E-01   -7.450197E-11 
   650    1.506507E-01    2.500000E-01    1.795000E-01   -4.667686E-11 
   651    1.516517E-01    2.500000E-01    1.795000E-01   -2.677335E-11 
   652    1.526527E-01    2.500000E-01    1.795000E-01   -1.398351E-11 
   653    1.536537E-01    2.500000E-01    1.795000E-01   -6.408718E-12 
   654    1.546547E-01    2.500000E-01    1.795000E-01   -2.298162E-12 
   655    1.556557E-01    2.500000E-01    1.795000E-01   -2.965891E-13 
   656    1.566567E-01    2.500000E-01    1.795000E-01    5.654294E-13 
   657    1.576577E-01    2.500000E-01    1.795000E-01    8.535518E-13 
   658    1.586587E-01    2.500000E-01    1.795000E-01    8.678930E-13 
   659    1.596597E-01    2.500000E-01    1.795000E-01    7.641243E-13 
   660    1.606607E-01    2.500000E-01    1.795000E-01    6.237668E-13 
   661    1.616617E-01    2.500000E-01    1.795000E-01    4.837213E-13 
   662    1.626627E-01    2.500000E-01    1.795000E-01    3.619827E-13 
   663    1.636637E-01    2.500000E-01    1.795000E-01    2.623333E-13 
   664    1.646647E-01    2.500000E-01    1.795000E-01    1.865690E-13 
   665    1.656657E-01    2.500000E-01    1.795000E-01    1.294724E-13 
   666    1.666667E-01    2.500000E-01    1.795000E-01    8.845518E-14 
   667    1.676677E-01    2.500000E-01    1.795000E-01    5.848141E-14 
   668    1.686687E-01    2.500000E-01    1.795000E-01    3.862545E-14 
   669    1.696697E-01    2.500000E-01    1.795000E-01    2.421434E-14 
   670    1.706707E-01    2.500000E-01    1.795000E-01    1.493717E-14 
   671    1.716717E-01    2.500000E-01    1.795000E-01    9.224285E-15 
   672    1.726727E-01    2.500000E-01    1.795000E-01    6.520772E-15 
   673    1.736737E-01    2.500000E-01    1.795000E-01    2.998660E-15 
   674    1.746747E-01    2.500000E-01    1.795000E-01    1.079576E-15 
   675    1.756757E-01    2.500000E-01    1.795000E-01    3.857515E-17 
   676    1.766767E-01    2.500000E-01    1.795000E-01   -7.930028E-16 
   677    1.776777E-01    2.500000E-01    1.795000E-01   -2.440686E-15 
   678    1.786787E-01    2.500000E-01    1.795000E-01   -7.440455E-16 
   679    1.796797E-01    2.500000E-01    1.795000E-01    7.009402E-16 
   680    1.806807E-01    2.500000E-01    1.795000E-01    7.436363E-16 
   681    1.816817E-01    2.500000E-01    1.795000E-01    2.020019E-16 
   682    1.826827E-01    2.500000E-01    1.795000E-01    3.091071E-16 
   683    1.836837E-01    2.500000E-01    1.795000E-01   -5.902746E-16 
   684    1.846847E-01    2.500000E-01    1.795000E-01   -8.281061E-16 
   685    1.856857E-01    2.500000E-01    1.795000E-01   -1.060906E-15 
   686    1.866867E-01    2.500000E-01    1.795000E-01   -1.066751E-15 
   687    1.876877E-01    2.500000E-01    1.795000E-01   -6.683816E-16 
   688    1.886887E-01    2.500000E-01    1.795000E-01   -6.062983E-16 
   689    1.896897E-01    2.500000E-01    1.795000E-01   -4.718091E-16 
   690    1.906907E-01    2.500000E-01    1.795000E-01   -6.360152E-16 
   691    1.916917E-01    2.500000E-01    1.795000E-01   -5.449484E-16 
   692    1.926927E-01    2.500000E-01    1.795000E-01   -5.972205E-16 
   693    1.936937E-01    2.500000E-01    1.795000E-01   -8.524573E-16 
   694    1.946947E-01    2.500000E-01    1.795000E-01   -8.795422E-16 
   695    1.956957E-01    2.500000E-01    1.795000E-01   -9.536093E-16 
   696    1.966967E-01    2.500000E-01    1.795000E-01   -9.435094E-16 
   697    1.976977E-01    2.500000E-01    1.795000E-01   -6.530988E-16 
   698    1.986987E-01    2.500000E-01    1.795000E-01   -1.104764E-15 
   699    1.996997E-01    2.500000E-01    1.795000E-01   -3.883298E-17 
   700    2.007007E-01    2.500000E-01    1.795000E-01   -3.905637E-16 
   701    2.017017E-01    2.500000E-01    1.795000E-01   -5.110982E-16 
   702    2.027027E-01    2.500000E-01    1.795000E-01   -3.920715E-18 
   703    2.037037E-01    2.500000E-01    1.795000E-01   -5.281901E-16 
   704    2.047047E-01    2.500000E-01    1.795000E-01    3.789490E-17 
   705    2.057057E-01    2.500000E-01    1.795000E-01   -4.220860E-16 
   706    2.067067E-01    2.500000E-01    1.795000E-01   -5.471102E-16 
   707    2.077077E-01    2.500000E-01    1.795000E-01    1.330356E-16 
   708    2.087087E-01    2.500000E-01    1.795000E-01   -3.778522E-16 
   709    2.097097E-01    2.500000E-01    1.795000E-01    5.167294E-16 
   710    2.107107E-01    2.500000E-01    1.795000E-01    1.285448E-16 
   711    2.117117E-01    2.500000E-01    1.795000E-01   -2.800732E-17 
   712    2.127127E-01    2.500000E-01    1.795000E-01    1.179375E-15 
   713    2.137137E-01    2.500000E-01    1.795000E-01    6.828401E-16 
   714    2.147147E-01    2.500000E-01    1.795000E-01    1.029167E-15 
   715    2.157157E-01    2.500000E-01    1.795000E-01    6.750387E-16 
   716    2.167167E-01    2.500000E-01    1.795000E-01    8.378311E-16 
   717    2.177177E-01    2.500000E-01    1.795000E-01    4.214990E-16 
   718    2.187187E-01    2.500000E-01    1.795000E-01    3.153722E-16 
   719    2.197197E-01    2.500000E-01    1.795000E-01    2.225697E-16 
   720    2.207207E-01    2.500000E-01    1.795000E-01    1.346798E-16 
   721    2.217217E-01    2.500000E-01    1.795000E-01    3.185084E-16 
   722    2.227227E-01    2.500000E-01    1.795000E-01    7.190679E-16 
   723    2.237237E-01    2.500000E-01    1.795000E-01    6.005303E-16 
   724    2.247247E-01    2.500000E-01    1.795000E-01    3.741190E-16 
   725    2.257257E-01    2.500000E-01    1.795000E-01    2.742318E-17 
   726    2.267267E-01    2.500000E-01    1.795000E-01   -6.473417E-16 
   727    2.277277E-01    2.500000E-01    1.795000E-01   -7.674124E-16 
   728    2.287287E-01    2.500000E-01    1.795000E-01   -1.242821E-15 
   729    2.297297E-01    2.500000E-01    1.795000E-01   -9.820655E-16 
   730    2.307307E-01    2.500000E-01    1.795000E-01    7.681148E-16 
   731    2.317317E-01    2.500000E-01    1.795000E-01    2.439431E-15 
   732    2.327327E-01    2.500000E-01    1.795000E-01    9.519362E-16 
   733    2.337337E-01    2.500000E-01    1.795000E-01    3.422473E-16 
   734    2.347347E-01    2.500000E-01    1.795000E-01   -2.853263E-16 
   735    2.357357E-01    2.500000E-01    1.795000E-01   -9.692399E-16 
   736    2.367367E-01    2.500000E-01    1.795000E-01   -2.458704E-15 
   737    2.377377E-01    2.500000E-01    1.795000E-01   -7.980993E-16 
   738    2.387387E-01    2.500000E-01    1.795000E-01    5.658058E-16 
   739    2.397397E-01    2.500000E-01    1.795000E-01    7.436363E-16 
   740    2.407407E-01    2.500000E-01    1.795000E-01    2.020019E-16 
   741    2.417417E-01    2.500000E-01    1.795000E-01    2.982687E-16 
   742    2.427427E-01    2.500000E-01    1.795000E-01   -5.902746E-16 
   743    2.437437E-01    2.500000E-01    1.795000E-01   -8.281061E-16 
   744    2.447447E-01    2.500000E-01    1.795000E-01   -1.060906E-15 
   745    2.457457E-01    2.500000E-01    1.795000E-01   -1.066751E-15 
   746    2.467467E-01    2.500000E-01    1.795000E-01   -6.683816E-16 
   747    2.477477E-01    2.500000E-01    1.795000E-01   -6.062983E-16 
   748    2.487487E-01    2.500000E-01    1.795000E-01   -4.718091E-16 
   749    2.497497E-01    2.500000E-01    1.795000E-01   -6.360152E-16 
   750    2.507508E-01    2.500000E-01    1.795000E-01   -5.449484E-16 
   751    2.517518E-01    2.500000E-01    1.795000E-01   -5.972205E-16 
   752    2.527528E-01    2.500000E-01    1.795000E-01   -8.524573E-16 
   753    2.537538E-01    2.500000E-01    1.795000E-01   -8.795422E-16 
   754    2.547548E-01    2.500000E-01    1.795000E-01   -9.536093E-16 
   755    2.557558E-01    2.500000E-01    1.795000E-01   -9.435094E-16 
   756    2.567568E-01    2.500000E-01    1.795000E-01   -6.542248E-16 
   757    2.577578E-01    2.500000E-01    1.795000E-01   -1.104764E-15 
   758    2.587588E-01    2.500000E-01    1.795000E-01    3.323893E-17 
   759    2.597598E-01    2.500000E-01    1.795000E-01   -4.941670E-16 
   760    2.607608E-01    2.500000E-01    1.795000E-01   -6.192057E-16 
   761    2.617618E-01    2.500000E-01    1.795000E-01   -2.601979E-17 
   762    2.627628E-01    2.500000E-01    1.795000E-01   -4.921528E-16 
   763    2.637638E-01    2.500000E-01    1.795000E-01   -5.323094E-19 
   764    2.647648E-01    2.500000E-01    1.795000E-01   -4.851462E-16 
   765    2.657658E-01    2.500000E-01    1.795000E-01   -6.191809E-16 
   766    2.667668E-01    2.500000E-01    1.795000E-01   -2.601979E-17 
   767    2.677678E-01    2.500000E-01    1.795000E-01   -4.921462E-16 
   768    2.687688E-01    2.500000E-01    1.795000E-01   -5.325396E-19 
   769    2.697698E-01    2.500000E-01    1.795000E-01   -4.761375E-16 
   770    2.707708E-01    2.500000E-01    1.795000E-01   -6.191793E-16 
   771    2.717718E-01    2.500000E-01    1.795000E-01   -3.920715E-18 
   772    2.727728E-01    2.500000E-01    1.795000E-01   -5.281835E-16 
   773    2.737738E-01    2.500000E-01    1.795000E-01    3.789490E-17 
   774    2.747748E-01    2.500000E-01    1.795000E-01   -4.220860E-16 
   775    2.757758E-01    2.500000E-01    1.795000E-01   -5.471086E-16 
   776    2.767768E-01    2.500000E-01    1.795000E-01    1.330356E-16 
   777    2.777778E-01    2.500000E-01    1.795000E-01   -3.778522E-16 
   778    2.787788E-01    2.500000E-01    1.795000E-01    5.167294E-16 
   779    2.797798E-01    2.500000E-01    1.795000E-01    1.285448E-16 
   780    2.807808E-01    2.500000E-01    1.795000E-01   -2.800732E-17 
   781    2.817818E-01    2.500000E-01    1.795000E-01    1.179375E-15 
   782    2.827828E-01    2.500000E-01    1.795000E-01    6.828401E-16 
   783    2.837838E-01    2.500000E-01    1.795000E-01    1.029167E-15 
   784    2.847848E-01    2.500000E-01    1.795000E-01    6.750387E-16 
   785    2.857858E-01    2.500000E-01    1.795000E-01    8.378311E-16 
   786    2.867868E-01    2.500000E-01    1.795000E-01    4.214990E-16 
   787    2.877878E-01    2.500000E-01    1.795000E-01    3.153722E-16 
   788    2.887888E-01    2.500000E-01    1.795000E-01    2.225697E-16 
   789    2.897898E-01    2.500000E-01    1.795000E-01    1.346798E-16 
   790    2.907908E-01    2.500000E-01    1.795000E-01    3.185084E-16 
   791    2.917918E-01    2.500000E-01    1.795000E-01    7.190679E-16 
   792    2.927928E-01    2.500000E-01    1.795000E-01    6.005303E-16 
   793    2.937938E-01    2.500000E-01    1.795000E-01    3.741190E-16 
   794    2.947948E-01    2.500000E-01    1.795000E-01    2.742318E-17 
   795    2.957958E-01    2.500000E-01    1.795000E-01   -6.473417E-16 
   796    2.967968E-01    2.500000E-01    1.795000E-01   -7.674124E-16 
   797    2.977978E-01    2.500000E-01    1.795000E-01   -1.242821E-15 
   798    2.987988E-01    2.500000E-01    1.795000E-01   -9.820655E-16 
   799    2.997998E-01    2.500000E-01    1.795000E-01    7.681148E-16 
   800    3.008008E-01    2.500000E-01    1.795000E-01    2.439431E-15 
   801    3.018018E-01    2.500000E-01    1.795000E-01    9.519362E-16 
   802    3.028028E-01    2.500000E-01    1.795000E-01    3.422473E-16 
   803    3.038038E-01    2.500000E-01    1.795000E-01   -2.853263E-16 
   804    3.048048E-01    2.500000E-01    1.795000E-01   -9.692399E-16 
   805    3.058058E-01    2.500000E-01    1.795000E-01   -2.458704E-15 
   806    3.068068E-01    2.500000E-01    1.795000E-01   -7.980993E-16 
   807    3.078078E-01    2.500000E-01    1.795000E-01    5.658058E-16 
   808    3.088088E-01    2.500000E-01    1.795000E-01    7.436363E-16 
   809    3.098098E-01    2.500000E-01    1.795000E-01    2.020019E-16 
   810    3.108108E-01    2.500000E-01    1.795000E-01    2.982687E-16 
   811    3.118118E-01    2.500000E-01    1.795000E-01   -5.902746E-16 
   812    3.128128E-01    2.500000E-01    1.795000E-01   -8.281061E-16 
   813    3.138138E-01    2.500000E-01    1.795000E-01   -1.060906E-15 
   814    3.148148E-01    2.500000E-01    1.795000E-01   -1.066751E-15 
   815    3.158158E-01    2.500000E-01    1.795000E-01   -6.683816E-16 
   816    3.168168E-01    2.500000E-01    1.795000E-01   -6.062983E-16 
   817    3.178178E-01    2.500000E-01    1.795000E-01   -4.718091E-16 
   818    3.188188E-01    2.500000E-01    1.795000E-01   -6.360152E-16 
   819    3.198198E-01    2.500000E-01    1.795000E-01   -5.449484E-16 
   820    3.208208E-01    2.500000E-01    1.795000E-01   -5.955313E-16 
   821    3.218218E-01    2.500000E-01    1.795000E-01   -8.490789E-16 
   822    3.228228E-01    2.500000E-01    1.795000E-01   -8.723631E-16 
   823    3.238238E-01    2.500000E-01    1.795000E-01   -9.281309E-16 
   824    3.248248E-01    2.500000E-01    1.795000E-01   -9.114150E-16 
   825    3.258258E-01    2.500000E-01    1.795000E-01   -6.498612E-16 
   826    3.268268E-01    2.500000E-01    1.795000E-01   -1.070558E-15 
   827    3.278278E-01    2.500000E-01    1.795000E-01    1.433168E-16 
   828    3.288288E-01    2.500000E-01    1.795000E-01   -2.368489E-16 
   829    3.298298E-01    2.500000E-01    1.795000E-01   -2.670123E-16 
   830    3.308308E-01    2.500000E-01    1.795000E-01    4.535645E-16 
   831    3.318318E-01    2.500000E-01    1.795000E-01    4.601199E-16 
   832    3.328328E-01    2.500000E-01    1.795000E-01    1.466094E-15 
   833    3.338338E-01    2.500000E-01    1.795000E-01    1.679810E-15 
   834    3.348348E-01    2.500000E-01    1.795000E-01    1.383895E-15 
   835    3.358358E-01    2.500000E-01    1.795000E-01    2.829360E-16 
   836    3.368368E-01    2.500000E-01    1.795000E-01   -4.843081E-15 
   837    3.378378E-01    2.500000E-01    1.795000E-01   -1.457359E-14 
   838    3.388388E-01    2.500000E-01    1.795000E-01   -3.489706E-14 
   839    3.398398E-01    2.500000E-01    1.795000E-01   -7.172161E-14 
   840    3.408408E-01    2.500000E-01    1.795000E-01   -1.376191E-13 
   841    3.418418E-01    2.500000E-01    1.795000E-01   -2.541533E-13 
   842    3.428428E-01    2.500000E-01    1.795000E-01   -4.534641E-13 
   843    3.438438E-01    2.500000E-01    1.795000E-01   -7.865811E-13 
   844    3.448448E-01    2.500000E-01    1.795000E-01   -1.332951E-12 
   845    3.458458E-01    2.500000E-01    1.795000E-01   -2.213165E-12 
   846    3.468468E-01    2.500000E-01    1.795000E-01   -3.612328E-12 
   847    3.478478E-01    2.500000E-01    1.795000E-01   -5.810232E-12 
   848    3.488488E-01    2.500000E-01    1.795000E-01   -9.224132E-12 
   849    3.498498E-01    2.500000E-01    1.795000E-01   -1.447688E-11 
   850    3.508509E-01    2.500000E-01    1.795000E-01   -2.248666E-11 
   851    3.518519E-01    2.500000E-01    1.795000E-01   -3.459759E-11 
   852    3.528529E-01    2.500000E-01    1.795000E-01   -5.276299E-11 
   853    3.538539E-01    2.500000E-01    1.795000E-01   -7.981018E-11 
   854    3.548549E-01    2.500000E-01    1.795000E-01   -1.197898E-10 
   855    3.558559E-01    2.500000E-01    1.795000E-01   -1.784871E-10 
   856    3.568569E-01    2.500000E-01    1.795000E-01   -2.641009E-10 
   857    3.578579E-01    2.500000E-01    1.795000E-01   -3.881963E-10 
   858    3.588589E-01    2.500000E-01    1.795000E-01   -5.669802E-10 
   859    3.598599E-01    2.500000E-01    1.795000E-01   -8.230562E-10 
   860    3.608609E-01    2.500000E-01    1.795000E-01   -1.187760E-09 
   861    3.618619E-01    2.500000E-01    1.795000E-01   -1.704319E-09 
   862    3.628629E-01    2.500000E-01    1.795000E-01   -2.432035E-09 
   863    3.638639E-01    2.500000E-01    1.795000E-01   -3.451851E-09 
   864    3.648649E-01    2.500000E-01    1.795000E-01   -4.873687E-09 
   865    3.658659E-01    2.500000E-01    1.795000E-01   -6.846050E-09 
   866    3.668669E-01    2.500000E-01    1.795000E-01   -9.568574E-09 
   867    3.678679E-01    2.500000E-01    1.795000E-01   -1.330830E-08 
   868    3.688689E-01    2.500000E-01    1.795000E-01   -1.842067E-08 
   869    3.698699E-01    2.500000E-01    1.795000E-01   -2.537643E-08 
   870    3.708709E-01    2.500000E-01    1.795000E-01   -3.479605E-08 
   871    3.718719E-01    2.500000E-01    1.795000E-01   -4.749331E-08 
   872    3.728729E-01    2.500000E-01    1.795000E-01   -6.453029E-08 
   873    3.738739E-01    2.500000E-01    1.795000E-01   -8.728646E-08 
   874    3.748749E-01    2.500000E-01    1.795000E-01   -1.175447E-07 
   875    3.758759E-01    2.500000E-01    1.795000E-01   -1.575981E-07 
   876    3.768769E-01    2.500001E-01    1.795001E-01   -2.103814E-07 
   877    3.778779E-01    2.500001E-01    1.795001E-01   -2.796319E-07 
   878    3.788789E-01    2.500001E-01    1.795001E-01   -3.700857E-07 
   879    3.798799E-01    2.500001E-01    1.795001E-01   -4.877146E-07 
   880    3.808809E-01    2.500002E-01    1.795002E-01   -6.400101E-07 
   881    3.818819E-01    2.500002E-01    1.795002E-01   -8.363229E-07 
   882    3.828829E-01    2.500003E-01    1.795003E-01   -1.088264E-06 
   883    3.838839E-01    2.500004E-01    1.795004E-01   -1.410178E-06 
   884    3.848849E-01    2.500005E-01    1.795005E-01   -1.819689E-06 
   885    3.858859E-01    2.500006E-01    1.795006E-01   -2.338338E-06 
   886    3.868869E-01    2.500008E-01    1.795008E-01   -2.992312E-06 
   887    3.878879E-01    2.500010E-01    1.795010E-01   -3.813266E-06 
   888    3.888889E-01    2.500012E-01    1.795012E-01   -4.839249E-06 
   889    3.898899E-01    2.500015E-01    1.795015E-01   -6.115733E-06 
   890    3.908909E-01    2.500019E-01    1.795019E-01   -7.696742E-06 
   891    3.918919E-01    2.500024E-01    1.795024E-01   -9.646066E-06 
   892    3.928929E-01    2.500029E-01    1.795030E-01   -1.203856E-05 
   893    3.938938E-01    2.500037E-01    1.795037E-01   -1.496150E-05 
   894    3.948948E-01    2.500045E-01    1.795045E-01   -1.851595E-05 
   895    3.958958E-01    2.500055E-01    1.795056E-01   -2.281816E-05 
   896    3.968968E-01    2.500068E-01    1.795068E-01   -2.800084E-05 
   897    3.978978E-01    2.500082E-01    1.795083E-01   -3.421440E-05 
   898    3.988987E-01    2.500100E-01    1.795100E-01   -4.162790E-05 
   899    3.998997E-01    2.500121E-01    1.795121E-01   -5.042980E-05 
   900    4.009007E-01    2.500145E-01    1.795146E-01   -6.082830E-05 
   901    4.019016E-01    2.500174E-01    1.795175E-01   -7.305122E-05 
   902    4.029025E-01    2.500207E-01    1.795209E-01   -8.734518E-05 
   903    4.039035E-01    2.500246E-01    1.795248E-01   -1.039742E-04 
   904    4.049044E-01    2.500291E-01    1.795293E-01   -1.232175E-04 
   905    4.059052E-01    2.500343E-01    1.795345E-01   -1.453659E-04 
   906    4.069061E-01    2.500402E-01    1.795404E-01   -1.707176E-04 
   907    4.079069E-01    2.500469E-01    1.795472E-01   -1.995730E-04 
   908    4.089078E-01    2.500545E-01    1.795548E-01   -2.322272E-04 
   909    4.099085E-01    2.500631E-01    1.795634E-01   -2.689623E-04 
   910    4.109093E-01    2.500726E-01    1.795730E-01   -3.100379E-04 
   911    4.119100E-01    2.500832E-01    1.795836E-01   -3.556808E-04 
   912    4.129107E-01    2.500949E-01    1.795954E-01   -4.060733E-04 
   913    4.139113E-01    2.501077E-01    1.796083E-01   -4.613409E-04 
   914    4.149118E-01    2.501217E-01    1.796224E-01   -5.215396E-04 
   915    4.159123E-01    2.501369E-01    1.796376E-01   -5.866427E-04 
   916    4.169128E-01    2.501532E-01    1.796540E-01   -6.565269E-04 
   917    4.179132E-01    2.501705E-01    1.796714E-01   -7.309609E-04 
   918    4.189135E-01    2.501889E-01    1.796899E-01   -8.095936E-04 
   919    4.199137E-01    2.502082E-01    1.797093E-01   -8.919481E-04 
   920    4.209138E-01    2.502283E-01    1.797295E-01   -9.774181E-04 
   921    4.219139E-01    2.502491E-01    1.797504E-01   -1.065269E-03 
   922    4.229138E-01    2.502702E-01    1.797717E-01   -1.154641E-03 
   923    4.239137E-01    2.502917E-01    1.797933E-01   -1.244547E-03 
   924    4.249135E-01    2.503131E-01    1.798148E-01   -1.333876E-03 
   925    4.259132E-01    2.503343E-01    1.798361E-01   -1.421390E-03 
   926    4.269128E-01    2.503549E-01    1.798568E-01   -1.505755E-03 
   927    4.279124E-01    2.503746E-01    1.798767E-01   -1.585608E-03 
   928    4.289118E-01    2.503932E-01    1.798954E-01   -1.659647E-03 
   929    4.299112E-01    2.504102E-01    1.799125E-01   -1.726724E-03 
   930    4.309105E-01    2.504254E-01    1.799278E-01   -1.785818E-03 
   931    4.319097E-01    2.504385E-01    1.799409E-01   -1.835773E-03 
   932    4.329089E-01    2.504491E-01    1.799516E-01   -1.875056E-03 
   933    4.339080E-01    2.504568E-01    1.799593E-01   -1.901879E-03 
   934    4.349071E-01    2.504609E-01    1.799635E-01   -1.914907E-03 
   935    4.359062E-01    2.504605E-01    1.799631E-01   -1.913173E-03 
   936    4.369053E-01    2.504546E-01    1.799571E-01   -1.895090E-03 
   937    4.379044E-01    2.504425E-01    1.799450E-01   -1.860862E-03 
   938    4.389035E-01    2.504239E-01    1.799262E-01   -1.812000E-03 
   939    4.399027E-01    2.503991E-01    1.799013E-01   -1.744233E-03 
   940    4.409020E-01    2.503685E-01    1.798706E-01   -1.639559E-03 
   941    4.419015E-01    2.503325E-01    1.798344E-01   -1.469867E-03 
   942    4.429014E-01    2.502908E-01    1.797924E-01   -1.222315E-03 
   943    4.439014E-01    2.502430E-01    1.797443E-01   -9.250687E-04 
   944    4.449015E-01    2.501897E-01    1.796907E-01   -6.441182E-04 
   945    4.459014E-01    2.501333E-01    1.796340E-01   -4.450482E-04 
   946    4.469014E-01    2.500785E-01    1.795789E-01   -3.367718E-04 
   947    4.479020E-01    2.500305E-01    1.795307E-01   -2.470751E-04 
   948    4.489036E-01    2.499932E-01    1.794932E-01   -7.767758E-05 
   949    4.499062E-01    2.499676E-01    1.794674E-01    2.079292E-04 
   950    4.509086E-01    2.499517E-01    1.794514E-01    4.918376E-04 
   951    4.519096E-01    2.499421E-01    1.794418E-01    5.713333E-04 
   952    4.529090E-01    2.499370E-01    1.794366E-01    4.721072E-04 
   953    4.539086E-01    2.499363E-01    1.794359E-01    3.096557E-04 
   954    4.549099E-01    2.499411E-01    1.794408E-01    1.479664E-04 
   955    4.559137E-01    2.499517E-01    1.794515E-01    4.718267E-05 
   956    4.569177E-01    2.499667E-01    1.794665E-01    9.989797E-06 
   957    4.579186E-01    2.499821E-01    1.794820E-01   -2.260491E-05 
   958    4.589166E-01    2.499957E-01    1.794957E-01   -6.712509E-05 
   959    4.599145E-01    2.500072E-01    1.795073E-01   -1.101761E-04 
   960    4.609150E-01    2.500169E-01    1.795170E-01   -1.500360E-04 
   961    4.619192E-01    2.500250E-01    1.795251E-01   -1.985165E-04 
   962    4.629246E-01    2.500305E-01    1.795307E-01   -1.931000E-04 
   963    4.639254E-01    2.500301E-01    1.795303E-01   -9.247553E-05 
   964    4.649223E-01    2.500229E-01    1.795231E-01   -3.892249E-05 
   965    4.659188E-01    2.500127E-01    1.795128E-01   -6.426314E-05 
   966    4.669175E-01    2.500045E-01    1.795045E-01   -1.571664E-04 
   967    4.679225E-01    2.500006E-01    1.795007E-01   -2.540005E-04 
   968    4.689321E-01    2.499992E-01    1.794992E-01   -1.557499E-04 
   969    4.699357E-01    2.499955E-01    1.794955E-01    2.283395E-04 
   970    4.709297E-01    2.499898E-01    1.794898E-01    2.175439E-04 
   971    4.719222E-01    2.499847E-01    1.794846E-01    1.589146E-04 
   972    4.729189E-01    2.499819E-01    1.794818E-01    4.398120E-05 
   973    4.739279E-01    2.499839E-01    1.794838E-01   -1.374746E-04 
   974    4.749434E-01    2.499872E-01    1.794871E-01   -1.435861E-04 
   975    4.759410E-01    2.499902E-01    1.794902E-01   -1.455769E-04 
   976    4.769419E-01    2.499866E-01    1.794866E-01    3.203421E-04 
   977    4.779313E-01    2.499764E-01    1.794763E-01    2.116395E-04 
   978    4.789172E-01    2.499729E-01    1.794729E-01   -2.528041E-04 
   979    4.799208E-01    2.499838E-01    1.794839E-01   -7.273729E-04 
   980    4.809453E-01    2.499894E-01    1.794896E-01   -1.696253E-04 
   981    4.819784E-01    2.499765E-01    1.794771E-01    4.047791E-04 
   982    4.829713E-01    2.499503E-01    1.794509E-01    5.990321E-04 
   983    4.839253E-01    2.499190E-01    1.794190E-01    2.540297E-04 
   984    4.848390E-01    2.499095E-01    1.794102E-01   -1.314256E-03 
   985    4.859626E-01    2.498839E-01    1.793848E-01    1.097873E-04 
   986    4.870046E-01    2.498068E-01    1.793095E-01    1.798856E-04 
   987    4.880138E-01    2.496732E-01    1.791768E-01    3.396672E-04 
   988    4.889797E-01    2.494454E-01    1.789452E-01    4.381786E-04 
   989    4.897585E-01    2.491542E-01    1.786252E-01   -9.312135E-04 
   990    4.909910E-01    2.486919E-01    1.785608E-01    0.000000E+00 
   991    4.919920E-01    2.484175E-01    1.783637E-01    0.000000E+00 
   992    4.929930E-01    2.478304E-01    1.779423E-01    0.000000E+00 
   993    4.939940E-01    2.461683E-01    1.767488E-01    0.000000E+00 
   994    4.949950E-01    2.422562E-01    1.739399E-01    0.000000E+00 
   995    4.959960E-01    2.343096E-01    1.682343E-01    0.000000E+00 
   996    4.969970E-01    2.204795E-01    1.583043E-01    0.000000E+00 
   997    4.979980E-01    1.999670E-01    1.435763E-01    0.000000E+00 
   998    4.989990E-01    1.731636E-01    1.243315E-01    0.000000E+00 
   999    5.000000E-01    1.416667E-01    1.017167E-01    0.000000E+00 
