     0   -5.000000E-01    5.666667E-01    5.666667E-01    0.000000E+00 
     1   -4.989990E-01    6.926319E-01    6.926319E-01    0.000000E+00 
     2   -4.979980E-01    7.997648E-01    7.997648E-01    0.000000E+00 
     3   -4.969970E-01    8.817108E-01    8.817108E-01    0.000000E+00 
     4   -4.959960E-01    9.369285E-01    9.369285E-01    0.000000E+00 
     5   -4.949950E-01    9.686250E-01    9.686250E-01    0.000000E+00 
     6   -4.939940E-01    9.842449E-01    9.842449E-01    0.000000E+00 
     7   -4.929930E-01    9.909970E-01    9.909970E-01    0.000000E+00 
     8   -4.919920E-01    9.934854E-01    9.934854E-01    0.000000E+00 
     9   -4.909910E-01    9.947106E-01    9.947106E-01    0.000000E+00 
    10   -4.897074E-01    9.967497E-01    9.952762E-01    3.082539E-04 
    11   -4.890054E-01    9.978085E-01    9.969598E-01   -1.566073E-04 
    12   -4.880341E-01    9.987251E-01    9.982508E-01   -1.268769E-04 
    13   -4.870157E-01    9.992592E-01    9.989865E-01   -7.176492E-05 
    14   -4.859664E-01    9.995632E-01    9.993988E-01   -1.631641E-05 
    15   -4.847548E-01    9.996904E-01    9.995745E-01    5.512302E-04 
    16   -4.839468E-01    9.997447E-01    9.996481E-01   -1.681768E-04 
    17   -4.830075E-01    9.998338E-01    9.997747E-01   -2.325771E-04 
    18   -4.820019E-01    9.998992E-01    9.998641E-01   -1.499368E-04 
    19   -4.809416E-01    9.999327E-01    9.999076E-01    1.238882E-06 
    20   -4.798592E-01    9.999122E-01    9.998804E-01    4.777521E-04 
    21   -4.789125E-01    9.998802E-01    9.998336E-01   -1.337817E-05 
    22   -4.779593E-01    9.999082E-01    9.998731E-01   -2.219994E-04 
    23   -4.769681E-01    9.999445E-01    9.999236E-01   -1.829611E-04 
    24   -4.759315E-01    9.999614E-01    9.999463E-01    4.853233E-05 
    25   -4.749202E-01    9.999500E-01    9.999306E-01    2.329074E-04 
    26   -4.739128E-01    9.999365E-01    9.999116E-01    9.452328E-05 
    27   -4.729252E-01    9.999439E-01    9.999219E-01   -1.020414E-04 
    28   -4.719359E-01    9.999676E-01    9.999550E-01   -1.355166E-04 
    29   -4.709288E-01    9.999816E-01    9.999744E-01    3.671606E-05 
    30   -4.699365E-01    9.999839E-01    9.999776E-01    3.917056E-05 
    31   -4.689204E-01    9.999818E-01    9.999747E-01    8.131769E-05 
    32   -4.679134E-01    9.999766E-01    9.999675E-01    2.608671E-05 
    33   -4.669170E-01    9.999808E-01    9.999733E-01   -3.118744E-05 
    34   -4.659237E-01    9.999878E-01    9.999831E-01   -1.530852E-05 
    35   -4.649306E-01    9.999939E-01    9.999916E-01   -4.788417E-05 
    36   -4.639220E-01    9.999964E-01    9.999950E-01    3.784094E-05 
    37   -4.629125E-01    9.999906E-01    9.999869E-01    7.074089E-05 
    38   -4.619114E-01    9.999840E-01    9.999777E-01    3.588485E-05 
    39   -4.609156E-01    9.999848E-01    9.999788E-01   -2.283451E-05 
    40   -4.599190E-01    9.999925E-01    9.999895E-01   -5.288244E-05 
    41   -4.589177E-01    9.999983E-01    9.999976E-01   -1.109376E-06 
    42   -4.579126E-01    9.999969E-01    9.999957E-01    5.181546E-05 
    43   -4.569099E-01    9.999917E-01    9.999884E-01    4.534554E-05 
    44   -4.559093E-01    9.999900E-01    9.999861E-01    5.530847E-06 
    45   -4.549097E-01    9.999939E-01    9.999915E-01   -2.013417E-05 
    46   -4.539107E-01    9.999988E-01    9.999984E-01   -1.793798E-05 
    47   -4.529095E-01    1.000001E+00    1.000001E+00    1.814526E-05 
    48   -4.519073E-01    1.000000E+00    1.000000E+00    2.734491E-05 
    49   -4.509051E-01    9.999983E-01    9.999977E-01    2.269509E-05 
    50   -4.499039E-01    9.999977E-01    9.999969E-01    1.086204E-05 
    51   -4.489038E-01    9.999995E-01    9.999993E-01   -6.187816E-06 
    52   -4.479040E-01    1.000002E+00    1.000003E+00   -5.298288E-06 
    53   -4.469030E-01    1.000003E+00    1.000005E+00    1.053721E-05 
    54   -4.459011E-01    1.000003E+00    1.000004E+00    2.100220E-05 
    55   -4.448995E-01    1.000001E+00    1.000002E+00    1.989375E-05 
    56   -4.438985E-01    1.000001E+00    1.000001E+00    9.952571E-06 
    57   -4.428980E-01    1.000002E+00    1.000003E+00   -1.866024E-06 
    58   -4.418975E-01    1.000004E+00    1.000005E+00    5.894007E-07 
    59   -4.408965E-01    1.000004E+00    1.000006E+00    1.225518E-05 
    60   -4.398951E-01    1.000004E+00    1.000006E+00    1.664468E-05 
    61   -4.388939E-01    1.000003E+00    1.000005E+00    1.526583E-05 
    62   -4.378928E-01    1.000003E+00    1.000004E+00    9.478032E-06 
    63   -4.368920E-01    1.000004E+00    1.000005E+00    3.425202E-06 
    64   -4.358913E-01    1.000005E+00    1.000007E+00    5.208681E-06 
    65   -4.348903E-01    1.000005E+00    1.000007E+00    1.105637E-05 
    66   -4.338892E-01    1.000005E+00    1.000007E+00    1.371258E-05 
    67   -4.328880E-01    1.000005E+00    1.000007E+00    1.335643E-05 
    68   -4.318869E-01    1.000005E+00    1.000007E+00    1.032847E-05 
    69   -4.308860E-01    1.000005E+00    1.000007E+00    6.625834E-06 
    70   -4.298852E-01    1.000006E+00    1.000008E+00    6.948859E-06 
    71   -4.288843E-01    1.000006E+00    1.000008E+00    1.067116E-05 
    72   -4.278832E-01    1.000006E+00    1.000008E+00    1.263812E-05 
    73   -4.268821E-01    1.000006E+00    1.000008E+00    1.246830E-05 
    74   -4.258811E-01    1.000006E+00    1.000008E+00    1.072897E-05 
    75   -4.248801E-01    1.000006E+00    1.000008E+00    8.520008E-06 
    76   -4.238792E-01    1.000006E+00    1.000009E+00    8.485948E-06 
    77   -4.228782E-01    1.000007E+00    1.000009E+00    1.078134E-05 
    78   -4.218772E-01    1.000007E+00    1.000009E+00    1.207067E-05 
    79   -4.208762E-01    1.000007E+00    1.000009E+00    1.211907E-05 
    80   -4.198751E-01    1.000007E+00    1.000009E+00    1.127494E-05 
    81   -4.188741E-01    1.000007E+00    1.000009E+00    9.890540E-06 
    82   -4.178732E-01    1.000007E+00    1.000010E+00    9.635650E-06 
    83   -4.168722E-01    1.000007E+00    1.000010E+00    1.108178E-05 
    84   -4.158712E-01    1.000007E+00    1.000010E+00    1.197618E-05 
    85   -4.148702E-01    1.000007E+00    1.000010E+00    1.208347E-05 
    86   -4.138692E-01    1.000007E+00    1.000010E+00    1.167126E-05 
    87   -4.128682E-01    1.000007E+00    1.000010E+00    1.081578E-05 
    88   -4.118672E-01    1.000008E+00    1.000011E+00    1.055194E-05 
    89   -4.108663E-01    1.000008E+00    1.000011E+00    1.157417E-05 
    90   -4.098653E-01    1.000008E+00    1.000011E+00    1.233035E-05 
    91   -4.088642E-01    1.000008E+00    1.000011E+00    1.254468E-05 
    92   -4.078632E-01    1.000008E+00    1.000011E+00    1.243169E-05 
    93   -4.068622E-01    1.000008E+00    1.000011E+00    1.198521E-05 
    94   -4.058613E-01    1.000008E+00    1.000011E+00    1.167541E-05 
    95   -4.048603E-01    1.000008E+00    1.000012E+00    1.213666E-05 
    96   -4.038593E-01    1.000008E+00    1.000012E+00    1.247217E-05 
    97   -4.028583E-01    1.000008E+00    1.000012E+00    1.247688E-05 
    98   -4.018573E-01    1.000008E+00    1.000012E+00    1.244617E-05 
    99   -4.008563E-01    1.000008E+00    1.000012E+00    1.218626E-05 
   100   -3.998553E-01    1.000008E+00    1.000012E+00    1.191008E-05 
   101   -3.988543E-01    1.000009E+00    1.000012E+00    1.226211E-05 
   102   -3.978533E-01    1.000009E+00    1.000012E+00    1.289203E-05 
   103   -3.968523E-01    1.000009E+00    1.000012E+00    1.305168E-05 
   104   -3.958513E-01    1.000009E+00    1.000012E+00    1.309504E-05 
   105   -3.948503E-01    1.000009E+00    1.000013E+00    1.298066E-05 
   106   -3.938494E-01    1.000009E+00    1.000013E+00    1.283727E-05 
   107   -3.928484E-01    1.000009E+00    1.000013E+00    1.321505E-05 
   108   -3.918474E-01    1.000010E+00    1.000013E+00    1.361198E-05 
   109   -3.908464E-01    1.000010E+00    1.000013E+00    1.381175E-05 
   110   -3.898454E-01    1.000010E+00    1.000014E+00    1.401844E-05 
   111   -3.888444E-01    1.000010E+00    1.000014E+00    1.406682E-05 
   112   -3.878434E-01    1.000010E+00    1.000014E+00    1.392850E-05 
   113   -3.868424E-01    1.000010E+00    1.000014E+00    1.388050E-05 
   114   -3.858414E-01    1.000010E+00    1.000014E+00    1.386872E-05 
   115   -3.848404E-01    1.000010E+00    1.000014E+00    1.366504E-05 
   116   -3.838394E-01    1.000010E+00    1.000014E+00    1.357082E-05 
   117   -3.828385E-01    1.000010E+00    1.000014E+00    1.341203E-05 
   118   -3.818375E-01    1.000010E+00    1.000014E+00    1.322223E-05 
   119   -3.808365E-01    1.000010E+00    1.000014E+00    1.352935E-05 
   120   -3.798355E-01    1.000010E+00    1.000014E+00    1.429140E-05 
   121   -3.788345E-01    1.000011E+00    1.000015E+00    1.472489E-05 
   122   -3.778335E-01    1.000011E+00    1.000015E+00    1.540346E-05 
   123   -3.768325E-01    1.000011E+00    1.000016E+00    1.571773E-05 
   124   -3.758315E-01    1.000011E+00    1.000016E+00    1.580830E-05 
   125   -3.748305E-01    1.000012E+00    1.000016E+00    1.604079E-05 
   126   -3.738295E-01    1.000012E+00    1.000017E+00    1.630889E-05 
   127   -3.728286E-01    1.000012E+00    1.000017E+00    1.648698E-05 
   128   -3.718276E-01    1.000012E+00    1.000017E+00    1.671207E-05 
   129   -3.708266E-01    1.000012E+00    1.000017E+00    1.680611E-05 
   130   -3.698256E-01    1.000012E+00    1.000017E+00    1.676379E-05 
   131   -3.688246E-01    1.000012E+00    1.000017E+00    1.666176E-05 
   132   -3.678236E-01    1.000012E+00    1.000017E+00    1.660859E-05 
   133   -3.668226E-01    1.000012E+00    1.000017E+00    1.679896E-05 
   134   -3.658216E-01    1.000012E+00    1.000017E+00    1.692406E-05 
   135   -3.648206E-01    1.000013E+00    1.000018E+00    1.692919E-05 
   136   -3.638197E-01    1.000013E+00    1.000018E+00    1.682100E-05 
   137   -3.628187E-01    1.000013E+00    1.000019E+00    1.705406E-05 
   138   -3.618177E-01    1.000014E+00    1.000019E+00    1.775928E-05 
   139   -3.608167E-01    1.000014E+00    1.000020E+00    1.854808E-05 
   140   -3.598157E-01    1.000014E+00    1.000020E+00    1.920181E-05 
   141   -3.588147E-01    1.000014E+00    1.000020E+00    1.963815E-05 
   142   -3.578137E-01    1.000015E+00    1.000021E+00    1.979121E-05 
   143   -3.568128E-01    1.000015E+00    1.000021E+00    1.979410E-05 
   144   -3.558118E-01    1.000015E+00    1.000021E+00    1.993977E-05 
   145   -3.548108E-01    1.000015E+00    1.000021E+00    2.004102E-05 
   146   -3.538098E-01    1.000015E+00    1.000021E+00    1.996049E-05 
   147   -3.528088E-01    1.000015E+00    1.000022E+00    1.977479E-05 
   148   -3.518078E-01    1.000016E+00    1.000022E+00    1.966188E-05 
   149   -3.508068E-01    1.000016E+00    1.000022E+00    1.994648E-05 
   150   -3.498059E-01    1.000016E+00    1.000023E+00    2.070234E-05 
   151   -3.488049E-01    1.000017E+00    1.000023E+00    2.166307E-05 
   152   -3.478039E-01    1.000017E+00    1.000024E+00    2.254979E-05 
   153   -3.468029E-01    1.000018E+00    1.000025E+00    2.323502E-05 
   154   -3.458019E-01    1.000018E+00    1.000026E+00    2.375273E-05 
   155   -3.448009E-01    1.000019E+00    1.000026E+00    2.423995E-05 
   156   -3.438000E-01    1.000019E+00    1.000027E+00    2.474206E-05 
   157   -3.427990E-01    1.000020E+00    1.000027E+00    2.520175E-05 
   158   -3.417980E-01    1.000020E+00    1.000028E+00    2.549329E-05 
   159   -3.407970E-01    1.000020E+00    1.000028E+00    2.561603E-05 
   160   -3.397960E-01    1.000020E+00    1.000028E+00    2.559582E-05 
   161   -3.387950E-01    1.000020E+00    1.000027E+00    2.547219E-05 
   162   -3.377941E-01    1.000019E+00    1.000027E+00    2.525375E-05 
   163   -3.367931E-01    1.000019E+00    1.000026E+00    2.493794E-05 
   164   -3.357921E-01    1.000018E+00    1.000026E+00    2.448776E-05 
   165   -3.347911E-01    1.000018E+00    1.000025E+00    2.386983E-05 
   166   -3.337901E-01    1.000017E+00    1.000023E+00    2.305094E-05 
   167   -3.327892E-01    1.000015E+00    1.000022E+00    2.200484E-05 
   168   -3.317882E-01    1.000014E+00    1.000020E+00    2.069922E-05 
   169   -3.307872E-01    1.000012E+00    1.000017E+00    1.911619E-05 
   170   -3.297862E-01    1.000010E+00    1.000015E+00    1.723293E-05 
   171   -3.287852E-01    1.000008E+00    1.000011E+00    1.499866E-05 
   172   -3.277842E-01    1.000005E+00    1.000008E+00    1.236998E-05 
   173   -3.267832E-01    1.000002E+00    1.000003E+00    9.305869E-06 
   174   -3.257822E-01    9.999989E-01    9.999985E-01    5.768481E-06 
   175   -3.247812E-01    9.999950E-01    9.999930E-01    1.715659E-06 
   176   -3.237802E-01    9.999906E-01    9.999868E-01   -2.882583E-06 
   177   -3.227792E-01    9.999857E-01    9.999799E-01   -8.081487E-06 
   178   -3.217782E-01    9.999802E-01    9.999723E-01   -1.390618E-05 
   179   -3.207772E-01    9.999742E-01    9.999638E-01   -2.043060E-05 
   180   -3.197761E-01    9.999675E-01    9.999545E-01   -2.768868E-05 
   181   -3.187751E-01    9.999602E-01    9.999443E-01   -3.568217E-05 
   182   -3.177741E-01    9.999523E-01    9.999331E-01   -4.448298E-05 
   183   -3.167730E-01    9.999436E-01    9.999211E-01   -5.413998E-05 
   184   -3.157719E-01    9.999343E-01    9.999080E-01   -6.459282E-05 
   185   -3.147709E-01    9.999242E-01    9.998939E-01   -7.601995E-05 
   186   -3.137698E-01    9.999134E-01    9.998788E-01   -8.836008E-05 
   187   -3.127687E-01    9.999019E-01    9.998626E-01   -1.014905E-04 
   188   -3.117676E-01    9.998895E-01    9.998453E-01   -1.158127E-04 
   189   -3.107665E-01    9.998764E-01    9.998269E-01   -1.311650E-04 
   190   -3.097654E-01    9.998625E-01    9.998075E-01   -1.472447E-04 
   191   -3.087642E-01    9.998480E-01    9.997871E-01   -1.649968E-04 
   192   -3.077631E-01    9.998330E-01    9.997662E-01   -1.839047E-04 
   193   -3.067619E-01    9.998180E-01    9.997452E-01   -2.036032E-04 
   194   -3.057607E-01    9.998037E-01    9.997252E-01   -2.255551E-04 
   195   -3.047595E-01    9.997913E-01    9.997078E-01   -2.478251E-04 
   196   -3.037583E-01    9.997824E-01    9.996953E-01   -2.711703E-04 
   197   -3.027570E-01    9.997788E-01    9.996903E-01   -2.984010E-04 
   198   -3.017558E-01    9.997827E-01    9.996958E-01   -3.220386E-04 
   199   -3.007545E-01    9.997962E-01    9.997147E-01   -3.265649E-04 
   200   -2.997532E-01    9.998209E-01    9.997493E-01   -3.050629E-04 
   201   -2.987520E-01    9.998578E-01    9.998009E-01   -2.621680E-04 
   202   -2.977508E-01    9.999072E-01    9.998701E-01   -2.015836E-04 
   203   -2.967497E-01    9.999685E-01    9.999559E-01   -1.246064E-04 
   204   -2.957487E-01    1.000040E+00    1.000056E+00   -3.348370E-05 
   205   -2.947477E-01    1.000121E+00    1.000169E+00    6.885768E-05 
   206   -2.937469E-01    1.000208E+00    1.000291E+00    1.791499E-04 
   207   -2.927461E-01    1.000299E+00    1.000419E+00    2.940495E-04 
   208   -2.917454E-01    1.000393E+00    1.000550E+00    4.103213E-04 
   209   -2.907449E-01    1.000485E+00    1.000679E+00    5.249039E-04 
   210   -2.897444E-01    1.000575E+00    1.000805E+00    6.350273E-04 
   211   -2.887441E-01    1.000661E+00    1.000925E+00    7.382484E-04 
   212   -2.877438E-01    1.000741E+00    1.001037E+00    8.325095E-04 
   213   -2.867436E-01    1.000813E+00    1.001138E+00    9.162298E-04 
   214   -2.857435E-01    1.000877E+00    1.001228E+00    9.883036E-04 
   215   -2.847435E-01    1.000933E+00    1.001306E+00    1.048180E-03 
   216   -2.837435E-01    1.000979E+00    1.001372E+00    1.095884E-03 
   217   -2.827435E-01    1.001018E+00    1.001425E+00    1.131981E-03 
   218   -2.817436E-01    1.001048E+00    1.001468E+00    1.157380E-03 
   219   -2.807436E-01    1.001071E+00    1.001500E+00    1.173261E-03 
   220   -2.797438E-01    1.001088E+00    1.001524E+00    1.181841E-03 
   221   -2.787439E-01    1.001100E+00    1.001541E+00    1.185580E-03 
   222   -2.777440E-01    1.001108E+00    1.001551E+00    1.186177E-03 
   223   -2.767441E-01    1.001112E+00    1.001557E+00    1.184577E-03 
   224   -2.757442E-01    1.001113E+00    1.001559E+00    1.181180E-03 
   225   -2.747443E-01    1.001112E+00    1.001557E+00    1.175848E-03 
   226   -2.737445E-01    1.001108E+00    1.001552E+00    1.168663E-03 
   227   -2.727446E-01    1.001103E+00    1.001545E+00    1.159735E-03 
   228   -2.717447E-01    1.001096E+00    1.001535E+00    1.149240E-03 
   229   -2.707448E-01    1.001087E+00    1.001522E+00    1.137328E-03 
   230   -2.697449E-01    1.001077E+00    1.001507E+00    1.124142E-03 
   231   -2.687449E-01    1.001064E+00    1.001490E+00    1.109835E-03 
   232   -2.677450E-01    1.001050E+00    1.001471E+00    1.094578E-03 
   233   -2.667450E-01    1.001034E+00    1.001448E+00    1.078561E-03 
   234   -2.657451E-01    1.001017E+00    1.001424E+00    1.061997E-03 
   235   -2.647451E-01    1.000997E+00    1.001396E+00    1.045120E-03 
   236   -2.637451E-01    1.000976E+00    1.001366E+00    1.028186E-03 
   237   -2.627451E-01    1.000952E+00    1.001334E+00    1.011475E-03 
   238   -2.617450E-01    1.000927E+00    1.001298E+00    9.952920E-04 
   239   -2.607449E-01    1.000899E+00    1.001259E+00    9.799642E-04 
   240   -2.597448E-01    1.000869E+00    1.001217E+00    9.658615E-04 
   241   -2.587447E-01    1.000836E+00    1.001171E+00    9.534451E-04 
   242   -2.577445E-01    1.000800E+00    1.001121E+00    9.432048E-04 
   243   -2.567443E-01    1.000761E+00    1.001065E+00    9.356354E-04 
   244   -2.557441E-01    1.000716E+00    1.001003E+00    9.309325E-04 
   245   -2.547438E-01    1.000665E+00    1.000931E+00    9.297844E-04 
   246   -2.537434E-01    1.000606E+00    1.000848E+00    9.332066E-04 
   247   -2.527431E-01    1.000535E+00    1.000750E+00    9.443298E-04 
   248   -2.517426E-01    1.000451E+00    1.000631E+00    9.681283E-04 
   249   -2.507421E-01    1.000348E+00    1.000487E+00    1.011470E-03 
   250   -2.497415E-01    1.000223E+00    1.000313E+00    1.080509E-03 
   251   -2.487408E-01    1.000072E+00    1.000101E+00    1.180416E-03 
   252   -2.477399E-01    9.998911E-01    9.998474E-01    1.316995E-03 
   253   -2.467388E-01    9.996747E-01    9.995444E-01    1.495547E-03 
   254   -2.457375E-01    9.994189E-01    9.991863E-01    1.721182E-03 
   255   -2.447360E-01    9.991191E-01    9.987666E-01    1.998853E-03 
   256   -2.437342E-01    9.987706E-01    9.982789E-01    2.333702E-03 
   257   -2.427320E-01    9.983684E-01    9.977159E-01    2.731270E-03 
   258   -2.417293E-01    9.979069E-01    9.970701E-01    3.198178E-03 
   259   -2.407263E-01    9.973801E-01    9.963330E-01    3.741718E-03 
   260   -2.397226E-01    9.967817E-01    9.954959E-01    4.370465E-03 
   261   -2.387184E-01    9.961049E-01    9.945494E-01    5.093636E-03 
   262   -2.377135E-01    9.953432E-01    9.934842E-01    5.920816E-03 
   263   -2.367078E-01    9.944897E-01    9.922913E-01    6.861536E-03 
   264   -2.357012E-01    9.935385E-01    9.909620E-01    7.924639E-03 
   265   -2.346936E-01    9.924838E-01    9.894887E-01    9.117985E-03 
   266   -2.336849E-01    9.913210E-01    9.878649E-01    1.044825E-02 
   267   -2.326750E-01    9.900460E-01    9.860856E-01    1.192075E-02 
   268   -2.316637E-01    9.886562E-01    9.841467E-01    1.353958E-02 
   269   -2.306509E-01    9.871494E-01    9.820458E-01    1.530758E-02 
   270   -2.296366E-01    9.855247E-01    9.797821E-01    1.722647E-02 
   271   -2.286205E-01    9.837822E-01    9.773557E-01    1.929699E-02 
   272   -2.276025E-01    9.819229E-01    9.747686E-01    2.151860E-02 
   273   -2.265825E-01    9.799490E-01    9.720239E-01    2.388954E-02 
   274   -2.255604E-01    9.778634E-01    9.691263E-01    2.640673E-02 
   275   -2.245360E-01    9.756702E-01    9.660820E-01    2.906556E-02 
   276   -2.235093E-01    9.733746E-01    9.628983E-01    3.186013E-02 
   277   -2.224800E-01    9.709824E-01    9.595838E-01    3.478315E-02 
   278   -2.214481E-01    9.685002E-01    9.561481E-01    3.782627E-02 
   279   -2.204135E-01    9.659354E-01    9.526017E-01    4.098030E-02 
   280   -2.193760E-01    9.632956E-01    9.489555E-01    4.423546E-02 
   281   -2.183356E-01    9.605886E-01    9.452206E-01    4.758164E-02 
   282   -2.172923E-01    9.578224E-01    9.414085E-01    5.100865E-02 
   283   -2.162458E-01    9.550049E-01    9.375301E-01    5.450636E-02 
   284   -2.151962E-01    9.521437E-01    9.335962E-01    5.806488E-02 
   285   -2.141433E-01    9.492459E-01    9.296170E-01    6.167475E-02 
   286   -2.130872E-01    9.463184E-01    9.256018E-01    6.532709E-02 
   287   -2.120278E-01    9.433672E-01    9.215592E-01    6.901370E-02 
   288   -2.109651E-01    9.403976E-01    9.174965E-01    7.272733E-02 
   289   -2.098989E-01    9.374142E-01    9.134201E-01    7.646168E-02 
   290   -2.088293E-01    9.344204E-01    9.093349E-01    8.021170E-02 
   291   -2.077563E-01    9.314188E-01    9.052441E-01    8.397351E-02 
   292   -2.066798E-01    9.284107E-01    9.011497E-01    8.774476E-02 
   293   -2.055998E-01    9.253958E-01    8.970515E-01    9.152455E-02 
   294   -2.045163E-01    9.223728E-01    8.929475E-01    9.531380E-02 
   295   -2.034292E-01    9.193385E-01    8.888335E-01    9.911538E-02 
   296   -2.023385E-01    9.162880E-01    8.847030E-01    1.029344E-01 
   297   -2.012443E-01    9.132147E-01    8.805472E-01    1.067782E-01 
   298   -2.001463E-01    9.101105E-01    8.763551E-01    1.106564E-01 
   299   -1.990446E-01    9.069659E-01    8.721141E-01    1.145859E-01 
   300   -1.979391E-01    9.037704E-01    8.678103E-01    1.185855E-01 
   301   -1.968298E-01    9.005133E-01    8.634297E-01    1.226743E-01 
   302   -1.957163E-01    8.971843E-01    8.589587E-01    1.268710E-01 
   303   -1.945988E-01    8.937740E-01    8.543855E-01    1.311930E-01 
   304   -1.934769E-01    8.902753E-01    8.497006E-01    1.356547E-01 
   305   -1.923506E-01    8.866832E-01    8.448985E-01    1.402678E-01 
   306   -1.912196E-01    8.829961E-01    8.399772E-01    1.450397E-01 
   307   -1.900838E-01    8.792153E-01    8.349394E-01    1.499735E-01 
   308   -1.889431E-01    8.753457E-01    8.297921E-01    1.550621E-01 
   309   -1.877972E-01    8.713949E-01    8.245464E-01    1.602933E-01 
   310   -1.866459E-01    8.673733E-01    8.192164E-01    1.656519E-01 
   311   -1.854893E-01    8.632931E-01    8.138189E-01    1.711196E-01 
   312   -1.843270E-01    8.591678E-01    8.083722E-01    1.766761E-01 
   313   -1.831591E-01    8.550113E-01    8.028950E-01    1.823006E-01 
   314   -1.819854E-01    8.508377E-01    7.974059E-01    1.879723E-01 
   315   -1.808059E-01    8.466600E-01    7.919226E-01    1.936714E-01 
   316   -1.796205E-01    8.424905E-01    7.864607E-01    1.993798E-01 
   317   -1.784292E-01    8.383396E-01    7.810341E-01    2.050812E-01 
   318   -1.772319E-01    8.342157E-01    7.756535E-01    2.107624E-01 
   319   -1.760288E-01    8.301251E-01    7.703268E-01    2.164130E-01 
   320   -1.748197E-01    8.260715E-01    7.650588E-01    2.220256E-01 
   321   -1.736047E-01    8.220562E-01    7.598508E-01    2.275965E-01 
   322   -1.723838E-01    8.180779E-01    7.547007E-01    2.331263E-01 
   323   -1.711571E-01    8.141330E-01    7.496038E-01    2.386193E-01 
   324   -1.699244E-01    8.102164E-01    7.445532E-01    2.440828E-01 
   325   -1.686858E-01    8.063221E-01    7.395410E-01    2.495368E-01 
   326   -1.674412E-01    8.024438E-01    7.345590E-01    2.550012E-01 
   327   -1.661907E-01    7.985757E-01    7.295996E-01    2.604818E-01 
   328   -1.649341E-01    7.947130E-01    7.246568E-01    2.659825E-01 
   329   -1.636714E-01    7.908524E-01    7.197262E-01    2.715056E-01 
   330   -1.624025E-01    7.869918E-01    7.148053E-01    2.770517E-01 
   331   -1.611273E-01    7.831310E-01    7.098938E-01    2.826297E-01 
   332   -1.598459E-01    7.792718E-01    7.049940E-01    2.882453E-01 
   333   -1.585581E-01    7.754179E-01    7.001108E-01    2.938888E-01 
   334   -1.572638E-01    7.715751E-01    6.952514E-01    2.995477E-01 
   335   -1.559630E-01    7.677507E-01    6.904248E-01    3.052089E-01 
   336   -1.546558E-01    7.639524E-01    6.856409E-01    3.108573E-01 
   337   -1.533420E-01    7.601885E-01    6.809097E-01    3.164770E-01 
   338   -1.520216E-01    7.564666E-01    6.762407E-01    3.220523E-01 
   339   -1.506948E-01    7.527934E-01    6.716419E-01    3.275700E-01 
   340   -1.493615E-01    7.491747E-01    6.671200E-01    3.330192E-01 
   341   -1.480218E-01    7.456148E-01    6.626802E-01    3.383913E-01 
   342   -1.466757E-01    7.421164E-01    6.583256E-01    3.436808E-01 
   343   -1.453233E-01    7.386810E-01    6.540572E-01    3.488848E-01 
   344   -1.439647E-01    7.353081E-01    6.498743E-01    3.540028E-01 
   345   -1.425998E-01    7.319955E-01    6.457736E-01    3.590365E-01 
   346   -1.412289E-01    7.287390E-01    6.417497E-01    3.639892E-01 
   347   -1.398519E-01    7.255325E-01    6.377945E-01    3.688674E-01 
   348   -1.384688E-01    7.223679E-01    6.338978E-01    3.736803E-01 
   349   -1.370797E-01    7.192345E-01    6.300463E-01    3.784407E-01 
   350   -1.356847E-01    7.161191E-01    6.262234E-01    3.831660E-01 
   351   -1.342836E-01    7.130047E-01    6.224082E-01    3.878792E-01 
   352   -1.328765E-01    7.098704E-01    6.185753E-01    3.926107E-01 
   353   -1.314632E-01    7.066915E-01    6.146946E-01    3.973995E-01 
   354   -1.300436E-01    7.034403E-01    6.107326E-01    4.023026E-01 
   355   -1.286175E-01    7.000876E-01    6.066544E-01    4.073778E-01 
   356   -1.271845E-01    6.966054E-01    6.024267E-01    4.126811E-01 
   357   -1.257442E-01    6.929696E-01    5.980214E-01    4.182650E-01 
   358   -1.242963E-01    6.891629E-01    5.934189E-01    4.241722E-01 
   359   -1.228401E-01    6.851770E-01    5.886105E-01    4.304324E-01 
   360   -1.213752E-01    6.810139E-01    5.836004E-01    4.370552E-01 
   361   -1.199011E-01    6.766860E-01    5.784048E-01    4.440201E-01 
   362   -1.184172E-01    6.722143E-01    5.730509E-01    4.512926E-01 
   363   -1.169231E-01    6.676268E-01    5.675732E-01    4.588258E-01 
   364   -1.154185E-01    6.629555E-01    5.620111E-01    4.665612E-01 
   365   -1.139031E-01    6.582339E-01    5.564052E-01    4.744358E-01 
   366   -1.123765E-01    6.534955E-01    5.507958E-01    4.823863E-01 
   367   -1.108388E-01    6.487719E-01    5.452203E-01    4.903572E-01 
   368   -1.092898E-01    6.440912E-01    5.397116E-01    4.983000E-01 
   369   -1.077295E-01    6.394767E-01    5.342967E-01    5.061733E-01 
   370   -1.061580E-01    6.349460E-01    5.289953E-01    5.139436E-01 
   371   -1.045753E-01    6.305105E-01    5.238201E-01    5.215872E-01 
   372   -1.029816E-01    6.261755E-01    5.187763E-01    5.290912E-01 
   373   -1.013770E-01    6.219398E-01    5.138614E-01    5.364502E-01 
   374   -9.976160E-02    6.177956E-01    5.090656E-01    5.436693E-01 
   375   -9.813553E-02    6.137290E-01    5.043722E-01    5.507653E-01 
   376   -9.649885E-02    6.097214E-01    4.997588E-01    5.577676E-01 
   377   -9.485155E-02    6.057517E-01    4.952009E-01    5.647236E-01 
   378   -9.319353E-02    6.017996E-01    4.906749E-01    5.717084E-01 
   379   -9.152466E-02    5.978478E-01    4.861611E-01    5.787619E-01 
   380   -8.984474E-02    5.938838E-01    4.816454E-01    5.859026E-01 
   381   -8.815356E-02    5.899007E-01    4.771200E-01    5.931345E-01 
   382   -8.645088E-02    5.858982E-01    4.725849E-01    6.004702E-01 
   383   -8.473646E-02    5.818836E-01    4.680488E-01    6.079080E-01 
   384   -8.301005E-02    5.778730E-01    4.635298E-01    6.154028E-01 
   385   -8.127152E-02    5.738899E-01    4.590543E-01    6.229040E-01 
   386   -7.952081E-02    5.699627E-01    4.546538E-01    6.303530E-01 
   387   -7.775798E-02    5.661213E-01    4.503615E-01    6.376913E-01 
   388   -7.598319E-02    5.623951E-01    4.462091E-01    6.448582E-01 
   389   -7.419669E-02    5.588117E-01    4.422263E-01    6.517944E-01 
   390   -7.239885E-02    5.553960E-01    4.384394E-01    6.584425E-01 
   391   -7.059013E-02    5.521721E-01    4.348737E-01    6.647481E-01 
   392   -6.877104E-02    5.491652E-01    4.315555E-01    6.706537E-01 
   393   -6.694222E-02    5.464046E-01    4.285154E-01    6.760977E-01 
   394   -6.510442E-02    5.439261E-01    4.257910E-01    6.810129E-01 
   395   -6.325856E-02    5.417735E-01    4.234285E-01    6.853191E-01 
   396   -6.140573E-02    5.399997E-01    4.214839E-01    6.889137E-01 
   397   -5.954726E-02    5.386608E-01    4.200165E-01    6.916682E-01 
   398   -5.768473E-02    5.377978E-01    4.190698E-01    6.934602E-01 
   399   -5.582003E-02    5.374076E-01    4.186391E-01    6.940688E-01 
   400   -5.395534E-02    5.374256E-01    4.186536E-01    6.933867E-01 
   401   -5.209203E-02    5.377425E-01    4.189940E-01    6.922710E-01 
   402   -5.023054E-02    5.382459E-01    4.195379E-01    6.910273E-01 
   403   -4.837120E-02    5.388524E-01    4.201947E-01    6.897031E-01 
   404   -4.651417E-02    5.395119E-01    4.209096E-01    6.883409E-01 
   405   -4.465959E-02    5.401953E-01    4.216508E-01    6.869703E-01 
   406   -4.280739E-02    5.408840E-01    4.223981E-01    6.856092E-01 
   407   -4.095761E-02    5.415637E-01    4.231357E-01    6.842780E-01 
   408   -3.911020E-02    5.422218E-01    4.238500E-01    6.830026E-01 
   409   -3.726500E-02    5.428473E-01    4.245287E-01    6.818047E-01 
   410   -3.542194E-02    5.434315E-01    4.251625E-01    6.806993E-01 
   411   -3.358075E-02    5.439689E-01    4.257450E-01    6.796955E-01 
   412   -3.174135E-02    5.444557E-01    4.262720E-01    6.788013E-01 
   413   -2.990353E-02    5.448900E-01    4.267416E-01    6.780187E-01 
   414   -2.806705E-02    5.452717E-01    4.271533E-01    6.773424E-01 
   415   -2.623180E-02    5.456027E-01    4.275095E-01    6.767642E-01 
   416   -2.439753E-02    5.458867E-01    4.278138E-01    6.762744E-01 
   417   -2.256414E-02    5.461277E-01    4.280710E-01    6.758639E-01 
   418   -2.073150E-02    5.463308E-01    4.282864E-01    6.755226E-01 
   419   -1.889941E-02    5.465012E-01    4.284657E-01    6.752386E-01 
   420   -1.706788E-02    5.466440E-01    4.286146E-01    6.750033E-01 
   421   -1.523674E-02    5.467642E-01    4.287384E-01    6.748075E-01 
   422   -1.340595E-02    5.468657E-01    4.288415E-01    6.746444E-01 
   423   -1.157550E-02    5.469521E-01    4.289279E-01    6.745068E-01 
   424   -9.745256E-03    5.470265E-01    4.290010E-01    6.743881E-01 
   425   -7.915268E-03    5.470915E-01    4.290635E-01    6.742851E-01 
   426   -6.085471E-03    5.471491E-01    4.291177E-01    6.741943E-01 
   427   -4.255854E-03    5.472008E-01    4.291651E-01    6.741133E-01 
   428   -2.426400E-03    5.472480E-01    4.292072E-01    6.740396E-01 
   429   -5.970720E-04    5.472916E-01    4.292453E-01    6.739721E-01 
   430    1.232081E-03    5.473322E-01    4.292799E-01    6.739107E-01 
   431    3.061118E-03    5.473704E-01    4.293114E-01    6.738535E-01 
   432    4.890051E-03    5.474066E-01    4.293405E-01    6.738003E-01 
   433    6.718846E-03    5.474411E-01    4.293675E-01    6.737505E-01 
   434    8.547516E-03    5.474741E-01    4.293925E-01    6.737039E-01 
   435    1.037612E-02    5.475058E-01    4.294157E-01    6.736598E-01 
   436    1.220459E-02    5.475365E-01    4.294375E-01    6.736181E-01 
   437    1.403295E-02    5.475661E-01    4.294578E-01    6.735792E-01 
   438    1.586125E-02    5.475949E-01    4.294769E-01    6.735416E-01 
   439    1.768942E-02    5.476231E-01    4.294948E-01    6.735063E-01 
   440    1.951752E-02    5.476506E-01    4.295117E-01    6.734731E-01 
   441    2.134551E-02    5.476774E-01    4.295275E-01    6.734414E-01 
   442    2.317340E-02    5.477038E-01    4.295423E-01    6.734110E-01 
   443    2.500128E-02    5.477299E-01    4.295562E-01    6.733821E-01 
   444    2.682897E-02    5.477555E-01    4.295690E-01    6.733555E-01 
   445    2.865660E-02    5.477807E-01    4.295811E-01    6.733296E-01 
   446    3.048424E-02    5.478057E-01    4.295928E-01    6.733044E-01 
   447    3.231168E-02    5.478307E-01    4.296036E-01    6.732816E-01 
   448    3.413906E-02    5.478553E-01    4.296131E-01    6.732601E-01 
   449    3.596642E-02    5.478798E-01    4.296216E-01    6.732385E-01 
   450    3.779364E-02    5.479045E-01    4.296302E-01    6.732184E-01 
   451    3.962080E-02    5.479290E-01    4.296388E-01    6.732008E-01 
   452    4.144786E-02    5.479534E-01    4.296462E-01    6.731829E-01 
   453    4.327483E-02    5.479783E-01    4.296521E-01    6.731651E-01 
   454    4.510184E-02    5.480036E-01    4.296573E-01    6.731497E-01 
   455    4.692858E-02    5.480287E-01    4.296624E-01    6.731360E-01 
   456    4.875525E-02    5.480539E-01    4.296682E-01    6.731207E-01 
   457    5.058208E-02    5.480801E-01    4.296740E-01    6.731061E-01 
   458    5.240858E-02    5.481069E-01    4.296775E-01    6.730955E-01 
   459    5.423492E-02    5.481338E-01    4.296789E-01    6.730839E-01 
   460    5.606147E-02    5.481616E-01    4.296812E-01    6.730697E-01 
   461    5.788779E-02    5.481905E-01    4.296853E-01    6.730591E-01 
   462    5.971383E-02    5.482196E-01    4.296891E-01    6.730518E-01 
   463    6.153995E-02    5.482494E-01    4.296907E-01    6.730401E-01 
   464    6.336608E-02    5.482815E-01    4.296921E-01    6.730272E-01 
   465    6.519194E-02    5.483153E-01    4.296929E-01    6.730207E-01 
   466    6.701755E-02    5.483490E-01    4.296919E-01    6.730151E-01 
   467    6.884327E-02    5.483837E-01    4.296917E-01    6.730022E-01 
   468    7.066900E-02    5.484214E-01    4.296957E-01    6.729910E-01 
   469    7.249423E-02    5.484609E-01    4.296999E-01    6.729890E-01 
   470    7.431940E-02    5.485012E-01    4.296978E-01    6.729852E-01 
   471    7.614480E-02    5.485447E-01    4.296910E-01    6.729691E-01 
   472    7.796969E-02    5.485924E-01    4.296870E-01    6.729568E-01 
   473    7.979444E-02    5.486397E-01    4.296887E-01    6.729702E-01 
   474    8.161923E-02    5.486867E-01    4.296945E-01    6.729617E-01 
   475    8.344343E-02    5.487423E-01    4.296994E-01    6.729303E-01 
   476    8.526807E-02    5.488046E-01    4.296898E-01    6.729318E-01 
   477    8.709286E-02    5.488652E-01    4.296655E-01    6.729805E-01 
   478    8.891499E-02    5.489289E-01    4.296612E-01    6.729057E-01 
   479    9.073872E-02    5.490048E-01    4.296846E-01    6.728809E-01 
   480    9.256649E-02    5.490814E-01    4.296894E-01    6.729990E-01 
   481    9.438423E-02    5.491588E-01    4.296613E-01    6.729061E-01 
   482    9.620489E-02    5.492612E-01    4.296537E-01    6.728086E-01 
   483    9.804002E-02    5.493685E-01    4.296525E-01    6.730126E-01 
   484    9.985246E-02    5.494678E-01    4.296337E-01    6.729544E-01 
   485    1.016629E-01    5.495972E-01    4.296399E-01    6.726887E-01 
   486    1.035125E-01    5.497711E-01    4.297026E-01    6.730417E-01 
   487    1.053240E-01    5.499790E-01    4.297749E-01    6.730286E-01 
   488    1.071055E-01    5.502657E-01    4.298101E-01    6.725245E-01 
   489    1.089844E-01    5.507272E-01    4.298183E-01    6.731179E-01 
   490    1.108000E-01    5.511709E-01    4.295464E-01    6.730665E-01 
   491    1.125171E-01    5.514412E-01    4.288515E-01    6.723705E-01 
   492    1.144544E-01    5.513741E-01    4.278188E-01    6.732453E-01 
   493    1.162637E-01    5.499263E-01    4.257073E-01    6.729578E-01 
   494    1.179033E-01    5.468785E-01    4.233499E-01    6.723907E-01 
   495    1.199474E-01    5.402284E-01    4.222397E-01    6.733044E-01 
   496    1.217332E-01    5.320680E-01    4.255701E-01    6.725775E-01 
   497    1.234941E-01    5.222967E-01    4.307507E-01    6.729520E-01 
   498    1.256734E-01    5.100900E-01    4.359224E-01    6.728550E-01 
   499    1.282388E-01    4.946029E-01    4.479859E-01    6.746664E-01 
   500    1.265543E-01    5.046462E-01    3.513693E-01    6.708315E-01 
   501    1.284355E-01    4.933454E-01    3.734483E-01    6.675193E-01 
   502    1.298560E-01    4.841428E-01    3.949925E-01    6.717650E-01 
   503    1.305915E-01    4.794019E-01    4.160680E-01    6.730915E-01 
   504    1.307908E-01    4.781883E-01    4.336281E-01    6.727457E-01 
   505    1.311961E-01    4.758526E-01    4.428863E-01    6.713413E-01 
   506    1.322177E-01    4.705296E-01    4.437054E-01    6.725538E-01 
   507    1.328993E-01    4.673448E-01    4.426842E-01    6.746219E-01 
   508    1.331112E-01    4.664347E-01    4.417467E-01    6.745015E-01 
   509    1.332473E-01    4.658782E-01    4.405818E-01    6.735640E-01 
   510    1.337286E-01    4.641267E-01    4.384068E-01    6.712100E-01 
   511    1.344867E-01    4.618553E-01    4.358461E-01    6.723037E-01 
   512    1.351502E-01    4.602893E-01    4.339793E-01    6.723972E-01 
   513    1.358008E-01    4.591211E-01    4.325243E-01    6.723653E-01 
   514    1.363351E-01    4.584102E-01    4.314845E-01    6.719400E-01 
   515    1.370258E-01    4.577393E-01    4.304764E-01    6.735120E-01 
   516    1.375238E-01    4.573863E-01    4.297932E-01    6.737345E-01 
   517    1.379357E-01    4.571658E-01    4.293123E-01    6.735840E-01 
   518    1.383712E-01    4.570131E-01    4.289333E-01    6.729153E-01 
   519    1.389017E-01    4.569063E-01    4.286274E-01    6.725413E-01 
   520    1.394588E-01    4.568631E-01    4.284061E-01    6.724409E-01 
   521    1.400446E-01    4.568738E-01    4.282723E-01    6.723594E-01 
   522    1.406979E-01    4.569254E-01    4.281964E-01    6.724064E-01 
   523    1.413143E-01    4.569850E-01    4.281400E-01    6.728521E-01 
   524    1.418458E-01    4.570397E-01    4.280791E-01    6.732767E-01 
   525    1.423393E-01    4.570887E-01    4.280184E-01    6.732791E-01 
   526    1.428486E-01    4.571507E-01    4.279728E-01    6.728024E-01 
   527    1.433910E-01    4.572294E-01    4.279482E-01    6.727540E-01 
   528    1.439176E-01    4.573052E-01    4.279173E-01    6.727921E-01 
   529    1.444451E-01    4.573837E-01    4.278962E-01    6.726299E-01 
   530    1.450038E-01    4.574691E-01    4.278916E-01    6.725463E-01 
   531    1.455935E-01    4.575558E-01    4.278998E-01    6.728137E-01 
   532    1.461695E-01    4.576292E-01    4.279034E-01    6.731090E-01 
   533    1.467122E-01    4.576894E-01    4.278994E-01    6.730421E-01 
   534    1.472388E-01    4.577518E-01    4.279038E-01    6.727830E-01 
   535    1.477824E-01    4.578209E-01    4.279171E-01    6.726191E-01 
   536    1.483387E-01    4.578891E-01    4.279278E-01    6.727307E-01 
   537    1.488759E-01    4.579495E-01    4.279297E-01    6.727627E-01 
   538    1.494077E-01    4.580065E-01    4.279269E-01    6.727393E-01 
   539    1.499489E-01    4.580617E-01    4.279259E-01    6.728097E-01 
   540    1.504954E-01    4.581125E-01    4.279210E-01    6.729335E-01 
   541    1.510443E-01    4.581585E-01    4.279185E-01    6.729619E-01 
   542    1.515969E-01    4.582033E-01    4.279160E-01    6.728612E-01 
   543    1.521517E-01    4.582500E-01    4.279254E-01    6.727188E-01 
   544    1.527057E-01    4.582976E-01    4.279340E-01    6.726728E-01 
   545    1.532572E-01    4.583425E-01    4.279466E-01    6.727282E-01 
   546    1.538019E-01    4.583833E-01    4.279486E-01    6.727836E-01 
   547    1.543402E-01    4.584208E-01    4.279533E-01    6.728101E-01 
   548    1.548753E-01    4.584555E-01    4.279486E-01    6.728351E-01 
   549    1.554110E-01    4.584881E-01    4.279482E-01    6.728296E-01 
   550    1.559519E-01    4.585203E-01    4.279436E-01    6.728001E-01 
   551    1.565016E-01    4.585529E-01    4.279462E-01    6.727704E-01 
   552    1.570579E-01    4.585849E-01    4.279472E-01    6.727662E-01 
   553    1.576133E-01    4.586148E-01    4.279509E-01    6.727794E-01 
   554    1.581635E-01    4.586425E-01    4.279526E-01    6.727945E-01 
   555    1.587099E-01    4.586682E-01    4.279534E-01    6.728054E-01 
   556    1.592528E-01    4.586922E-01    4.279545E-01    6.728004E-01 
   557    1.597926E-01    4.587152E-01    4.279521E-01    6.727758E-01 
   558    1.603312E-01    4.587383E-01    4.279547E-01    6.727434E-01 
   559    1.608713E-01    4.587616E-01    4.279524E-01    6.727212E-01 
   560    1.614161E-01    4.587844E-01    4.279567E-01    6.727299E-01 
   561    1.619650E-01    4.588057E-01    4.279532E-01    6.727705E-01 
   562    1.625155E-01    4.588248E-01    4.279555E-01    6.728091E-01 
   563    1.630644E-01    4.588422E-01    4.279500E-01    6.728176E-01 
   564    1.636120E-01    4.588587E-01    4.279513E-01    6.728035E-01 
   565    1.641580E-01    4.588748E-01    4.279473E-01    6.727827E-01 
   566    1.647028E-01    4.588910E-01    4.279495E-01    6.727568E-01 
   567    1.652457E-01    4.589075E-01    4.279485E-01    6.727301E-01 
   568    1.657883E-01    4.589239E-01    4.279509E-01    6.727134E-01 
   569    1.663311E-01    4.589399E-01    4.279516E-01    6.727173E-01 
   570    1.668752E-01    4.589548E-01    4.279516E-01    6.727426E-01 
   571    1.674209E-01    4.589684E-01    4.279521E-01    6.727674E-01 
   572    1.679673E-01    4.589808E-01    4.279488E-01    6.727777E-01 
   573    1.685143E-01    4.589924E-01    4.279498E-01    6.727760E-01 
   574    1.690612E-01    4.590035E-01    4.279452E-01    6.727679E-01 
   575    1.696078E-01    4.590143E-01    4.279476E-01    6.727577E-01 
   576    1.701533E-01    4.590249E-01    4.279433E-01    6.727470E-01 
   577    1.706982E-01    4.590355E-01    4.279467E-01    6.727354E-01 
   578    1.712419E-01    4.590460E-01    4.279433E-01    6.727255E-01 
   579    1.717855E-01    4.590562E-01    4.279465E-01    6.727194E-01 
   580    1.723292E-01    4.590661E-01    4.279437E-01    6.727209E-01 
   581    1.728738E-01    4.590753E-01    4.279454E-01    6.727280E-01 
   582    1.734192E-01    4.590838E-01    4.279430E-01    6.727371E-01 
   583    1.739653E-01    4.590917E-01    4.279426E-01    6.727432E-01 
   584    1.745115E-01    4.590989E-01    4.279412E-01    6.727452E-01 
   585    1.750575E-01    4.591057E-01    4.279390E-01    6.727434E-01 
   586    1.756032E-01    4.591121E-01    4.279391E-01    6.727377E-01 
   587    1.761481E-01    4.591184E-01    4.279356E-01    6.727295E-01 
   588    1.766929E-01    4.591248E-01    4.279376E-01    6.727196E-01 
   589    1.772370E-01    4.591312E-01    4.279340E-01    6.727103E-01 
   590    1.777814E-01    4.591377E-01    4.279374E-01    6.727040E-01 
   591    1.783258E-01    4.591439E-01    4.279336E-01    6.727047E-01 
   592    1.788708E-01    4.591496E-01    4.279365E-01    6.727107E-01 
   593    1.794159E-01    4.591548E-01    4.279323E-01    6.727180E-01 
   594    1.799615E-01    4.591594E-01    4.279337E-01    6.727217E-01 
   595    1.805070E-01    4.591636E-01    4.279299E-01    6.727220E-01 
   596    1.810524E-01    4.591675E-01    4.279300E-01    6.727185E-01 
   597    1.815977E-01    4.591713E-01    4.279277E-01    6.727131E-01 
   598    1.821426E-01    4.591750E-01    4.279267E-01    6.727071E-01 
   599    1.826875E-01    4.591788E-01    4.279265E-01    6.727011E-01 
   600    1.832320E-01    4.591826E-01    4.279245E-01    6.726965E-01 
   601    1.837767E-01    4.591863E-01    4.279261E-01    6.726935E-01 
   602    1.843214E-01    4.591898E-01    4.279228E-01    6.726928E-01 
   603    1.848664E-01    4.591930E-01    4.279252E-01    6.726943E-01 
   604    1.854113E-01    4.591959E-01    4.279207E-01    6.726963E-01 
   605    1.859567E-01    4.591984E-01    4.279230E-01    6.726969E-01 
   606    1.865018E-01    4.592006E-01    4.279181E-01    6.726965E-01 
   607    1.870470E-01    4.592026E-01    4.279197E-01    6.726941E-01 
   608    1.875921E-01    4.592045E-01    4.279155E-01    6.726912E-01 
   609    1.881370E-01    4.592063E-01    4.279164E-01    6.726876E-01 
   610    1.886819E-01    4.592081E-01    4.279136E-01    6.726834E-01 
   611    1.892266E-01    4.592099E-01    4.279134E-01    6.726800E-01 
   612    1.897715E-01    4.592117E-01    4.279123E-01    6.726772E-01 
   613    1.903162E-01    4.592133E-01    4.279108E-01    6.726756E-01 
   614    1.908612E-01    4.592147E-01    4.279112E-01    6.726748E-01 
   615    1.914061E-01    4.592160E-01    4.279080E-01    6.726744E-01 
   616    1.919513E-01    4.592170E-01    4.279094E-01    6.726737E-01 
   617    1.924963E-01    4.592178E-01    4.279048E-01    6.726727E-01 
   618    1.930414E-01    4.592185E-01    4.279068E-01    6.726705E-01 
   619    1.935863E-01    4.592191E-01    4.279018E-01    6.726682E-01 
   620    1.941313E-01    4.592196E-01    4.279037E-01    6.726651E-01 
   621    1.946762E-01    4.592201E-01    4.278993E-01    6.726619E-01 
   622    1.952210E-01    4.592205E-01    4.279006E-01    6.726591E-01 
   623    1.957659E-01    4.592209E-01    4.278971E-01    6.726565E-01 
   624    1.963108E-01    4.592211E-01    4.278974E-01    6.726545E-01 
   625    1.968558E-01    4.592213E-01    4.278953E-01    6.726528E-01 
   626    1.974007E-01    4.592214E-01    4.278940E-01    6.726512E-01 
   627    1.979457E-01    4.592213E-01    4.278934E-01    6.726496E-01 
   628    1.984907E-01    4.592211E-01    4.278905E-01    6.726477E-01 
   629    1.990358E-01    4.592208E-01    4.278912E-01    6.726454E-01 
   630    1.995806E-01    4.592204E-01    4.278869E-01    6.726431E-01 
   631    2.001256E-01    4.592200E-01    4.278885E-01    6.726400E-01 
   632    2.006705E-01    4.592195E-01    4.278836E-01    6.726375E-01 
   633    2.012154E-01    4.592190E-01    4.278855E-01    6.726346E-01 
   634    2.017603E-01    4.592184E-01    4.278807E-01    6.726320E-01 
   635    2.023052E-01    4.592177E-01    4.278822E-01    6.726297E-01 
   636    2.028502E-01    4.592170E-01    4.278780E-01    6.726273E-01 
   637    2.033951E-01    4.592162E-01    4.278785E-01    6.726251E-01 
   638    2.039402E-01    4.592153E-01    4.278754E-01    6.726228E-01 
   639    2.044851E-01    4.592143E-01    4.278746E-01    6.726203E-01 
   640    2.050301E-01    4.592133E-01    4.278730E-01    6.726178E-01 
   641    2.055750E-01    4.592122E-01    4.278706E-01    6.726150E-01 
   642    2.061200E-01    4.592111E-01    4.278705E-01    6.726122E-01 
   643    2.066649E-01    4.592099E-01    4.278667E-01    6.726095E-01 
   644    2.072099E-01    4.592087E-01    4.278678E-01    6.726063E-01 
   645    2.077548E-01    4.592075E-01    4.278630E-01    6.726038E-01 
   646    2.082998E-01    4.592062E-01    4.278646E-01    6.726009E-01 
   647    2.088447E-01    4.592048E-01    4.278595E-01    6.725982E-01 
   648    2.093897E-01    4.592034E-01    4.278610E-01    6.725957E-01 
   649    2.099347E-01    4.592020E-01    4.278562E-01    6.725927E-01 
   650    2.104797E-01    4.592005E-01    4.278570E-01    6.725901E-01 
   651    2.110247E-01    4.591989E-01    4.278532E-01    6.725871E-01 
   652    2.115696E-01    4.591974E-01    4.278528E-01    6.725841E-01 
   653    2.121146E-01    4.591957E-01    4.278503E-01    6.725813E-01 
   654    2.126595E-01    4.591941E-01    4.278485E-01    6.725782E-01 
   655    2.132046E-01    4.591924E-01    4.278476E-01    6.725753E-01 
   656    2.137494E-01    4.591907E-01    4.278443E-01    6.725724E-01 
   657    2.142945E-01    4.591890E-01    4.278447E-01    6.725692E-01 
   658    2.148394E-01    4.591872E-01    4.278401E-01    6.725666E-01 
   659    2.153845E-01    4.591853E-01    4.278414E-01    6.725632E-01 
   660    2.159294E-01    4.591835E-01    4.278361E-01    6.725604E-01 
   661    2.164745E-01    4.591816E-01    4.278375E-01    6.725574E-01 
   662    2.170194E-01    4.591796E-01    4.278322E-01    6.725541E-01 
   663    2.175644E-01    4.591776E-01    4.278332E-01    6.725511E-01 
   664    2.181094E-01    4.591756E-01    4.278286E-01    6.725476E-01 
   665    2.186544E-01    4.591736E-01    4.278286E-01    6.725442E-01 
   666    2.191994E-01    4.591715E-01    4.278252E-01    6.725409E-01 
   667    2.197444E-01    4.591694E-01    4.278239E-01    6.725373E-01 
   668    2.202895E-01    4.591673E-01    4.278219E-01    6.725339E-01 
   669    2.208344E-01    4.591652E-01    4.278191E-01    6.725303E-01 
   670    2.213795E-01    4.591631E-01    4.278187E-01    6.725266E-01 
   671    2.219244E-01    4.591609E-01    4.278145E-01    6.725232E-01 
   672    2.224696E-01    4.591588E-01    4.278152E-01    6.725192E-01 
   673    2.230145E-01    4.591566E-01    4.278101E-01    6.725160E-01 
   674    2.235596E-01    4.591545E-01    4.278115E-01    6.725122E-01 
   675    2.241046E-01    4.591524E-01    4.278061E-01    6.725088E-01 
   676    2.246496E-01    4.591503E-01    4.278074E-01    6.725057E-01 
   677    2.251946E-01    4.591482E-01    4.278024E-01    6.725023E-01 
   678    2.257396E-01    4.591460E-01    4.278029E-01    6.724995E-01 
   679    2.262847E-01    4.591438E-01    4.277989E-01    6.724966E-01 
   680    2.268297E-01    4.591415E-01    4.277982E-01    6.724938E-01 
   681    2.273748E-01    4.591392E-01    4.277952E-01    6.724914E-01 
   682    2.279198E-01    4.591366E-01    4.277928E-01    6.724886E-01 
   683    2.284649E-01    4.591339E-01    4.277911E-01    6.724860E-01 
   684    2.290098E-01    4.591310E-01    4.277867E-01    6.724831E-01 
   685    2.295550E-01    4.591278E-01    4.277857E-01    6.724793E-01 
   686    2.300999E-01    4.591244E-01    4.277793E-01    6.724757E-01 
   687    2.306451E-01    4.591207E-01    4.277785E-01    6.724704E-01 
   688    2.311901E-01    4.591167E-01    4.277708E-01    6.724647E-01 
   689    2.317352E-01    4.591124E-01    4.277695E-01    6.724577E-01 
   690    2.322803E-01    4.591079E-01    4.277612E-01    6.724492E-01 
   691    2.328253E-01    4.591033E-01    4.277591E-01    6.724397E-01 
   692    2.333704E-01    4.590987E-01    4.277514E-01    6.724283E-01 
   693    2.339155E-01    4.590942E-01    4.277484E-01    6.724160E-01 
   694    2.344606E-01    4.590899E-01    4.277423E-01    6.724027E-01 
   695    2.350057E-01    4.590860E-01    4.277389E-01    6.723881E-01 
   696    2.355508E-01    4.590827E-01    4.277354E-01    6.723736E-01 
   697    2.360959E-01    4.590799E-01    4.277322E-01    6.723589E-01 
   698    2.366411E-01    4.590780E-01    4.277321E-01    6.723464E-01 
   699    2.371862E-01    4.590768E-01    4.277294E-01    6.723393E-01 
   700    2.377315E-01    4.590764E-01    4.277325E-01    6.723366E-01 
   701    2.382765E-01    4.590768E-01    4.277307E-01    6.723432E-01 
   702    2.388217E-01    4.590776E-01    4.277360E-01    6.723542E-01 
   703    2.393668E-01    4.590786E-01    4.277348E-01    6.723705E-01 
   704    2.399119E-01    4.590796E-01    4.277402E-01    6.723891E-01 
   705    2.404570E-01    4.590800E-01    4.277385E-01    6.724074E-01 
   706    2.410021E-01    4.590794E-01    4.277413E-01    6.724254E-01 
   707    2.415472E-01    4.590773E-01    4.277372E-01    6.724404E-01 
   708    2.420923E-01    4.590730E-01    4.277340E-01    6.724524E-01 
   709    2.426374E-01    4.590659E-01    4.277248E-01    6.724599E-01 
   710    2.431824E-01    4.590556E-01    4.277124E-01    6.724612E-01 
   711    2.437275E-01    4.590416E-01    4.276957E-01    6.724558E-01 
   712    2.442726E-01    4.590237E-01    4.276719E-01    6.724421E-01 
   713    2.448177E-01    4.590017E-01    4.276461E-01    6.724178E-01 
   714    2.453627E-01    4.589758E-01    4.276105E-01    6.723795E-01 
   715    2.459080E-01    4.589464E-01    4.275762E-01    6.723236E-01 
   716    2.464531E-01    4.589144E-01    4.275319E-01    6.722505E-01 
   717    2.469984E-01    4.588808E-01    4.274924E-01    6.721575E-01 
   718    2.475437E-01    4.588471E-01    4.274458E-01    6.720471E-01 
   719    2.480891E-01    4.588149E-01    4.274076E-01    6.719197E-01 
   720    2.486345E-01    4.587859E-01    4.273679E-01    6.717774E-01 
   721    2.491801E-01    4.587621E-01    4.273399E-01    6.716247E-01 
   722    2.497258E-01    4.587452E-01    4.273169E-01    6.714690E-01 
   723    2.502715E-01    4.587367E-01    4.273076E-01    6.713301E-01 
   724    2.508173E-01    4.587377E-01    4.273094E-01    6.712351E-01 
   725    2.513631E-01    4.587487E-01    4.273242E-01    6.712039E-01 
   726    2.519090E-01    4.587696E-01    4.273535E-01    6.712557E-01 
   727    2.524547E-01    4.587995E-01    4.273914E-01    6.713843E-01 
   728    2.530005E-01    4.588367E-01    4.274431E-01    6.715740E-01 
   729    2.535460E-01    4.588783E-01    4.274953E-01    6.718061E-01 
   730    2.540915E-01    4.589212E-01    4.275552E-01    6.720537E-01 
   731    2.546367E-01    4.589611E-01    4.276045E-01    6.723054E-01 
   732    2.551818E-01    4.589933E-01    4.276506E-01    6.725412E-01 
   733    2.557267E-01    4.590127E-01    4.276733E-01    6.727489E-01 
   734    2.562716E-01    4.590140E-01    4.276786E-01    6.729179E-01 
   735    2.568163E-01    4.589921E-01    4.276481E-01    6.730404E-01 
   736    2.573609E-01    4.589422E-01    4.275856E-01    6.731070E-01 
   737    2.579056E-01    4.588604E-01    4.274782E-01    6.731089E-01 
   738    2.584503E-01    4.587441E-01    4.273277E-01    6.730386E-01 
   739    2.589951E-01    4.585921E-01    4.271302E-01    6.728821E-01 
   740    2.595400E-01    4.584054E-01    4.268864E-01    6.726211E-01 
   741    2.600852E-01    4.581874E-01    4.266042E-01    6.722296E-01 
   742    2.606305E-01    4.579437E-01    4.262847E-01    6.716859E-01 
   743    2.611765E-01    4.576829E-01    4.259480E-01    6.709843E-01 
   744    2.617227E-01    4.574161E-01    4.255975E-01    6.701232E-01 
   745    2.622698E-01    4.571562E-01    4.252629E-01    6.691188E-01 
   746    2.628173E-01    4.569185E-01    4.249501E-01    6.679867E-01 
   747    2.633657E-01    4.567179E-01    4.246927E-01    6.667344E-01 
   748    2.639148E-01    4.565695E-01    4.244970E-01    6.654410E-01 
   749    2.644647E-01    4.564866E-01    4.243921E-01    6.642415E-01 
   750    2.650151E-01    4.564789E-01    4.243806E-01    6.633654E-01 
   751    2.655660E-01    4.565516E-01    4.244775E-01    6.629910E-01 
   752    2.661169E-01    4.567039E-01    4.246758E-01    6.632937E-01 
   753    2.666674E-01    4.569275E-01    4.249679E-01    6.642626E-01 
   754    2.672173E-01    4.572061E-01    4.253324E-01    6.657681E-01 
   755    2.677660E-01    4.575154E-01    4.257346E-01    6.676398E-01 
   756    2.683136E-01    4.578231E-01    4.261384E-01    6.696880E-01 
   757    2.688598E-01    4.580896E-01    4.264835E-01    6.717673E-01 
   758    2.694048E-01    4.582690E-01    4.267205E-01    6.737627E-01 
   759    2.699484E-01    4.583098E-01    4.267695E-01    6.755187E-01 
   760    2.704912E-01    4.581566E-01    4.265706E-01    6.769633E-01 
   761    2.710330E-01    4.577509E-01    4.260330E-01    6.780047E-01 
   762    2.715745E-01    4.570324E-01    4.250897E-01    6.786153E-01 
   763    2.721157E-01    4.559403E-01    4.236481E-01    6.786777E-01 
   764    2.726574E-01    4.544154E-01    4.216410E-01    6.780400E-01 
   765    2.731998E-01    4.524020E-01    4.189859E-01    6.766375E-01 
   766    2.737437E-01    4.498458E-01    4.156184E-01    6.742668E-01 
   767    2.742899E-01    4.466982E-01    4.114737E-01    6.704725E-01 
   768    2.748394E-01    4.429166E-01    4.065005E-01    6.650271E-01 
   769    2.753934E-01    4.384628E-01    4.006559E-01    6.577526E-01 
   770    2.759532E-01    4.333063E-01    3.939060E-01    6.482634E-01 
   771    2.765204E-01    4.274262E-01    3.862427E-01    6.364114E-01 
   772    2.770967E-01    4.208123E-01    3.776572E-01    6.218152E-01 
   773    2.776839E-01    4.134598E-01    3.681771E-01    6.041077E-01 
   774    2.782840E-01    4.053859E-01    3.578332E-01    5.835891E-01 
   775    2.788993E-01    3.966161E-01    3.466982E-01    5.600728E-01 
   776    2.795315E-01    3.872105E-01    3.348677E-01    5.329905E-01 
   777    2.801831E-01    3.772408E-01    3.224696E-01    5.021508E-01 
   778    2.808560E-01    3.668094E-01    3.096518E-01    4.681978E-01 
   779    2.815527E-01    3.560379E-01    2.966002E-01    4.316829E-01 
   780    2.822744E-01    3.450944E-01    2.835338E-01    3.925019E-01 
   781    2.830227E-01    3.341592E-01    2.706838E-01    3.509788E-01 
   782    2.837985E-01    3.234291E-01    2.582801E-01    3.084236E-01 
   783    2.846025E-01    3.131036E-01    2.465474E-01    2.660315E-01 
   784    2.854341E-01    3.033810E-01    2.356862E-01    2.247633E-01 
   785    2.862922E-01    2.944289E-01    2.258521E-01    1.856638E-01 
   786    2.871752E-01    2.863776E-01    2.171490E-01    1.500601E-01 
   787    2.880808E-01    2.793101E-01    2.096221E-01    1.187749E-01 
   788    2.890061E-01    2.732552E-01    2.032582E-01    9.221481E-02 
   789    2.899480E-01    2.681871E-01    1.979916E-01    7.030096E-02 
   790    2.909036E-01    2.640389E-01    1.937207E-01    5.267947E-02 
   791    2.918703E-01    2.607129E-01    1.903221E-01    3.891821E-02 
   792    2.928455E-01    2.580978E-01    1.876646E-01    2.836797E-02 
   793    2.938273E-01    2.560766E-01    1.856188E-01    2.037566E-02 
   794    2.948140E-01    2.545378E-01    1.840657E-01    1.441587E-02 
   795    2.958044E-01    2.533824E-01    1.829017E-01    1.002721E-02 
   796    2.967975E-01    2.525254E-01    1.820393E-01    6.826773E-03 
   797    2.977926E-01    2.518966E-01    1.814068E-01    4.510304E-03 
   798    2.987891E-01    2.514395E-01    1.809473E-01    2.843007E-03 
   799    2.997865E-01    2.511102E-01    1.806162E-01    1.647693E-03 
   800    3.007846E-01    2.508749E-01    1.803797E-01    7.929790E-04 
   801    3.017833E-01    2.507081E-01    1.802120E-01    1.827496E-04 
   802    3.027822E-01    2.505908E-01    1.800940E-01   -2.527297E-04 
   803    3.037814E-01    2.505088E-01    1.800116E-01   -5.636077E-04 
   804    3.047808E-01    2.504521E-01    1.799546E-01   -7.856888E-04 
   805    3.057803E-01    2.504130E-01    1.799153E-01   -9.443897E-04 
   806    3.067798E-01    2.503862E-01    1.798884E-01   -1.057653E-03 
   807    3.077794E-01    2.503679E-01    1.798700E-01   -1.138055E-03 
   808    3.087790E-01    2.503553E-01    1.798572E-01   -1.194311E-03 
   809    3.097786E-01    2.503463E-01    1.798482E-01   -1.232542E-03 
   810    3.107783E-01    2.503394E-01    1.798412E-01   -1.257204E-03 
   811    3.117779E-01    2.503334E-01    1.798352E-01   -1.271541E-03 
   812    3.127776E-01    2.503275E-01    1.798293E-01   -1.277363E-03 
   813    3.137773E-01    2.503208E-01    1.798226E-01   -1.274616E-03 
   814    3.147770E-01    2.503128E-01    1.798145E-01   -1.261595E-03 
   815    3.157767E-01    2.503029E-01    1.798046E-01   -1.235958E-03 
   816    3.167765E-01    2.502908E-01    1.797924E-01   -1.196492E-03 
   817    3.177763E-01    2.502762E-01    1.797777E-01   -1.143209E-03 
   818    3.187762E-01    2.502589E-01    1.797603E-01   -1.076360E-03 
   819    3.197761E-01    2.502389E-01    1.797401E-01   -9.961561E-04 
   820    3.207762E-01    2.502163E-01    1.797174E-01   -9.031903E-04 
   821    3.217763E-01    2.501913E-01    1.796923E-01   -7.985187E-04 
   822    3.227766E-01    2.501644E-01    1.796653E-01   -6.838605E-04 
   823    3.237770E-01    2.501360E-01    1.796367E-01   -5.613562E-04 
   824    3.247775E-01    2.501068E-01    1.796073E-01   -4.337599E-04 
   825    3.257781E-01    2.500774E-01    1.795778E-01   -3.042500E-04 
   826    3.267789E-01    2.500486E-01    1.795489E-01   -1.764082E-04 
   827    3.277798E-01    2.500213E-01    1.795214E-01   -5.425050E-05 
   828    3.287808E-01    2.499962E-01    1.794962E-01    5.820675E-05 
   829    3.297819E-01    2.499741E-01    1.794740E-01    1.570614E-04 
   830    3.307831E-01    2.499557E-01    1.794554E-01    2.390310E-04 
   831    3.317844E-01    2.499413E-01    1.794410E-01    3.018309E-04 
   832    3.327857E-01    2.499312E-01    1.794308E-01    3.431163E-04 
   833    3.337871E-01    2.499253E-01    1.794249E-01    3.587510E-04 
   834    3.347885E-01    2.499233E-01    1.794229E-01    3.485355E-04 
   835    3.357899E-01    2.499245E-01    1.794241E-01    3.201082E-04 
   836    3.367912E-01    2.499282E-01    1.794279E-01    2.844389E-04 
   837    3.377925E-01    2.499338E-01    1.794334E-01    2.479384E-04 
   838    3.387937E-01    2.499404E-01    1.794401E-01    2.128893E-04 
   839    3.397950E-01    2.499476E-01    1.794473E-01    1.796805E-04 
   840    3.407961E-01    2.499548E-01    1.794545E-01    1.492782E-04 
   841    3.417973E-01    2.499616E-01    1.794614E-01    1.219897E-04 
   842    3.427984E-01    2.499681E-01    1.794679E-01    9.778185E-05 
   843    3.437995E-01    2.499739E-01    1.794738E-01    7.654085E-05 
   844    3.448006E-01    2.499791E-01    1.794790E-01    5.803548E-05 
   845    3.458017E-01    2.499837E-01    1.794836E-01    4.207524E-05 
   846    3.468027E-01    2.499877E-01    1.794877E-01    2.846340E-05 
   847    3.478038E-01    2.499912E-01    1.794912E-01    1.701626E-05 
   848    3.488048E-01    2.499942E-01    1.794941E-01    7.495290E-06 
   849    3.498058E-01    2.499966E-01    1.794966E-01   -3.517240E-07 
   850    3.508068E-01    2.499987E-01    1.794987E-01   -6.766802E-06 
   851    3.518078E-01    2.500004E-01    1.795004E-01   -1.182118E-05 
   852    3.528088E-01    2.500017E-01    1.795017E-01   -1.564147E-05 
   853    3.538098E-01    2.500027E-01    1.795028E-01   -1.833367E-05 
   854    3.548108E-01    2.500035E-01    1.795035E-01   -2.007597E-05 
   855    3.558117E-01    2.500041E-01    1.795041E-01   -2.112480E-05 
   856    3.568127E-01    2.500044E-01    1.795044E-01   -2.177351E-05 
   857    3.578137E-01    2.500046E-01    1.795046E-01   -2.208733E-05 
   858    3.588147E-01    2.500046E-01    1.795046E-01   -2.205730E-05 
   859    3.598157E-01    2.500045E-01    1.795045E-01   -2.144755E-05 
   860    3.608167E-01    2.500044E-01    1.795044E-01   -1.999410E-05 
   861    3.618176E-01    2.500041E-01    1.795041E-01   -1.777621E-05 
   862    3.628186E-01    2.500038E-01    1.795038E-01   -1.565803E-05 
   863    3.638196E-01    2.500035E-01    1.795035E-01   -1.423718E-05 
   864    3.648206E-01    2.500032E-01    1.795033E-01   -1.373157E-05 
   865    3.658216E-01    2.500031E-01    1.795031E-01   -1.360095E-05 
   866    3.668226E-01    2.500030E-01    1.795030E-01   -1.319846E-05 
   867    3.678236E-01    2.500030E-01    1.795030E-01   -1.272061E-05 
   868    3.688246E-01    2.500031E-01    1.795031E-01   -1.329873E-05 
   869    3.698255E-01    2.500033E-01    1.795033E-01   -1.468494E-05 
   870    3.708265E-01    2.500035E-01    1.795035E-01   -1.620132E-05 
   871    3.718275E-01    2.500037E-01    1.795037E-01   -1.747754E-05 
   872    3.728285E-01    2.500039E-01    1.795040E-01   -1.851288E-05 
   873    3.738295E-01    2.500041E-01    1.795042E-01   -1.933576E-05 
   874    3.748305E-01    2.500043E-01    1.795043E-01   -2.000801E-05 
   875    3.758315E-01    2.500044E-01    1.795044E-01   -2.053660E-05 
   876    3.768324E-01    2.500045E-01    1.795045E-01   -2.091108E-05 
   877    3.778334E-01    2.500045E-01    1.795045E-01   -2.094225E-05 
   878    3.788344E-01    2.500045E-01    1.795045E-01   -2.048262E-05 
   879    3.798354E-01    2.500044E-01    1.795044E-01   -1.963753E-05 
   880    3.808364E-01    2.500042E-01    1.795042E-01   -1.847569E-05 
   881    3.818374E-01    2.500040E-01    1.795040E-01   -1.739528E-05 
   882    3.828383E-01    2.500038E-01    1.795038E-01   -1.691931E-05 
   883    3.838393E-01    2.500036E-01    1.795036E-01   -1.672018E-05 
   884    3.848403E-01    2.500034E-01    1.795034E-01   -1.601615E-05 
   885    3.858413E-01    2.500033E-01    1.795033E-01   -1.488995E-05 
   886    3.868423E-01    2.500032E-01    1.795032E-01   -1.346437E-05 
   887    3.878433E-01    2.500032E-01    1.795032E-01   -1.284605E-05 
   888    3.888443E-01    2.500032E-01    1.795032E-01   -1.351378E-05 
   889    3.898452E-01    2.500032E-01    1.795032E-01   -1.450575E-05 
   890    3.908462E-01    2.500033E-01    1.795033E-01   -1.525024E-05 
   891    3.918472E-01    2.500034E-01    1.795034E-01   -1.591618E-05 
   892    3.928482E-01    2.500034E-01    1.795035E-01   -1.638199E-05 
   893    3.938492E-01    2.500035E-01    1.795035E-01   -1.669599E-05 
   894    3.948502E-01    2.500036E-01    1.795036E-01   -1.713004E-05 
   895    3.958512E-01    2.500036E-01    1.795036E-01   -1.749609E-05 
   896    3.968522E-01    2.500037E-01    1.795037E-01   -1.741076E-05 
   897    3.978532E-01    2.500036E-01    1.795037E-01   -1.703812E-05 
   898    3.988542E-01    2.500036E-01    1.795036E-01   -1.638982E-05 
   899    3.998551E-01    2.500035E-01    1.795035E-01   -1.527294E-05 
   900    4.008561E-01    2.500033E-01    1.795033E-01   -1.488949E-05 
   901    4.018571E-01    2.500032E-01    1.795032E-01   -1.531145E-05 
   902    4.028581E-01    2.500030E-01    1.795030E-01   -1.543197E-05 
   903    4.038591E-01    2.500029E-01    1.795029E-01   -1.500196E-05 
   904    4.048601E-01    2.500028E-01    1.795028E-01   -1.361613E-05 
   905    4.058611E-01    2.500028E-01    1.795028E-01   -1.122071E-05 
   906    4.068620E-01    2.500027E-01    1.795027E-01   -1.089901E-05 
   907    4.078630E-01    2.500027E-01    1.795027E-01   -1.203496E-05 
   908    4.088640E-01    2.500027E-01    1.795027E-01   -1.293086E-05 
   909    4.098650E-01    2.500027E-01    1.795027E-01   -1.365453E-05 
   910    4.108661E-01    2.500027E-01    1.795027E-01   -1.399619E-05 
   911    4.118670E-01    2.500027E-01    1.795028E-01   -1.298512E-05 
   912    4.128680E-01    2.500027E-01    1.795028E-01   -1.296023E-05 
   913    4.138689E-01    2.500027E-01    1.795028E-01   -1.423943E-05 
   914    4.148699E-01    2.500028E-01    1.795028E-01   -1.511172E-05 
   915    4.158710E-01    2.500028E-01    1.795028E-01   -1.509286E-05 
   916    4.168720E-01    2.500028E-01    1.795028E-01   -1.436174E-05 
   917    4.178730E-01    2.500027E-01    1.795027E-01   -1.169917E-05 
   918    4.188739E-01    2.500026E-01    1.795026E-01   -9.857561E-06 
   919    4.198748E-01    2.500024E-01    1.795024E-01   -1.150250E-05 
   920    4.208758E-01    2.500023E-01    1.795023E-01   -1.356046E-05 
   921    4.218769E-01    2.500022E-01    1.795022E-01   -1.453485E-05 
   922    4.228780E-01    2.500022E-01    1.795022E-01   -1.391054E-05 
   923    4.238790E-01    2.500022E-01    1.795022E-01   -9.720922E-06 
   924    4.248799E-01    2.500021E-01    1.795021E-01   -6.698581E-06 
   925    4.258807E-01    2.500020E-01    1.795020E-01   -9.417864E-06 
   926    4.268817E-01    2.500020E-01    1.795020E-01   -1.345401E-05 
   927    4.278828E-01    2.500021E-01    1.795021E-01   -1.527863E-05 
   928    4.288840E-01    2.500022E-01    1.795022E-01   -1.447270E-05 
   929    4.298851E-01    2.500022E-01    1.795022E-01   -1.002158E-05 
   930    4.308859E-01    2.500020E-01    1.795020E-01   -5.624049E-06 
   931    4.318866E-01    2.500018E-01    1.795018E-01   -9.176479E-06 
   932    4.328876E-01    2.500018E-01    1.795018E-01   -1.510668E-05 
   933    4.338888E-01    2.500018E-01    1.795018E-01   -1.766637E-05 
   934    4.348900E-01    2.500019E-01    1.795019E-01   -1.599246E-05 
   935    4.358912E-01    2.500019E-01    1.795019E-01   -8.750495E-06 
   936    4.368919E-01    2.500016E-01    1.795016E-01    1.159489E-06 
   937    4.378924E-01    2.500012E-01    1.795012E-01   -3.809644E-06 
   938    4.388933E-01    2.500011E-01    1.795011E-01   -1.559258E-05 
   939    4.398946E-01    2.500012E-01    1.795012E-01   -2.146099E-05 
   940    4.408961E-01    2.500014E-01    1.795014E-01   -1.881158E-05 
   941    4.418976E-01    2.500014E-01    1.795014E-01   -2.948911E-06 
   942    4.428981E-01    2.500010E-01    1.795010E-01    8.580181E-06 
   943    4.438981E-01    2.500006E-01    1.795006E-01   -3.873405E-06 
   944    4.448988E-01    2.500006E-01    1.795005E-01   -2.072478E-05 
   945    4.459004E-01    2.500009E-01    1.795009E-01   -2.660618E-05 
   946    4.469027E-01    2.500012E-01    1.795012E-01   -1.841760E-05 
   947    4.479042E-01    2.500010E-01    1.795010E-01   -3.593272E-07 
   948    4.489040E-01    2.500004E-01    1.795004E-01    1.632594E-05 
   949    4.499034E-01    2.499996E-01    1.794996E-01   -6.480304E-07 
   950    4.509043E-01    2.499994E-01    1.794994E-01   -2.054815E-05 
   951    4.519064E-01    2.499998E-01    1.794997E-01   -3.836323E-05 
   952    4.529089E-01    2.500003E-01    1.795003E-01   -3.342709E-05 
   953    4.539113E-01    2.500000E-01    1.795000E-01    1.747320E-05 
   954    4.549105E-01    2.499987E-01    1.794987E-01    4.044067E-05 
   955    4.559091E-01    2.499974E-01    1.794974E-01    9.396432E-06 
   956    4.569081E-01    2.499976E-01    1.794976E-01   -5.308646E-05 
   957    4.579106E-01    2.499991E-01    1.794991E-01   -7.129939E-05 
   958    4.589178E-01    2.499998E-01    1.794998E-01   -6.736754E-06 
   959    4.599212E-01    2.499987E-01    1.794987E-01    6.530870E-05 
   960    4.609165E-01    2.499969E-01    1.794969E-01    3.102134E-05 
   961    4.619099E-01    2.499964E-01    1.794964E-01   -2.401448E-05 
   962    4.629098E-01    2.499975E-01    1.794976E-01   -7.222736E-05 
   963    4.639206E-01    2.499989E-01    1.794989E-01   -5.545883E-05 
   964    4.649326E-01    2.499987E-01    1.794987E-01    3.945320E-05 
   965    4.659240E-01    2.499977E-01    1.794977E-01   -1.034070E-07 
   966    4.669185E-01    2.499958E-01    1.794958E-01    7.209877E-05 
   967    4.679123E-01    2.499936E-01    1.794936E-01   -9.157567E-07 
   968    4.689171E-01    2.499943E-01    1.794943E-01   -9.870433E-05 
   969    4.699349E-01    2.499954E-01    1.794954E-01   -8.031597E-05 
   970    4.709270E-01    2.499956E-01    1.794956E-01   -4.770651E-05 
   971    4.719416E-01    2.499926E-01    1.794926E-01    1.627744E-04 
   972    4.729296E-01    2.499868E-01    1.794868E-01    1.475926E-04 
   973    4.739090E-01    2.499843E-01    1.794843E-01   -8.638503E-05 
   974    4.749104E-01    2.499878E-01    1.794878E-01   -3.065161E-04 
   975    4.759294E-01    2.499910E-01    1.794911E-01   -4.156546E-05 
   976    4.769759E-01    2.499874E-01    1.794876E-01    1.935859E-04 
   977    4.779686E-01    2.499795E-01    1.794797E-01    2.523477E-04 
   978    4.789131E-01    2.499728E-01    1.794729E-01    4.503182E-05 
   979    4.798391E-01    2.499801E-01    1.794807E-01   -5.386609E-04 
   980    4.809416E-01    2.499845E-01    1.794848E-01    6.133569E-06 
   981    4.820083E-01    2.499767E-01    1.794777E-01    1.484007E-04 
   982    4.830171E-01    2.499618E-01    1.794630E-01    2.390657E-04 
   983    4.839539E-01    2.499409E-01    1.794416E-01    1.933018E-04 
   984    4.847317E-01    2.499264E-01    1.794275E-01   -5.658823E-04 
   985    4.859670E-01    2.498930E-01    1.793943E-01    1.343123E-05 
   986    4.870187E-01    2.498169E-01    1.793202E-01    6.590084E-05 
   987    4.880393E-01    2.496832E-01    1.791882E-01    1.273225E-04 
   988    4.890120E-01    2.494534E-01    1.789562E-01    1.570864E-04 
   989    4.896945E-01    2.491957E-01    1.786587E-01   -3.011480E-04 
   990    4.909910E-01    2.486745E-01    1.785483E-01    0.000000E+00 
   991    4.919920E-01    2.483608E-01    1.783230E-01    0.000000E+00 
   992    4.929930E-01    2.477302E-01    1.778703E-01    0.000000E+00 
   993    4.939940E-01    2.460361E-01    1.766539E-01    0.000000E+00 
   994    4.949950E-01    2.421326E-01    1.738512E-01    0.000000E+00 
   995    4.959960E-01    2.342136E-01    1.681654E-01    0.000000E+00 
   996    4.969970E-01    2.204152E-01    1.582581E-01    0.000000E+00 
   997    4.979980E-01    1.999350E-01    1.435533E-01    0.000000E+00 
   998    4.989990E-01    1.731567E-01    1.243265E-01    0.000000E+00 
   999    5.000000E-01    1.416667E-01    1.017167E-01    0.000000E+00 
