     0   -5.000000E-01    5.666667E-01    5.666667E-01    0.000000E+00 
     1   -4.989990E-01    6.926481E-01    6.926481E-01    0.000000E+00 
     2   -4.979980E-01    7.998396E-01    7.998396E-01    0.000000E+00 
     3   -4.969970E-01    8.818613E-01    8.818613E-01    0.000000E+00 
     4   -4.959960E-01    9.371534E-01    9.371534E-01    0.000000E+00 
     5   -4.949950E-01    9.689146E-01    9.689146E-01    0.000000E+00 
     6   -4.939940E-01    9.845550E-01    9.845550E-01    0.000000E+00 
     7   -4.929930E-01    9.912316E-01    9.912316E-01    0.000000E+00 
     8   -4.919920E-01    9.936170E-01    9.936170E-01    0.000000E+00 
     9   -4.909910E-01    9.947500E-01    9.947500E-01    0.000000E+00 
    10   -4.897447E-01    9.966530E-01    9.951673E-01    5.867086E-04 
    11   -4.889868E-01    9.977912E-01    9.969260E-01   -2.895211E-04 
    12   -4.880192E-01    9.987053E-01    9.982185E-01   -2.292239E-04 
    13   -4.870068E-01    9.992406E-01    9.989587E-01   -1.350641E-04 
    14   -4.859642E-01    9.995442E-01    9.993715E-01   -3.389278E-05 
    15   -4.848168E-01    9.996468E-01    9.995127E-01    8.932162E-04 
    16   -4.839309E-01    9.996827E-01    9.995596E-01   -1.824698E-04 
    17   -4.829811E-01    9.997893E-01    9.997105E-01   -3.866032E-04 
    18   -4.819844E-01    9.998767E-01    9.998315E-01   -2.615045E-04 
    19   -4.809434E-01    9.999204E-01    9.998900E-01    5.341195E-05 
    20   -4.799057E-01    9.998978E-01    9.998586E-01    5.622429E-04 
    21   -4.789152E-01    9.998629E-01    9.998089E-01    9.940149E-05 
    22   -4.779380E-01    9.998914E-01    9.998487E-01   -2.485432E-04 
    23   -4.769491E-01    9.999398E-01    9.999165E-01   -2.575148E-04 
    24   -4.759369E-01    9.999650E-01    9.999512E-01    7.615326E-05 
    25   -4.749382E-01    9.999635E-01    9.999493E-01    1.562906E-04 
    26   -4.739241E-01    9.999543E-01    9.999364E-01    1.567516E-04 
    27   -4.729201E-01    9.999505E-01    9.999309E-01    8.938565E-06 
    28   -4.719246E-01    9.999678E-01    9.999550E-01   -8.776368E-05 
    29   -4.709304E-01    9.999850E-01    9.999790E-01   -2.199591E-05 
    30   -4.699367E-01    9.999947E-01    9.999927E-01   -5.015597E-05 
    31   -4.689282E-01    9.999965E-01    9.999952E-01    9.411480E-05 
    32   -4.679194E-01    9.999858E-01    9.999802E-01    1.199645E-04 
    33   -4.669173E-01    9.999766E-01    9.999674E-01    5.160254E-05 
    34   -4.659209E-01    9.999801E-01    9.999722E-01   -3.999935E-05 
    35   -4.649248E-01    9.999930E-01    9.999902E-01   -8.139823E-05 
    36   -4.639244E-01    1.000002E+00    1.000002E+00    1.499556E-05 
    37   -4.629201E-01    9.999992E-01    9.999989E-01    9.021540E-05 
    38   -4.619165E-01    9.999915E-01    9.999882E-01    7.689071E-05 
    39   -4.609148E-01    9.999897E-01    9.999857E-01    1.587519E-05 
    40   -4.599150E-01    9.999966E-01    9.999953E-01   -2.468157E-05 
    41   -4.589165E-01    1.000006E+00    1.000008E+00   -2.694000E-05 
    42   -4.579165E-01    1.000010E+00    1.000014E+00    3.079395E-05 
    43   -4.569143E-01    1.000009E+00    1.000013E+00    5.774189E-05 
    44   -4.559117E-01    1.000006E+00    1.000008E+00    5.462210E-05 
    45   -4.549097E-01    1.000004E+00    1.000006E+00    3.159491E-05 
    46   -4.539093E-01    1.000006E+00    1.000009E+00    4.875222E-06 
    47   -4.529099E-01    1.000011E+00    1.000015E+00   -9.298393E-07 
    48   -4.519097E-01    1.000013E+00    1.000018E+00    2.543076E-05 
    49   -4.509081E-01    1.000012E+00    1.000016E+00    4.249725E-05 
    50   -4.499062E-01    1.000009E+00    1.000013E+00    4.028615E-05 
    51   -4.489045E-01    1.000007E+00    1.000010E+00    2.244064E-05 
    52   -4.479037E-01    1.000009E+00    1.000012E+00    2.889908E-06 
    53   -4.469036E-01    1.000012E+00    1.000016E+00   -8.401439E-08 
    54   -4.459032E-01    1.000014E+00    1.000019E+00    2.440224E-05 
    55   -4.449020E-01    1.000014E+00    1.000020E+00    4.120750E-05 
    56   -4.439004E-01    1.000014E+00    1.000020E+00    4.172620E-05 
    57   -4.428989E-01    1.000015E+00    1.000022E+00    3.098157E-05 
    58   -4.418979E-01    1.000018E+00    1.000026E+00    1.976952E-05 
    59   -4.408975E-01    1.000022E+00    1.000031E+00    1.970810E-05 
    60   -4.398970E-01    1.000024E+00    1.000034E+00    3.288311E-05 
    61   -4.388960E-01    1.000024E+00    1.000034E+00    4.335115E-05 
    62   -4.378947E-01    1.000023E+00    1.000032E+00    4.641859E-05 
    63   -4.368933E-01    1.000022E+00    1.000030E+00    4.073734E-05 
    64   -4.358922E-01    1.000021E+00    1.000029E+00    3.353898E-05 
    65   -4.348916E-01    1.000021E+00    1.000029E+00    2.927953E-05 
    66   -4.338909E-01    1.000021E+00    1.000029E+00    3.094098E-05 
    67   -4.328900E-01    1.000020E+00    1.000028E+00    3.404056E-05 
    68   -4.318888E-01    1.000019E+00    1.000027E+00    3.101412E-05 
    69   -4.308875E-01    1.000018E+00    1.000026E+00    2.502137E-05 
    70   -4.298864E-01    1.000019E+00    1.000027E+00    1.783875E-05 
    71   -4.288856E-01    1.000020E+00    1.000029E+00    1.488181E-05 
    72   -4.278849E-01    1.000022E+00    1.000031E+00    2.464812E-05 
    73   -4.268840E-01    1.000023E+00    1.000033E+00    4.301851E-05 
    74   -4.258829E-01    1.000025E+00    1.000034E+00    4.593402E-05 
    75   -4.248817E-01    1.000026E+00    1.000037E+00    4.319149E-05 
    76   -4.238806E-01    1.000029E+00    1.000040E+00    3.990808E-05 
    77   -4.228797E-01    1.000031E+00    1.000044E+00    3.944071E-05 
    78   -4.218790E-01    1.000033E+00    1.000046E+00    4.302825E-05 
    79   -4.208781E-01    1.000032E+00    1.000045E+00    4.748706E-05 
    80   -4.198771E-01    1.000030E+00    1.000042E+00    4.873090E-05 
    81   -4.188760E-01    1.000027E+00    1.000038E+00    4.620236E-05 
    82   -4.178749E-01    1.000023E+00    1.000032E+00    4.198340E-05 
    83   -4.168739E-01    1.000018E+00    1.000026E+00    3.709863E-05 
    84   -4.158731E-01    1.000012E+00    1.000017E+00    3.235874E-05 
    85   -4.148722E-01    1.000004E+00    1.000006E+00    2.709985E-05 
    86   -4.138712E-01    9.999943E-01    9.999920E-01    1.970700E-05 
    87   -4.128701E-01    9.999824E-01    9.999753E-01    8.919829E-06 
    88   -4.118690E-01    9.999686E-01    9.999560E-01   -4.648748E-06 
    89   -4.108680E-01    9.999530E-01    9.999341E-01   -2.026368E-05 
    90   -4.098670E-01    9.999353E-01    9.999093E-01   -3.779157E-05 
    91   -4.088660E-01    9.999151E-01    9.998811E-01   -5.736662E-05 
    92   -4.078650E-01    9.998925E-01    9.998494E-01   -8.060416E-05 
    93   -4.068638E-01    9.998678E-01    9.998148E-01   -1.077490E-04 
    94   -4.058626E-01    9.998419E-01    9.997786E-01   -1.375715E-04 
    95   -4.048614E-01    9.998162E-01    9.997426E-01   -1.720075E-04 
    96   -4.038602E-01    9.997924E-01    9.997094E-01   -2.104441E-04 
    97   -4.028591E-01    9.997733E-01    9.996826E-01   -2.505829E-04 
    98   -4.018578E-01    9.997622E-01    9.996671E-01   -2.964861E-04 
    99   -4.008565E-01    9.997632E-01    9.996685E-01   -3.371948E-04 
   100   -3.998551E-01    9.997804E-01    9.996926E-01   -3.470212E-04 
   101   -3.988538E-01    9.998169E-01    9.997437E-01   -3.155044E-04 
   102   -3.978525E-01    9.998742E-01    9.998238E-01   -2.488053E-04 
   103   -3.968514E-01    9.999518E-01    9.999325E-01   -1.497765E-04 
   104   -3.958503E-01    1.000048E+00    1.000067E+00   -1.888773E-05 
   105   -3.948493E-01    1.000159E+00    1.000223E+00    1.378648E-04 
   106   -3.938485E-01    1.000281E+00    1.000394E+00    3.106318E-04 
   107   -3.928478E-01    1.000410E+00    1.000575E+00    4.892292E-04 
   108   -3.918473E-01    1.000541E+00    1.000758E+00    6.655988E-04 
   109   -3.908469E-01    1.000670E+00    1.000939E+00    8.342883E-04 
   110   -3.898467E-01    1.000793E+00    1.001110E+00    9.916096E-04 
   111   -3.888466E-01    1.000905E+00    1.001268E+00    1.134335E-03 
   112   -3.878466E-01    1.001005E+00    1.001408E+00    1.259336E-03 
   113   -3.868468E-01    1.001091E+00    1.001528E+00    1.364082E-03 
   114   -3.858470E-01    1.001162E+00    1.001628E+00    1.447430E-03 
   115   -3.848472E-01    1.001219E+00    1.001707E+00    1.509789E-03 
   116   -3.838475E-01    1.001262E+00    1.001767E+00    1.552575E-03 
   117   -3.828478E-01    1.001292E+00    1.001809E+00    1.578511E-03 
   118   -3.818482E-01    1.001311E+00    1.001836E+00    1.591869E-03 
   119   -3.808485E-01    1.001321E+00    1.001850E+00    1.596931E-03 
   120   -3.798489E-01    1.001323E+00    1.001853E+00    1.596580E-03 
   121   -3.788492E-01    1.001319E+00    1.001848E+00    1.592050E-03 
   122   -3.778495E-01    1.001310E+00    1.001835E+00    1.583423E-03 
   123   -3.768499E-01    1.001297E+00    1.001816E+00    1.570692E-03 
   124   -3.758502E-01    1.001279E+00    1.001791E+00    1.553796E-03 
   125   -3.748504E-01    1.001259E+00    1.001763E+00    1.532978E-03 
   126   -3.738507E-01    1.001235E+00    1.001730E+00    1.508507E-03 
   127   -3.728509E-01    1.001209E+00    1.001693E+00    1.480598E-03 
   128   -3.718511E-01    1.001181E+00    1.001653E+00    1.449462E-03 
   129   -3.708513E-01    1.001150E+00    1.001610E+00    1.415327E-03 
   130   -3.698514E-01    1.001117E+00    1.001564E+00    1.378442E-03 
   131   -3.688516E-01    1.001082E+00    1.001516E+00    1.339076E-03 
   132   -3.678516E-01    1.001046E+00    1.001465E+00    1.297511E-03 
   133   -3.668517E-01    1.001009E+00    1.001413E+00    1.254035E-03 
   134   -3.658516E-01    1.000970E+00    1.001359E+00    1.208940E-03 
   135   -3.648516E-01    1.000931E+00    1.001304E+00    1.162521E-03 
   136   -3.638515E-01    1.000891E+00    1.001248E+00    1.115070E-03 
   137   -3.628514E-01    1.000851E+00    1.001191E+00    1.066875E-03 
   138   -3.618512E-01    1.000810E+00    1.001134E+00    1.018217E-03 
   139   -3.608510E-01    1.000770E+00    1.001078E+00    9.693660E-04 
   140   -3.598507E-01    1.000730E+00    1.001022E+00    9.205785E-04 
   141   -3.588505E-01    1.000690E+00    1.000966E+00    8.720978E-04 
   142   -3.578501E-01    1.000651E+00    1.000911E+00    8.241504E-04 
   143   -3.568497E-01    1.000612E+00    1.000857E+00    7.769453E-04 
   144   -3.558493E-01    1.000575E+00    1.000805E+00    7.306727E-04 
   145   -3.548489E-01    1.000538E+00    1.000754E+00    6.855034E-04 
   146   -3.538484E-01    1.000503E+00    1.000705E+00    6.415884E-04 
   147   -3.528479E-01    1.000469E+00    1.000657E+00    5.990590E-04 
   148   -3.518473E-01    1.000436E+00    1.000611E+00    5.580264E-04 
   149   -3.508467E-01    1.000405E+00    1.000567E+00    5.185825E-04 
   150   -3.498461E-01    1.000375E+00    1.000525E+00    4.808005E-04 
   151   -3.488455E-01    1.000346E+00    1.000485E+00    4.447355E-04 
   152   -3.478448E-01    1.000319E+00    1.000447E+00    4.104254E-04 
   153   -3.468441E-01    1.000294E+00    1.000411E+00    3.778924E-04 
   154   -3.458434E-01    1.000269E+00    1.000377E+00    3.471437E-04 
   155   -3.448426E-01    1.000247E+00    1.000345E+00    3.181730E-04 
   156   -3.438419E-01    1.000225E+00    1.000315E+00    2.909617E-04 
   157   -3.428411E-01    1.000205E+00    1.000287E+00    2.654804E-04 
   158   -3.418403E-01    1.000187E+00    1.000261E+00    2.416899E-04 
   159   -3.408394E-01    1.000169E+00    1.000237E+00    2.195430E-04 
   160   -3.398386E-01    1.000153E+00    1.000215E+00    1.989852E-04 
   161   -3.388377E-01    1.000139E+00    1.000194E+00    1.799564E-04 
   162   -3.378368E-01    1.000125E+00    1.000175E+00    1.623918E-04 
   163   -3.368360E-01    1.000113E+00    1.000158E+00    1.462233E-04 
   164   -3.358351E-01    1.000101E+00    1.000141E+00    1.313801E-04 
   165   -3.348342E-01    1.000091E+00    1.000127E+00    1.177898E-04 
   166   -3.338332E-01    1.000081E+00    1.000113E+00    1.053793E-04 
   167   -3.328323E-01    1.000072E+00    1.000101E+00    9.407576E-05 
   168   -3.318314E-01    1.000064E+00    1.000090E+00    8.380675E-05 
   169   -3.308304E-01    1.000057E+00    1.000080E+00    7.450124E-05 
   170   -3.298295E-01    1.000051E+00    1.000071E+00    6.608997E-05 
   171   -3.288285E-01    1.000045E+00    1.000063E+00    5.850586E-05 
   172   -3.278276E-01    1.000040E+00    1.000055E+00    5.168434E-05 
   173   -3.268266E-01    1.000035E+00    1.000049E+00    4.556362E-05 
   174   -3.258256E-01    1.000031E+00    1.000043E+00    4.008492E-05 
   175   -3.248247E-01    1.000027E+00    1.000038E+00    3.519259E-05 
   176   -3.238237E-01    1.000024E+00    1.000033E+00    3.083417E-05 
   177   -3.228227E-01    1.000021E+00    1.000029E+00    2.696049E-05 
   178   -3.218217E-01    1.000018E+00    1.000025E+00    2.352562E-05 
   179   -3.208207E-01    1.000016E+00    1.000022E+00    2.048687E-05 
   180   -3.198197E-01    1.000014E+00    1.000019E+00    1.780469E-05 
   181   -3.188187E-01    1.000012E+00    1.000017E+00    1.544262E-05 
   182   -3.178178E-01    1.000010E+00    1.000014E+00    1.336712E-05 
   183   -3.168168E-01    1.000009E+00    1.000012E+00    1.154751E-05 
   184   -3.158158E-01    1.000008E+00    1.000011E+00    9.955776E-06 
   185   -3.148148E-01    1.000007E+00    1.000009E+00    8.566448E-06 
   186   -3.138138E-01    1.000006E+00    1.000008E+00    7.356447E-06 
   187   -3.128128E-01    1.000005E+00    1.000007E+00    6.304920E-06 
   188   -3.118118E-01    1.000004E+00    1.000006E+00    5.393089E-06 
   189   -3.108108E-01    1.000004E+00    1.000005E+00    4.604098E-06 
   190   -3.098098E-01    1.000003E+00    1.000004E+00    3.922859E-06 
   191   -3.088088E-01    1.000003E+00    1.000004E+00    3.335908E-06 
   192   -3.078078E-01    1.000002E+00    1.000003E+00    2.831267E-06 
   193   -3.068068E-01    1.000002E+00    1.000003E+00    2.398308E-06 
   194   -3.058058E-01    1.000002E+00    1.000002E+00    2.027628E-06 
   195   -3.048048E-01    1.000001E+00    1.000002E+00    1.710931E-06 
   196   -3.038038E-01    1.000001E+00    1.000002E+00    1.440918E-06 
   197   -3.028028E-01    1.000001E+00    1.000001E+00    1.211185E-06 
   198   -3.018018E-01    1.000001E+00    1.000001E+00    1.016126E-06 
   199   -3.008008E-01    1.000001E+00    1.000001E+00    8.508471E-07 
   200   -2.997998E-01    1.000001E+00    1.000001E+00    7.110891E-07 
   201   -2.987988E-01    1.000000E+00    1.000001E+00    5.931523E-07 
   202   -2.977978E-01    1.000000E+00    1.000001E+00    4.938321E-07 
   203   -2.967968E-01    1.000000E+00    1.000000E+00    4.103592E-07 
   204   -2.957958E-01    1.000000E+00    1.000000E+00    3.403469E-07 
   205   -2.947948E-01    1.000000E+00    1.000000E+00    2.817430E-07 
   206   -2.937938E-01    1.000000E+00    1.000000E+00    2.327871E-07 
   207   -2.927928E-01    1.000000E+00    1.000000E+00    1.919728E-07 
   208   -2.917918E-01    1.000000E+00    1.000000E+00    1.580142E-07 
   209   -2.907908E-01    1.000000E+00    1.000000E+00    1.298162E-07 
   210   -2.897898E-01    1.000000E+00    1.000000E+00    1.064481E-07 
   211   -2.887888E-01    1.000000E+00    1.000000E+00    8.712114E-08 
   212   -2.877878E-01    1.000000E+00    1.000000E+00    7.116825E-08 
   213   -2.867868E-01    1.000000E+00    1.000000E+00    5.802645E-08 
   214   -2.857858E-01    1.000000E+00    1.000000E+00    4.722182E-08 
   215   -2.847848E-01    1.000000E+00    1.000000E+00    3.835626E-08 
   216   -2.837838E-01    1.000000E+00    1.000000E+00    3.109614E-08 
   217   -2.827828E-01    1.000000E+00    1.000000E+00    2.516245E-08 
   218   -2.817818E-01    1.000000E+00    1.000000E+00    2.032241E-08 
   219   -2.807808E-01    1.000000E+00    1.000000E+00    1.638222E-08 
   220   -2.797798E-01    1.000000E+00    1.000000E+00    1.318090E-08 
   221   -2.787788E-01    1.000000E+00    1.000000E+00    1.058501E-08 
   222   -2.777778E-01    1.000000E+00    1.000000E+00    8.484191E-09 
   223   -2.767768E-01    1.000000E+00    1.000000E+00    6.787368E-09 
   224   -2.757758E-01    1.000000E+00    1.000000E+00    5.419553E-09 
   225   -2.747748E-01    1.000000E+00    1.000000E+00    4.319114E-09 
   226   -2.737738E-01    1.000000E+00    1.000000E+00    3.435528E-09 
   227   -2.727728E-01    1.000000E+00    1.000000E+00    2.727460E-09 
   228   -2.717718E-01    1.000000E+00    1.000000E+00    2.161164E-09 
   229   -2.707708E-01    1.000000E+00    1.000000E+00    1.709141E-09 
   230   -2.697698E-01    1.000000E+00    1.000000E+00    1.349047E-09 
   231   -2.687688E-01    1.000000E+00    1.000000E+00    1.062749E-09 
   232   -2.677678E-01    1.000000E+00    1.000000E+00    8.355680E-10 
   233   -2.667668E-01    1.000000E+00    1.000000E+00    6.556448E-10 
   234   -2.657658E-01    1.000000E+00    1.000000E+00    5.134255E-10 
   235   -2.647648E-01    1.000000E+00    1.000000E+00    4.012176E-10 
   236   -2.637638E-01    1.000000E+00    1.000000E+00    3.128480E-10 
   237   -2.627628E-01    1.000000E+00    1.000000E+00    2.433700E-10 
   238   -2.617618E-01    1.000000E+00    1.000000E+00    1.888242E-10 
   239   -2.607608E-01    1.000000E+00    1.000000E+00    1.460470E-10 
   240   -2.597598E-01    1.000000E+00    1.000000E+00    1.125105E-10 
   241   -2.587588E-01    1.000000E+00    1.000000E+00    8.619824E-11 
   242   -2.577578E-01    1.000000E+00    1.000000E+00    6.549813E-11 
   243   -2.567568E-01    1.000000E+00    1.000000E+00    4.912012E-11 
   244   -2.557558E-01    1.000000E+00    1.000000E+00    3.601818E-11 
   245   -2.547548E-01    1.000000E+00    1.000000E+00    2.534260E-11 
   246   -2.537538E-01    1.000000E+00    1.000000E+00    1.638621E-11 
   247   -2.527528E-01    1.000000E+00    1.000000E+00    8.541806E-12 
   248   -2.517518E-01    1.000000E+00    1.000000E+00    1.268401E-12 
   249   -2.507508E-01    1.000000E+00    1.000000E+00   -5.937756E-12 
   250   -2.497497E-01    1.000000E+00    1.000000E+00   -1.357914E-11 
   251   -2.487487E-01    1.000000E+00    1.000000E+00   -2.218976E-11 
   252   -2.477477E-01    1.000000E+00    1.000000E+00   -3.236023E-11 
   253   -2.467467E-01    1.000000E+00    1.000000E+00   -4.477785E-11 
   254   -2.457457E-01    1.000000E+00    1.000000E+00   -6.026625E-11 
   255   -2.447447E-01    1.000000E+00    1.000000E+00   -7.983308E-11 
   256   -2.437437E-01    1.000000E+00    1.000000E+00   -1.047227E-10 
   257   -2.427427E-01    1.000000E+00    1.000000E+00   -1.364898E-10 
   258   -2.417417E-01    1.000000E+00    1.000000E+00   -1.770802E-10 
   259   -2.407407E-01    1.000000E+00    1.000000E+00   -2.289357E-10 
   260   -2.397397E-01    1.000000E+00    1.000000E+00   -2.951165E-10 
   261   -2.387387E-01    1.000000E+00    1.000000E+00   -3.794568E-10 
   262   -2.377377E-01    1.000000E+00    1.000000E+00   -4.867506E-10 
   263   -2.367367E-01    1.000000E+00    1.000000E+00   -6.229875E-10 
   264   -2.357357E-01    1.000000E+00    1.000000E+00   -7.956277E-10 
   265   -2.347347E-01    1.000000E+00    1.000000E+00   -1.013950E-09 
   266   -2.337337E-01    1.000000E+00    1.000000E+00   -1.289469E-09 
   267   -2.327327E-01    1.000000E+00    1.000000E+00   -1.636440E-09 
   268   -2.317317E-01    1.000000E+00    1.000000E+00   -2.072470E-09 
   269   -2.307307E-01    1.000000E+00    1.000000E+00   -2.619263E-09 
   270   -2.297297E-01    1.000000E+00    1.000000E+00   -3.303501E-09 
   271   -2.287287E-01    1.000000E+00    1.000000E+00   -4.157919E-09 
   272   -2.277277E-01    1.000000E+00    1.000000E+00   -5.222578E-09 
   273   -2.267267E-01    1.000000E+00    1.000000E+00   -6.546393E-09 
   274   -2.257257E-01    1.000000E+00    1.000000E+00   -8.188945E-09 
   275   -2.247247E-01    1.000000E+00    1.000000E+00   -1.022263E-08 
   276   -2.237237E-01    1.000000E+00    1.000000E+00   -1.273523E-08 
   277   -2.227227E-01    1.000000E+00    1.000000E+00   -1.583288E-08 
   278   -2.217217E-01    1.000000E+00    1.000000E+00   -1.964363E-08 
   279   -2.207207E-01    1.000000E+00    1.000000E+00   -2.432160E-08 
   280   -2.197197E-01    1.000000E+00    1.000000E+00   -3.005178E-08 
   281   -2.187187E-01    1.000000E+00    1.000000E+00   -3.705574E-08 
   282   -2.177177E-01    1.000000E+00    1.000000E+00   -4.559810E-08 
   283   -2.167167E-01    1.000000E+00    1.000000E+00   -5.599419E-08 
   284   -2.157157E-01    1.000000E+00    1.000000E+00   -6.861877E-08 
   285   -2.147147E-01    1.000000E+00    1.000000E+00   -8.391605E-08 
   286   -2.137137E-01    1.000000E+00    1.000000E+00   -1.024112E-07 
   287   -2.127127E-01    1.000000E+00    1.000000E+00   -1.247237E-07 
   288   -2.117117E-01    1.000000E+00    1.000000E+00   -1.515818E-07 
   289   -2.107107E-01    1.000000E+00    1.000000E+00   -1.838398E-07 
   290   -2.097097E-01    1.000000E+00    1.000000E+00   -2.224970E-07 
   291   -2.087087E-01    1.000000E+00    1.000000E+00   -2.687189E-07 
   292   -2.077077E-01    1.000000E+00    1.000000E+00   -3.238613E-07 
   293   -2.067067E-01    1.000000E+00    1.000000E+00   -3.894965E-07 
   294   -2.057057E-01    1.000000E+00    1.000001E+00   -4.674430E-07 
   295   -2.047047E-01    1.000000E+00    1.000001E+00   -5.597975E-07 
   296   -2.037037E-01    1.000001E+00    1.000001E+00   -6.689702E-07 
   297   -2.027027E-01    1.000001E+00    1.000001E+00   -7.977234E-07 
   298   -2.017017E-01    1.000001E+00    1.000001E+00   -9.492127E-07 
   299   -2.007007E-01    1.000001E+00    1.000001E+00   -1.127032E-06 
   300   -1.996997E-01    1.000001E+00    1.000001E+00   -1.335259E-06 
   301   -1.986987E-01    1.000001E+00    1.000002E+00   -1.578509E-06 
   302   -1.976977E-01    1.000001E+00    1.000002E+00   -1.861982E-06 
   303   -1.966967E-01    1.000002E+00    1.000002E+00   -2.191521E-06 
   304   -1.956957E-01    1.000002E+00    1.000003E+00   -2.573664E-06 
   305   -1.946947E-01    1.000002E+00    1.000003E+00   -3.015700E-06 
   306   -1.936937E-01    1.000003E+00    1.000004E+00   -3.525726E-06 
   307   -1.926927E-01    1.000003E+00    1.000004E+00   -4.112693E-06 
   308   -1.916917E-01    1.000004E+00    1.000005E+00   -4.786462E-06 
   309   -1.906907E-01    1.000004E+00    1.000006E+00   -5.557843E-06 
   310   -1.896897E-01    1.000005E+00    1.000007E+00   -6.438634E-06 
   311   -1.886887E-01    1.000006E+00    1.000008E+00   -7.441646E-06 
   312   -1.876877E-01    1.000007E+00    1.000009E+00   -8.580719E-06 
   313   -1.866867E-01    1.000008E+00    1.000011E+00   -9.870721E-06 
   314   -1.856857E-01    1.000009E+00    1.000012E+00   -1.132754E-05 
   315   -1.846847E-01    1.000010E+00    1.000014E+00   -1.296801E-05 
   316   -1.836838E-01    1.000011E+00    1.000016E+00   -1.480992E-05 
   317   -1.826828E-01    1.000013E+00    1.000018E+00   -1.687184E-05 
   318   -1.816818E-01    1.000015E+00    1.000021E+00   -1.917304E-05 
   319   -1.806808E-01    1.000017E+00    1.000023E+00   -2.173335E-05 
   320   -1.796798E-01    1.000019E+00    1.000026E+00   -2.457289E-05 
   321   -1.786788E-01    1.000021E+00    1.000030E+00   -2.771193E-05 
   322   -1.776778E-01    1.000024E+00    1.000033E+00   -3.117049E-05 
   323   -1.766769E-01    1.000027E+00    1.000037E+00   -3.496809E-05 
   324   -1.756759E-01    1.000030E+00    1.000042E+00   -3.912331E-05 
   325   -1.746749E-01    1.000033E+00    1.000047E+00   -4.365337E-05 
   326   -1.736740E-01    1.000037E+00    1.000052E+00   -4.857361E-05 
   327   -1.726730E-01    1.000041E+00    1.000058E+00   -5.389696E-05 
   328   -1.716720E-01    1.000046E+00    1.000064E+00   -5.963331E-05 
   329   -1.706711E-01    1.000051E+00    1.000071E+00   -6.578889E-05 
   330   -1.696701E-01    1.000056E+00    1.000078E+00   -7.236554E-05 
   331   -1.686692E-01    1.000061E+00    1.000086E+00   -7.935999E-05 
   332   -1.676682E-01    1.000067E+00    1.000094E+00   -8.676309E-05 
   333   -1.666673E-01    1.000073E+00    1.000102E+00   -9.455906E-05 
   334   -1.656664E-01    1.000080E+00    1.000111E+00   -1.027246E-04 
   335   -1.646655E-01    1.000086E+00    1.000121E+00   -1.112284E-04 
   336   -1.636646E-01    1.000093E+00    1.000131E+00   -1.200298E-04 
   337   -1.626637E-01    1.000100E+00    1.000141E+00   -1.290790E-04 
   338   -1.616628E-01    1.000108E+00    1.000151E+00   -1.383154E-04 
   339   -1.606619E-01    1.000115E+00    1.000162E+00   -1.476678E-04 
   340   -1.596610E-01    1.000123E+00    1.000172E+00   -1.570536E-04 
   341   -1.586601E-01    1.000131E+00    1.000183E+00   -1.663779E-04 
   342   -1.576592E-01    1.000138E+00    1.000193E+00   -1.755338E-04 
   343   -1.566584E-01    1.000145E+00    1.000204E+00   -1.844034E-04 
   344   -1.556575E-01    1.000153E+00    1.000214E+00   -1.928580E-04 
   345   -1.546567E-01    1.000159E+00    1.000223E+00   -2.007545E-04 
   346   -1.536559E-01    1.000165E+00    1.000231E+00   -2.079219E-04 
   347   -1.526550E-01    1.000170E+00    1.000239E+00   -2.141438E-04 
   348   -1.516542E-01    1.000174E+00    1.000244E+00   -2.191778E-04 
   349   -1.506534E-01    1.000177E+00    1.000247E+00   -2.228915E-04 
   350   -1.496526E-01    1.000176E+00    1.000247E+00   -2.249603E-04 
   351   -1.486518E-01    1.000172E+00    1.000241E+00   -2.252171E-04 
   352   -1.476509E-01    1.000163E+00    1.000228E+00   -2.224394E-04 
   353   -1.466501E-01    1.000146E+00    1.000204E+00   -2.146268E-04 
   354   -1.456493E-01    1.000118E+00    1.000165E+00   -1.982564E-04 
   355   -1.446485E-01    1.000076E+00    1.000107E+00   -1.685401E-04 
   356   -1.436476E-01    1.000016E+00    1.000022E+00   -1.208027E-04 
   357   -1.426467E-01    9.999312E-01    9.999037E-01   -4.922296E-05 
   358   -1.416457E-01    9.998161E-01    9.997424E-01    5.339252E-05 
   359   -1.406446E-01    9.996626E-01    9.995275E-01    1.957140E-04 
   360   -1.396433E-01    9.994619E-01    9.992466E-01    3.879979E-04 
   361   -1.386419E-01    9.992039E-01    9.988853E-01    6.421232E-04 
   362   -1.376403E-01    9.988769E-01    9.984275E-01    9.719356E-04 
   363   -1.366383E-01    9.984683E-01    9.978554E-01    1.393022E-03 
   364   -1.356359E-01    9.979638E-01    9.971493E-01    1.922853E-03 
   365   -1.346331E-01    9.973485E-01    9.962882E-01    2.580593E-03 
   366   -1.336296E-01    9.966062E-01    9.952495E-01    3.386782E-03 
   367   -1.326254E-01    9.957203E-01    9.940101E-01    4.363295E-03 
   368   -1.316203E-01    9.946738E-01    9.925465E-01    5.532704E-03 
   369   -1.306141E-01    9.934498E-01    9.908354E-01    6.918060E-03 
   370   -1.296067E-01    9.920321E-01    9.888542E-01    8.542310E-03 
   371   -1.285977E-01    9.904053E-01    9.865821E-01    1.042749E-02 
   372   -1.275871E-01    9.885557E-01    9.840004E-01    1.259420E-02 
   373   -1.265744E-01    9.864712E-01    9.810930E-01    1.506037E-02 
   374   -1.255596E-01    9.841426E-01    9.778476E-01    1.784073E-02 
   375   -1.245422E-01    9.815629E-01    9.742558E-01    2.094622E-02 
   376   -1.235220E-01    9.787288E-01    9.703138E-01    2.438359E-02 
   377   -1.224987E-01    9.756399E-01    9.660225E-01    2.815575E-02 
   378   -1.214720E-01    9.722994E-01    9.613876E-01    3.226128E-02 
   379   -1.204416E-01    9.687137E-01    9.564193E-01    3.669443E-02 
   380   -1.194071E-01    9.648919E-01    9.511319E-01    4.144490E-02 
   381   -1.183684E-01    9.608458E-01    9.455432E-01    4.649752E-02 
   382   -1.173251E-01    9.565888E-01    9.396731E-01    5.183290E-02 
   383   -1.162769E-01    9.521356E-01    9.335437E-01    5.742860E-02 
   384   -1.152236E-01    9.475017E-01    9.271777E-01    6.326094E-02 
   385   -1.141650E-01    9.427021E-01    9.205971E-01    6.930763E-02 
   386   -1.131008E-01    9.377509E-01    9.138226E-01    7.554930E-02 
   387   -1.120309E-01    9.326595E-01    9.068710E-01    8.197045E-02 
   388   -1.109549E-01    9.274356E-01    8.997542E-01    8.855945E-02 
   389   -1.098728E-01    9.220826E-01    8.924778E-01    9.530756E-02 
   390   -1.087843E-01    9.165994E-01    8.850415E-01    1.022107E-01 
   391   -1.076893E-01    9.109807E-01    8.774395E-01    1.092884E-01 
   392   -1.065874E-01    9.052188E-01    8.696629E-01    1.165613E-01 
   393   -1.054785E-01    8.993053E-01    8.617018E-01    1.240529E-01 
   394   -1.043621E-01    8.932330E-01    8.535483E-01    1.317920E-01 
   395   -1.032381E-01    8.869973E-01    8.451983E-01    1.398077E-01 
   396   -1.021059E-01    8.805973E-01    8.366526E-01    1.481230E-01 
   397   -1.009654E-01    8.740367E-01    8.279181E-01    1.567482E-01 
   398   -9.981609E-02    8.673231E-01    8.190072E-01    1.656809E-01 
   399   -9.865771E-02    8.604693E-01    8.099386E-01    1.749031E-01 
   400   -9.748988E-02    8.534927E-01    8.007374E-01    1.843675E-01 
   401   -9.631228E-02    8.464150E-01    7.914339E-01    1.940267E-01 
   402   -9.512459E-02    8.392607E-01    7.820614E-01    2.038407E-01 
   403   -9.392656E-02    8.320547E-01    7.726540E-01    2.137769E-01 
   404   -9.271798E-02    8.248208E-01    7.632430E-01    2.238089E-01 
   405   -9.149870E-02    8.175797E-01    7.538557E-01    2.339179E-01 
   406   -9.026856E-02    8.103480E-01    7.445137E-01    2.441218E-01 
   407   -8.902740E-02    8.031380E-01    7.352329E-01    2.544173E-01 
   408   -8.777503E-02    7.959593E-01    7.260259E-01    2.647516E-01 
   409   -8.651131E-02    7.888214E-01    7.169044E-01    2.750760E-01 
   410   -8.523611E-02    7.817349E-01    7.078815E-01    2.853512E-01 
   411   -8.394929E-02    7.747117E-01    6.989719E-01    2.955566E-01 
   412   -8.265073E-02    7.677651E-01    6.901918E-01    3.057221E-01 
   413   -8.134035E-02    7.609093E-01    6.815578E-01    3.158683E-01 
   414   -8.001814E-02    7.541566E-01    6.730843E-01    3.259698E-01 
   415   -7.868410E-02    7.475137E-01    6.647782E-01    3.360015E-01 
   416   -7.733828E-02    7.409791E-01    6.566363E-01    3.459299E-01 
   417   -7.598071E-02    7.345415E-01    6.486434E-01    3.557217E-01 
   418   -7.461140E-02    7.281807E-01    6.407730E-01    3.653571E-01 
   419   -7.323024E-02    7.218676E-01    6.329887E-01    3.748475E-01 
   420   -7.183710E-02    7.155667E-01    6.252459E-01    3.842443E-01 
   421   -7.043177E-02    7.092364E-01    6.174939E-01    3.936783E-01 
   422   -6.901401E-02    7.028298E-01    6.096757E-01    4.033139E-01 
   423   -6.758339E-02    6.962961E-01    6.017312E-01    4.133023E-01 
   424   -6.613930E-02    6.895856E-01    5.936020E-01    4.237611E-01 
   425   -6.468100E-02    6.826564E-01    5.852410E-01    4.347597E-01 
   426   -6.320766E-02    6.754837E-01    5.766220E-01    4.463193E-01 
   427   -6.171824E-02    6.680676E-01    5.677493E-01    4.584273E-01 
   428   -6.021168E-02    6.604387E-01    5.586639E-01    4.710082E-01 
   429   -5.868701E-02    6.526563E-01    5.494397E-01    4.839664E-01 
   430   -5.714350E-02    6.447976E-01    5.401706E-01    4.972134E-01 
   431   -5.558073E-02    6.369409E-01    5.309494E-01    5.106615E-01 
   432   -5.399847E-02    6.291475E-01    5.218476E-01    5.242130E-01 
   433   -5.239662E-02    6.214520E-01    5.129044E-01    5.377599E-01 
   434   -5.077509E-02    6.138634E-01    5.041289E-01    5.511982E-01 
   435   -4.913371E-02    6.063786E-01    4.955158E-01    5.645424E-01 
   436   -4.747211E-02    5.989961E-01    4.870622E-01    5.777874E-01 
   437   -4.578992E-02    5.917296E-01    4.787825E-01    5.908609E-01 
   438   -4.408693E-02    5.846132E-01    4.707136E-01    6.037269E-01 
   439   -4.236314E-02    5.776964E-01    4.629094E-01    6.164047E-01 
   440   -4.061868E-02    5.710367E-01    4.554311E-01    6.289606E-01 
   441   -3.885394E-02    5.646949E-01    4.483424E-01    6.412697E-01 
   442   -3.706969E-02    5.587306E-01    4.417048E-01    6.531060E-01 
   443   -3.526677E-02    5.532061E-01    4.355818E-01    6.641855E-01 
   444   -3.344625E-02    5.481973E-01    4.300515E-01    6.742007E-01 
   445   -3.160953E-02    5.438084E-01    4.252216E-01    6.828661E-01 
   446   -2.975854E-02    5.401809E-01    4.212396E-01    6.899238E-01 
   447   -2.789585E-02    5.374821E-01    4.182797E-01    6.951371E-01 
   448   -2.602477E-02    5.358458E-01    4.164806E-01    6.983422E-01 
   449   -2.414970E-02    5.352698E-01    4.158357E-01    6.991222E-01 
   450   -2.227633E-02    5.355559E-01    4.161290E-01    6.974073E-01 
   451   -2.040746E-02    5.363846E-01    4.170133E-01    6.951370E-01 
   452   -1.854260E-02    5.374714E-01    4.181782E-01    6.926540E-01 
   453   -1.668145E-02    5.386536E-01    4.194462E-01    6.899898E-01 
   454   -1.482459E-02    5.398583E-01    4.207389E-01    6.873395E-01 
   455   -1.297252E-02    5.410362E-01    4.220036E-01    6.849335E-01 
   456   -1.112447E-02    5.421403E-01    4.231891E-01    6.828866E-01 
   457   -9.279824E-03    5.431356E-01    4.242552E-01    6.811642E-01 
   458   -7.438786E-03    5.440048E-01    4.251810E-01    6.797143E-01 
   459   -5.600246E-03    5.447390E-01    4.259571E-01    6.785341E-01 
   460   -3.763857E-03    5.453322E-01    4.265788E-01    6.776261E-01 
   461   -1.929711E-03    5.457917E-01    4.270550E-01    6.769119E-01 
   462   -9.658361E-05    5.461471E-01    4.274165E-01    6.763116E-01 
   463    1.736467E-03    5.464330E-01    4.276989E-01    6.758300E-01 
   464    3.567974E-03    5.466657E-01    4.279202E-01    6.755042E-01 
   465    5.398077E-03    5.468531E-01    4.280895E-01    6.752714E-01 
   466    7.228706E-03    5.470129E-01    4.282268E-01    6.750501E-01 
   467    9.059456E-03    5.471599E-01    4.283498E-01    6.748589E-01 
   468    1.088832E-02    5.472899E-01    4.284551E-01    6.747204E-01 
   469    1.271637E-02    5.474020E-01    4.285389E-01    6.745762E-01 
   470    1.454615E-02    5.475108E-01    4.286120E-01    6.744012E-01 
   471    1.637518E-02    5.476195E-01    4.286767E-01    6.742718E-01 
   472    1.820158E-02    5.477167E-01    4.287271E-01    6.741772E-01 
   473    2.002891E-02    5.478083E-01    4.287773E-01    6.740458E-01 
   474    2.185838E-02    5.479095E-01    4.288426E-01    6.739354E-01 
   475    2.368500E-02    5.480075E-01    4.288941E-01    6.739023E-01 
   476    2.550902E-02    5.480927E-01    4.289096E-01    6.738460E-01 
   477    2.733732E-02    5.481874E-01    4.289228E-01    6.737006E-01 
   478    2.916570E-02    5.482971E-01    4.289690E-01    6.736456E-01 
   479    3.098839E-02    5.483893E-01    4.290103E-01    6.736831E-01 
   480    3.281190E-02    5.484712E-01    4.290211E-01    6.735813E-01 
   481    3.464190E-02    5.485912E-01    4.290395E-01    6.733799E-01 
   482    3.646668E-02    5.487251E-01    4.290665E-01    6.734392E-01 
   483    3.828580E-02    5.488320E-01    4.290654E-01    6.735450E-01 
   484    4.011121E-02    5.489523E-01    4.290695E-01    6.732356E-01 
   485    4.193884E-02    5.491326E-01    4.291311E-01    6.731142E-01 
   486    4.376313E-02    5.493108E-01    4.291993E-01    6.734546E-01 
   487    4.557399E-02    5.495028E-01    4.292546E-01    6.732541E-01 
   488    4.740046E-02    5.498507E-01    4.293542E-01    6.728094E-01 
   489    4.923880E-02    5.502994E-01    4.293518E-01    6.731236E-01 
   490    5.103888E-02    5.507274E-01    4.290638E-01    6.735870E-01 
   491    5.283645E-02    5.510464E-01    4.284186E-01    6.723997E-01 
   492    5.469686E-02    5.509362E-01    4.273384E-01    6.729867E-01 
   493    5.651546E-02    5.495647E-01    4.253058E-01    6.735879E-01 
   494    5.822888E-02    5.462636E-01    4.227232E-01    6.720941E-01 
   495    6.016892E-02    5.399956E-01    4.219423E-01    6.734414E-01 
   496    6.205334E-02    5.312258E-01    4.247779E-01    6.721835E-01 
   497    6.374217E-02    5.218127E-01    4.302823E-01    6.733643E-01 
   498    6.594961E-02    5.094901E-01    4.353235E-01    6.729316E-01 
   499    6.834729E-02    4.953999E-01    4.485838E-01    6.753508E-01 
   500    6.715594E-02    5.022056E-01    3.495969E-01    6.651090E-01 
   501    6.911255E-02    4.906224E-01    3.712604E-01    6.681802E-01 
   502    7.021217E-02    4.837358E-01    3.945567E-01    6.720420E-01 
   503    7.084113E-02    4.797542E-01    4.162828E-01    6.730881E-01 
   504    7.110544E-02    4.781678E-01    4.335242E-01    6.716652E-01 
   505    7.166482E-02    4.750376E-01    4.420555E-01    6.698629E-01 
   506    7.253252E-02    4.705592E-01    4.436714E-01    6.725915E-01 
   507    7.300016E-02    4.683203E-01    4.435466E-01    6.748100E-01 
   508    7.320800E-02    4.673720E-01    4.425703E-01    6.749508E-01 
   509    7.347312E-02    4.662362E-01    4.408593E-01    6.728950E-01 
   510    7.413223E-02    4.637871E-01    4.380186E-01    6.718675E-01 
   511    7.481883E-02    4.617123E-01    4.356404E-01    6.720602E-01 
   512    7.548143E-02    4.601208E-01    4.337478E-01    6.717616E-01 
   513    7.615080E-02    4.589170E-01    4.322628E-01    6.714373E-01 
   514    7.670193E-02    4.581820E-01    4.311992E-01    6.718462E-01 
   515    7.722717E-02    4.576418E-01    4.303090E-01    6.736691E-01 
   516    7.770904E-02    4.572411E-01    4.295705E-01    6.739219E-01 
   517    7.817714E-02    4.569684E-01    4.290410E-01    6.726236E-01 
   518    7.866834E-02    4.568012E-01    4.286536E-01    6.720266E-01 
   519    7.920196E-02    4.566940E-01    4.283481E-01    6.723716E-01 
   520    7.977214E-02    4.566418E-01    4.281153E-01    6.724221E-01 
   521    8.037306E-02    4.566469E-01    4.279733E-01    6.723809E-01 
   522    8.100098E-02    4.566835E-01    4.278784E-01    6.728916E-01 
   523    8.157820E-02    4.567192E-01    4.277922E-01    6.731064E-01 
   524    8.209651E-02    4.567613E-01    4.277151E-01    6.728416E-01 
   525    8.260648E-02    4.568225E-01    4.276699E-01    6.723980E-01 
   526    8.315220E-02    4.569045E-01    4.276490E-01    6.722114E-01 
   527    8.369213E-02    4.569855E-01    4.276275E-01    6.723159E-01 
   528    8.421483E-02    4.570630E-01    4.275993E-01    6.722998E-01 
   529    8.474648E-02    4.571392E-01    4.275751E-01    6.723831E-01 
   530    8.529869E-02    4.572117E-01    4.275541E-01    6.726186E-01 
   531    8.586333E-02    4.572762E-01    4.275344E-01    6.728121E-01 
   532    8.642744E-02    4.573328E-01    4.275167E-01    6.727543E-01 
   533    8.698686E-02    4.573901E-01    4.275083E-01    6.724767E-01 
   534    8.754143E-02    4.574558E-01    4.275157E-01    6.721976E-01 
   535    8.809326E-02    4.575247E-01    4.275283E-01    6.721503E-01 
   536    8.863788E-02    4.575876E-01    4.275329E-01    6.722475E-01 
   537    8.917220E-02    4.576444E-01    4.275303E-01    6.722469E-01 
   538    8.970232E-02    4.576982E-01    4.275235E-01    6.722171E-01 
   539    9.023546E-02    4.577497E-01    4.275180E-01    6.722476E-01 
   540    9.077600E-02    4.577989E-01    4.275112E-01    6.722923E-01 
   541    9.132637E-02    4.578473E-01    4.275118E-01    6.722982E-01 
   542    9.188587E-02    4.578951E-01    4.275132E-01    6.723092E-01 
   543    9.244769E-02    4.579408E-01    4.275211E-01    6.723347E-01 
   544    9.300361E-02    4.579836E-01    4.275234E-01    6.723313E-01 
   545    9.355253E-02    4.580244E-01    4.275307E-01    6.723021E-01 
   546    9.409548E-02    4.580639E-01    4.275311E-01    6.722602E-01 
   547    9.463430E-02    4.581029E-01    4.275379E-01    6.722044E-01 
   548    9.517094E-02    4.581424E-01    4.275394E-01    6.721460E-01 
   549    9.570915E-02    4.581820E-01    4.275482E-01    6.721070E-01 
   550    9.625142E-02    4.582203E-01    4.275515E-01    6.721191E-01 
   551    9.679934E-02    4.582550E-01    4.275570E-01    6.721882E-01 
   552    9.735129E-02    4.582844E-01    4.275547E-01    6.722706E-01 
   553    9.790413E-02    4.583085E-01    4.275508E-01    6.723092E-01 
   554    9.845488E-02    4.583290E-01    4.275432E-01    6.723004E-01 
   555    9.900331E-02    4.583475E-01    4.275346E-01    6.722655E-01 
   556    9.954903E-02    4.583653E-01    4.275277E-01    6.722182E-01 
   557    1.000926E-01    4.583832E-01    4.275185E-01    6.721661E-01 
   558    1.006346E-01    4.584013E-01    4.275145E-01    6.721194E-01 
   559    1.011765E-01    4.584193E-01    4.275053E-01    6.720833E-01 
   560    1.017197E-01    4.584365E-01    4.275024E-01    6.720632E-01 
   561    1.022645E-01    4.584522E-01    4.274917E-01    6.720586E-01 
   562    1.028118E-01    4.584661E-01    4.274873E-01    6.720599E-01 
   563    1.033600E-01    4.584786E-01    4.274752E-01    6.720533E-01 
   564    1.039088E-01    4.584902E-01    4.274702E-01    6.720323E-01 
   565    1.044568E-01    4.585015E-01    4.274600E-01    6.720014E-01 
   566    1.050039E-01    4.585132E-01    4.274563E-01    6.719640E-01 
   567    1.055492E-01    4.585256E-01    4.274500E-01    6.719233E-01 
   568    1.060937E-01    4.585389E-01    4.274483E-01    6.718813E-01 
   569    1.066374E-01    4.585532E-01    4.274468E-01    6.718430E-01 
   570    1.071812E-01    4.585680E-01    4.274467E-01    6.718172E-01 
   571    1.077259E-01    4.585828E-01    4.274488E-01    6.718134E-01 
   572    1.082713E-01    4.585969E-01    4.274477E-01    6.718338E-01 
   573    1.088178E-01    4.586095E-01    4.274500E-01    6.718696E-01 
   574    1.093647E-01    4.586205E-01    4.274453E-01    6.719055E-01 
   575    1.099119E-01    4.586295E-01    4.274454E-01    6.719297E-01 
   576    1.104582E-01    4.586366E-01    4.274366E-01    6.719389E-01 
   577    1.110044E-01    4.586418E-01    4.274329E-01    6.719346E-01 
   578    1.115495E-01    4.586449E-01    4.274199E-01    6.719235E-01 
   579    1.120944E-01    4.586459E-01    4.274110E-01    6.719068E-01 
   580    1.126391E-01    4.586442E-01    4.273932E-01    6.718870E-01 
   581    1.131839E-01    4.586394E-01    4.273767E-01    6.718653E-01 
   582    1.137289E-01    4.586312E-01    4.273524E-01    6.718406E-01 
   583    1.142746E-01    4.586192E-01    4.273262E-01    6.718080E-01 
   584    1.148206E-01    4.586035E-01    4.272948E-01    6.717644E-01 
   585    1.153667E-01    4.585845E-01    4.272590E-01    6.717068E-01 
   586    1.159131E-01    4.585631E-01    4.272228E-01    6.716330E-01 
   587    1.164589E-01    4.585404E-01    4.271815E-01    6.715425E-01 
   588    1.170049E-01    4.585177E-01    4.271457E-01    6.714344E-01 
   589    1.175504E-01    4.584966E-01    4.271061E-01    6.713110E-01 
   590    1.180960E-01    4.584785E-01    4.270775E-01    6.711756E-01 
   591    1.186414E-01    4.584648E-01    4.270477E-01    6.710345E-01 
   592    1.191872E-01    4.584566E-01    4.270325E-01    6.709006E-01 
   593    1.197330E-01    4.584547E-01    4.270192E-01    6.707937E-01 
   594    1.202792E-01    4.584598E-01    4.270211E-01    6.707330E-01 
   595    1.208254E-01    4.584716E-01    4.270273E-01    6.707345E-01 
   596    1.213718E-01    4.584898E-01    4.270460E-01    6.707991E-01 
   597    1.219181E-01    4.585131E-01    4.270692E-01    6.709170E-01 
   598    1.224640E-01    4.585396E-01    4.270979E-01    6.710683E-01 
   599    1.230100E-01    4.585667E-01    4.271281E-01    6.712354E-01 
   600    1.235555E-01    4.585909E-01    4.271527E-01    6.714044E-01 
   601    1.241011E-01    4.586084E-01    4.271723E-01    6.715651E-01 
   602    1.246464E-01    4.586146E-01    4.271724E-01    6.717095E-01 
   603    1.251917E-01    4.586046E-01    4.271576E-01    6.718300E-01 
   604    1.257368E-01    4.585734E-01    4.271087E-01    6.719179E-01 
   605    1.262822E-01    4.585164E-01    4.270333E-01    6.719616E-01 
   606    1.268273E-01    4.584295E-01    4.269122E-01    6.719536E-01 
   607    1.273728E-01    4.583094E-01    4.267545E-01    6.718816E-01 
   608    1.279182E-01    4.581546E-01    4.265459E-01    6.717329E-01 
   609    1.284636E-01    4.579650E-01    4.262970E-01    6.714834E-01 
   610    1.290094E-01    4.577427E-01    4.260018E-01    6.711062E-01 
   611    1.295553E-01    4.574921E-01    4.256726E-01    6.705831E-01 
   612    1.301017E-01    4.572203E-01    4.253149E-01    6.699098E-01 
   613    1.306484E-01    4.569368E-01    4.249418E-01    6.690784E-01 
   614    1.311959E-01    4.566534E-01    4.245711E-01    6.681069E-01 
   615    1.317438E-01    4.563838E-01    4.242151E-01    6.669982E-01 
   616    1.322927E-01    4.561426E-01    4.239010E-01    6.657791E-01 
   617    1.328421E-01    4.559446E-01    4.236378E-01    6.644741E-01 
   618    1.333926E-01    4.558034E-01    4.234550E-01    6.631802E-01 
   619    1.339435E-01    4.557303E-01    4.233542E-01    6.620624E-01 
   620    1.344951E-01    4.557323E-01    4.233581E-01    6.613378E-01 
   621    1.350468E-01    4.558111E-01    4.234557E-01    6.612002E-01 
   622    1.355985E-01    4.559618E-01    4.236527E-01    6.617143E-01 
   623    1.361496E-01    4.561716E-01    4.239220E-01    6.628538E-01 
   624    1.367000E-01    4.564197E-01    4.242450E-01    6.644372E-01 
   625    1.372492E-01    4.566773E-01    4.245780E-01    6.662999E-01 
   626    1.377972E-01    4.569078E-01    4.248766E-01    6.682570E-01 
   627    1.383440E-01    4.570679E-01    4.250839E-01    6.701642E-01 
   628    1.388895E-01    4.571083E-01    4.251325E-01    6.718950E-01 
   629    1.394341E-01    4.569750E-01    4.249571E-01    6.733577E-01 
   630    1.399777E-01    4.566104E-01    4.244735E-01    6.744437E-01 
   631    1.405209E-01    4.559546E-01    4.236126E-01    6.751405E-01 
   632    1.410638E-01    4.549469E-01    4.222821E-01    6.753299E-01 
   633    1.416071E-01    4.535269E-01    4.204159E-01    6.748558E-01 
   634    1.421509E-01    4.516381E-01    4.179258E-01    6.736539E-01 
   635    1.426961E-01    4.492247E-01    4.147516E-01    6.715735E-01 
   636    1.432434E-01    4.462367E-01    4.108185E-01    6.681707E-01 
   637    1.437937E-01    4.426288E-01    4.060804E-01    6.631597E-01 
   638    1.443481E-01    4.383625E-01    4.004837E-01    6.564086E-01 
   639    1.449081E-01    4.334029E-01    3.939975E-01    6.475237E-01 
   640    1.454750E-01    4.277285E-01    3.866032E-01    6.363099E-01 
   641    1.460506E-01    4.213248E-01    3.782941E-01    6.224966E-01 
   642    1.466367E-01    4.141858E-01    3.690862E-01    6.056173E-01 
   643    1.472352E-01    4.063229E-01    3.590099E-01    5.858597E-01 
   644    1.478483E-01    3.977592E-01    3.481278E-01    5.632268E-01 
   645    1.484778E-01    3.885461E-01    3.365270E-01    5.371564E-01 
   646    1.491262E-01    3.787524E-01    3.243315E-01    5.073155E-01 
   647    1.497953E-01    3.684741E-01    3.116791E-01    4.742072E-01 
   648    1.504878E-01    3.578236E-01    2.987479E-01    4.384854E-01 
   649    1.512048E-01    3.469627E-01    2.857480E-01    4.001470E-01 
   650    1.519482E-01    3.360647E-01    2.729089E-01    3.593090E-01 
   651    1.527188E-01    3.253264E-01    2.604589E-01    3.171202E-01 
   652    1.535175E-01    3.149417E-01    2.486240E-01    2.748759E-01 
   653    1.543438E-01    3.051140E-01    2.376108E-01    2.335155E-01 
   654    1.551970E-01    2.960151E-01    2.275856E-01    1.940709E-01 
   655    1.560754E-01    2.877861E-01    2.186637E-01    1.577883E-01 
   656    1.569770E-01    2.805195E-01    2.109045E-01    1.256835E-01 
   657    1.578989E-01    2.742582E-01    2.043079E-01    9.820039E-02 
   658    1.588381E-01    2.689869E-01    1.988196E-01    7.540216E-02 
   659    1.597918E-01    2.646486E-01    1.943461E-01    5.694475E-02 
   660    1.607570E-01    2.611516E-01    1.907684E-01    4.244437E-02 
   661    1.617313E-01    2.583876E-01    1.879578E-01    3.130027E-02 
   662    1.627127E-01    2.562412E-01    1.857841E-01    2.283290E-02 
   663    1.636993E-01    2.545991E-01    1.841265E-01    1.650555E-02 
   664    1.646900E-01    2.533603E-01    1.828784E-01    1.184265E-02 
   665    1.656835E-01    2.524368E-01    1.819493E-01    8.444409E-03 
   666    1.666793E-01    2.517556E-01    1.812643E-01    5.990174E-03 
   667    1.676765E-01    2.512575E-01    1.807637E-01    4.230751E-03 
   668    1.686748E-01    2.508961E-01    1.804005E-01    2.977027E-03 
   669    1.696740E-01    2.506357E-01    1.801388E-01    2.088113E-03 
   670    1.706737E-01    2.504491E-01    1.799514E-01    1.460593E-03 
   671    1.716738E-01    2.503162E-01    1.798178E-01    1.019217E-03 
   672    1.726741E-01    2.502219E-01    1.797231E-01    7.097178E-04 
   673    1.736747E-01    2.501553E-01    1.796561E-01    4.932641E-04 
   674    1.746754E-01    2.501085E-01    1.796090E-01    3.422314E-04 
   675    1.756762E-01    2.500756E-01    1.795760E-01    2.370617E-04 
   676    1.766770E-01    2.500525E-01    1.795528E-01    1.639627E-04 
   677    1.776779E-01    2.500365E-01    1.795366E-01    1.132399E-04 
   678    1.786788E-01    2.500253E-01    1.795254E-01    7.809845E-05 
   679    1.796798E-01    2.500175E-01    1.795176E-01    5.378772E-05 
   680    1.806808E-01    2.500121E-01    1.795121E-01    3.699330E-05 
   681    1.816817E-01    2.500083E-01    1.795084E-01    2.540724E-05 
   682    1.826827E-01    2.500057E-01    1.795058E-01    1.742512E-05 
   683    1.836837E-01    2.500039E-01    1.795040E-01    1.193334E-05 
   684    1.846847E-01    2.500027E-01    1.795027E-01    8.160113E-06 
   685    1.856857E-01    2.500019E-01    1.795019E-01    5.571262E-06 
   686    1.866867E-01    2.500013E-01    1.795013E-01    3.797571E-06 
   687    1.876877E-01    2.500009E-01    1.795009E-01    2.584169E-06 
   688    1.886887E-01    2.500006E-01    1.795006E-01    1.755346E-06 
   689    1.896897E-01    2.500004E-01    1.795004E-01    1.190123E-06 
   690    1.906907E-01    2.500003E-01    1.795003E-01    8.053147E-07 
   691    1.916917E-01    2.500002E-01    1.795002E-01    5.437974E-07 
   692    1.926927E-01    2.500001E-01    1.795001E-01    3.664003E-07 
   693    1.936937E-01    2.500001E-01    1.795001E-01    2.463016E-07 
   694    1.946947E-01    2.500001E-01    1.795001E-01    1.651628E-07 
   695    1.956957E-01    2.500000E-01    1.795000E-01    1.104655E-07 
   696    1.966967E-01    2.500000E-01    1.795000E-01    7.367873E-08 
   697    1.976977E-01    2.500000E-01    1.795000E-01    4.899851E-08 
   698    1.986987E-01    2.500000E-01    1.795000E-01    3.248382E-08 
   699    1.996997E-01    2.500000E-01    1.795000E-01    2.146373E-08 
   700    2.007007E-01    2.500000E-01    1.795000E-01    1.413185E-08 
   701    2.017017E-01    2.500000E-01    1.795000E-01    9.269135E-09 
   702    2.027027E-01    2.500000E-01    1.795000E-01    6.054876E-09 
   703    2.037037E-01    2.500000E-01    1.795000E-01    3.937874E-09 
   704    2.047047E-01    2.500000E-01    1.795000E-01    2.548922E-09 
   705    2.057057E-01    2.500000E-01    1.795000E-01    1.641409E-09 
   706    2.067067E-01    2.500000E-01    1.795000E-01    1.051100E-09 
   707    2.077077E-01    2.500000E-01    1.795000E-01    6.689749E-10 
   708    2.087087E-01    2.500000E-01    1.795000E-01    4.229094E-10 
   709    2.097097E-01    2.500000E-01    1.795000E-01    2.653626E-10 
   710    2.107107E-01    2.500000E-01    1.795000E-01    1.651236E-10 
   711    2.117117E-01    2.500000E-01    1.795000E-01    1.017871E-10 
   712    2.127127E-01    2.500000E-01    1.795000E-01    6.207612E-11 
   713    2.137137E-01    2.500000E-01    1.795000E-01    3.739128E-11 
   714    2.147147E-01    2.500000E-01    1.795000E-01    2.219765E-11 
   715    2.157157E-01    2.500000E-01    1.795000E-01    1.295061E-11 
   716    2.167167E-01    2.500000E-01    1.795000E-01    7.394659E-12 
   717    2.177177E-01    2.500000E-01    1.795000E-01    4.108486E-12 
   718    2.187187E-01    2.500000E-01    1.795000E-01    2.203469E-12 
   719    2.197197E-01    2.500000E-01    1.795000E-01    1.124163E-12 
   720    2.207207E-01    2.500000E-01    1.795000E-01    5.310528E-13 
   721    2.217217E-01    2.500000E-01    1.795000E-01    2.160635E-13 
   722    2.227227E-01    2.500000E-01    1.795000E-01    5.669484E-14 
   723    2.237237E-01    2.500000E-01    1.795000E-01   -1.318815E-14 
   724    2.247247E-01    2.500000E-01    1.795000E-01   -3.569284E-14 
   725    2.257257E-01    2.500000E-01    1.795000E-01   -3.640843E-14 
   726    2.267267E-01    2.500000E-01    1.795000E-01   -3.080542E-14 
   727    2.277277E-01    2.500000E-01    1.795000E-01   -2.168056E-14 
   728    2.287287E-01    2.500000E-01    1.795000E-01   -1.463746E-14 
   729    2.297297E-01    2.500000E-01    1.795000E-01   -8.769165E-15 
   730    2.307307E-01    2.500000E-01    1.795000E-01   -2.974883E-15 
   731    2.317317E-01    2.500000E-01    1.795000E-01    6.937354E-16 
   732    2.327327E-01    2.500000E-01    1.795000E-01    2.457782E-16 
   733    2.337337E-01    2.500000E-01    1.795000E-01   -3.079632E-18 
   734    2.347347E-01    2.500000E-01    1.795000E-01   -3.037725E-16 
   735    2.357357E-01    2.500000E-01    1.795000E-01   -9.495265E-16 
   736    2.367367E-01    2.500000E-01    1.795000E-01   -2.521211E-15 
   737    2.377377E-01    2.500000E-01    1.795000E-01   -8.217555E-16 
   738    2.387387E-01    2.500000E-01    1.795000E-01    4.502352E-16 
   739    2.397397E-01    2.500000E-01    1.795000E-01    6.196189E-16 
   740    2.407407E-01    2.500000E-01    1.795000E-01    1.710447E-16 
   741    2.417417E-01    2.500000E-01    1.795000E-01    3.410693E-16 
   742    2.427427E-01    2.500000E-01    1.795000E-01   -7.057100E-16 
   743    2.437437E-01    2.500000E-01    1.795000E-01   -7.847429E-16 
   744    2.447447E-01    2.500000E-01    1.795000E-01   -1.105953E-15 
   745    2.457457E-01    2.500000E-01    1.795000E-01   -1.114611E-15 
   746    2.467467E-01    2.500000E-01    1.795000E-01   -3.461776E-17 
   747    2.477477E-01    2.500000E-01    1.795000E-01    2.229939E-16 
   748    2.487487E-01    2.500000E-01    1.795000E-01   -5.342117E-17 
   749    2.497497E-01    2.500000E-01    1.795000E-01    5.997708E-17 
   750    2.507508E-01    2.500000E-01    1.795000E-01   -1.312096E-16 
   751    2.517518E-01    2.500000E-01    1.795000E-01   -1.958675E-16 
   752    2.527528E-01    2.500000E-01    1.795000E-01   -2.752805E-16 
   753    2.537538E-01    2.500000E-01    1.795000E-01   -4.448291E-16 
   754    2.547548E-01    2.500000E-01    1.795000E-01   -3.803747E-16 
   755    2.557558E-01    2.500000E-01    1.795000E-01   -5.256840E-16 
   756    2.567568E-01    2.500000E-01    1.795000E-01   -3.502850E-16 
   757    2.577578E-01    2.500000E-01    1.795000E-01   -5.810766E-16 
   758    2.587588E-01    2.500000E-01    1.795000E-01   -9.796294E-17 
   759    2.597598E-01    2.500000E-01    1.795000E-01   -6.259376E-16 
   760    2.607608E-01    2.500000E-01    1.795000E-01   -6.518663E-16 
   761    2.617618E-01    2.500000E-01    1.795000E-01   -1.780573E-16 
   762    2.627628E-01    2.500000E-01    1.795000E-01   -6.531953E-16 
   763    2.637638E-01    2.500000E-01    1.795000E-01   -1.127313E-16 
   764    2.647648E-01    2.500000E-01    1.795000E-01   -6.229685E-16 
   765    2.657658E-01    2.500000E-01    1.795000E-01   -7.475734E-16 
   766    2.667668E-01    2.500000E-01    1.795000E-01   -1.004872E-16 
   767    2.677678E-01    2.500000E-01    1.795000E-01   -6.354513E-16 
   768    2.687688E-01    2.500000E-01    1.795000E-01    2.804775E-17 
   769    2.697698E-01    2.500000E-01    1.795000E-01   -6.953352E-16 
   770    2.707708E-01    2.500000E-01    1.795000E-01   -1.276357E-15 
   771    2.717718E-01    2.500000E-01    1.795000E-01   -1.941660E-15 
   772    2.727728E-01    2.500000E-01    1.795000E-01   -4.334820E-15 
   773    2.737738E-01    2.500000E-01    1.795000E-01   -7.718015E-15 
   774    2.747748E-01    2.500000E-01    1.795000E-01   -1.283509E-14 
   775    2.757758E-01    2.500000E-01    1.795000E-01   -2.036065E-14 
   776    2.767768E-01    2.500000E-01    1.795000E-01   -3.109562E-14 
   777    2.777778E-01    2.500000E-01    1.795000E-01   -4.735954E-14 
   778    2.787788E-01    2.500000E-01    1.795000E-01   -7.025592E-14 
   779    2.797798E-01    2.500000E-01    1.795000E-01   -1.048589E-13 
   780    2.807808E-01    2.500000E-01    1.795000E-01   -1.548207E-13 
   781    2.817818E-01    2.500000E-01    1.795000E-01   -2.267457E-13 
   782    2.827828E-01    2.500000E-01    1.795000E-01   -3.295067E-13 
   783    2.837838E-01    2.500000E-01    1.795000E-01   -4.769078E-13 
   784    2.847848E-01    2.500000E-01    1.795000E-01   -6.845766E-13 
   785    2.857858E-01    2.500000E-01    1.795000E-01   -9.812562E-13 
   786    2.867868E-01    2.500000E-01    1.795000E-01   -1.400922E-12 
   787    2.877878E-01    2.500000E-01    1.795000E-01   -1.994883E-12 
   788    2.887888E-01    2.500000E-01    1.795000E-01   -2.831008E-12 
   789    2.897898E-01    2.500000E-01    1.795000E-01   -4.006006E-12 
   790    2.907908E-01    2.500000E-01    1.795000E-01   -5.645449E-12 
   791    2.917918E-01    2.500000E-01    1.795000E-01   -7.930774E-12 
   792    2.927928E-01    2.500000E-01    1.795000E-01   -1.110029E-11 
   793    2.937938E-01    2.500000E-01    1.795000E-01   -1.548484E-11 
   794    2.947948E-01    2.500000E-01    1.795000E-01   -2.152802E-11 
   795    2.957958E-01    2.500000E-01    1.795000E-01   -2.983441E-11 
   796    2.967968E-01    2.500000E-01    1.795000E-01   -4.120641E-11 
   797    2.977978E-01    2.500000E-01    1.795000E-01   -5.673432E-11 
   798    2.987988E-01    2.500000E-01    1.795000E-01   -7.786380E-11 
   799    2.997998E-01    2.500000E-01    1.795000E-01   -1.065310E-10 
   800    3.008008E-01    2.500000E-01    1.795000E-01   -1.453010E-10 
   801    3.018018E-01    2.500000E-01    1.795000E-01   -1.975857E-10 
   802    3.028028E-01    2.500000E-01    1.795000E-01   -2.678724E-10 
   803    3.038038E-01    2.500000E-01    1.795000E-01   -3.620833E-10 
   804    3.048048E-01    2.500000E-01    1.795000E-01   -4.879802E-10 
   805    3.058058E-01    2.500000E-01    1.795000E-01   -6.557304E-10 
   806    3.068068E-01    2.500000E-01    1.795000E-01   -8.785768E-10 
   807    3.078078E-01    2.500000E-01    1.795000E-01   -1.173762E-09 
   808    3.088088E-01    2.500000E-01    1.795000E-01   -1.563625E-09 
   809    3.098098E-01    2.500000E-01    1.795000E-01   -2.077048E-09 
   810    3.108108E-01    2.500000E-01    1.795000E-01   -2.751239E-09 
   811    3.118118E-01    2.500000E-01    1.795000E-01   -3.634006E-09 
   812    3.128128E-01    2.500000E-01    1.795000E-01   -4.786569E-09 
   813    3.138138E-01    2.500000E-01    1.795000E-01   -6.287094E-09 
   814    3.148148E-01    2.500000E-01    1.795000E-01   -8.235081E-09 
   815    3.158158E-01    2.500000E-01    1.795000E-01   -1.075678E-08 
   816    3.168168E-01    2.500000E-01    1.795000E-01   -1.401193E-08 
   817    3.178178E-01    2.500000E-01    1.795000E-01   -1.820197E-08 
   818    3.188188E-01    2.500000E-01    1.795000E-01   -2.358016E-08 
   819    3.198198E-01    2.500000E-01    1.795000E-01   -3.046393E-08 
   820    3.208208E-01    2.500000E-01    1.795000E-01   -3.924993E-08 
   821    3.218218E-01    2.500000E-01    1.795000E-01   -5.043215E-08 
   822    3.228228E-01    2.500000E-01    1.795000E-01   -6.462398E-08 
   823    3.238238E-01    2.500000E-01    1.795000E-01   -8.258456E-08 
   824    3.248248E-01    2.500000E-01    1.795000E-01   -1.052505E-07 
   825    3.258258E-01    2.500000E-01    1.795000E-01   -1.337735E-07 
   826    3.268268E-01    2.500000E-01    1.795000E-01   -1.695655E-07 
   827    3.278278E-01    2.500001E-01    1.795001E-01   -2.143513E-07 
   828    3.288288E-01    2.500001E-01    1.795001E-01   -2.702316E-07 
   829    3.298298E-01    2.500001E-01    1.795001E-01   -3.397557E-07 
   830    3.308308E-01    2.500001E-01    1.795001E-01   -4.260077E-07 
   831    3.318318E-01    2.500001E-01    1.795001E-01   -5.327051E-07 
   832    3.328328E-01    2.500002E-01    1.795002E-01   -6.643146E-07 
   833    3.338338E-01    2.500002E-01    1.795002E-01   -8.261835E-07 
   834    3.348348E-01    2.500003E-01    1.795003E-01   -1.024691E-06 
   835    3.358358E-01    2.500003E-01    1.795003E-01   -1.267422E-06 
   836    3.368368E-01    2.500004E-01    1.795004E-01   -1.563359E-06 
   837    3.378378E-01    2.500005E-01    1.795005E-01   -1.923102E-06 
   838    3.388388E-01    2.500006E-01    1.795006E-01   -2.359115E-06 
   839    3.398398E-01    2.500007E-01    1.795007E-01   -2.885998E-06 
   840    3.408408E-01    2.500009E-01    1.795009E-01   -3.520782E-06 
   841    3.418418E-01    2.500010E-01    1.795010E-01   -4.283264E-06 
   842    3.428428E-01    2.500013E-01    1.795013E-01   -5.196354E-06 
   843    3.438438E-01    2.500015E-01    1.795015E-01   -6.286464E-06 
   844    3.448448E-01    2.500018E-01    1.795018E-01   -7.583912E-06 
   845    3.458458E-01    2.500022E-01    1.795022E-01   -9.123348E-06 
   846    3.468468E-01    2.500026E-01    1.795026E-01   -1.094420E-05 
   847    3.478478E-01    2.500031E-01    1.795031E-01   -1.309113E-05 
   848    3.488488E-01    2.500037E-01    1.795038E-01   -1.561448E-05 
   849    3.498498E-01    2.500044E-01    1.795045E-01   -1.857073E-05 
   850    3.508507E-01    2.500052E-01    1.795053E-01   -2.202295E-05 
   851    3.518517E-01    2.500062E-01    1.795062E-01   -2.604114E-05 
   852    3.528527E-01    2.500073E-01    1.795073E-01   -3.070261E-05 
   853    3.538537E-01    2.500086E-01    1.795086E-01   -3.609228E-05 
   854    3.548546E-01    2.500100E-01    1.795101E-01   -4.230281E-05 
   855    3.558556E-01    2.500117E-01    1.795118E-01   -4.943470E-05 
   856    3.568566E-01    2.500136E-01    1.795137E-01   -5.759625E-05 
   857    3.578575E-01    2.500158E-01    1.795159E-01   -6.690327E-05 
   858    3.588584E-01    2.500183E-01    1.795184E-01   -7.747869E-05 
   859    3.598594E-01    2.500211E-01    1.795212E-01   -8.945194E-05 
   860    3.608603E-01    2.500243E-01    1.795244E-01   -1.029580E-04 
   861    3.618612E-01    2.500278E-01    1.795280E-01   -1.181362E-04 
   862    3.628621E-01    2.500318E-01    1.795320E-01   -1.351289E-04 
   863    3.638630E-01    2.500363E-01    1.795364E-01   -1.540796E-04 
   864    3.648638E-01    2.500412E-01    1.795414E-01   -1.751307E-04 
   865    3.658646E-01    2.500466E-01    1.795469E-01   -1.984213E-04 
   866    3.668655E-01    2.500527E-01    1.795529E-01   -2.240843E-04 
   867    3.678662E-01    2.500593E-01    1.795596E-01   -2.522432E-04 
   868    3.688670E-01    2.500665E-01    1.795668E-01   -2.830086E-04 
   869    3.698677E-01    2.500743E-01    1.795747E-01   -3.164748E-04 
   870    3.708684E-01    2.500828E-01    1.795833E-01   -3.527155E-04 
   871    3.718691E-01    2.500920E-01    1.795925E-01   -3.917800E-04 
   872    3.728697E-01    2.501019E-01    1.796024E-01   -4.336890E-04 
   873    3.738703E-01    2.501124E-01    1.796130E-01   -4.784302E-04 
   874    3.748708E-01    2.501236E-01    1.796243E-01   -5.259545E-04 
   875    3.758713E-01    2.501355E-01    1.796362E-01   -5.761724E-04 
   876    3.768718E-01    2.501480E-01    1.796488E-01   -6.289499E-04 
   877    3.778722E-01    2.501611E-01    1.796620E-01   -6.841066E-04 
   878    3.788725E-01    2.501747E-01    1.796757E-01   -7.414126E-04 
   879    3.798728E-01    2.501888E-01    1.796898E-01   -8.005875E-04 
   880    3.808730E-01    2.502034E-01    1.797044E-01   -8.612999E-04 
   881    3.818732E-01    2.502182E-01    1.797194E-01   -9.231679E-04 
   882    3.828733E-01    2.502333E-01    1.797345E-01   -9.857608E-04 
   883    3.838733E-01    2.502485E-01    1.797498E-01   -1.048603E-03 
   884    3.848733E-01    2.502637E-01    1.797651E-01   -1.111177E-03 
   885    3.858732E-01    2.502788E-01    1.797803E-01   -1.172931E-03 
   886    3.868731E-01    2.502936E-01    1.797952E-01   -1.233285E-03 
   887    3.878729E-01    2.503081E-01    1.798098E-01   -1.291637E-03 
   888    3.888726E-01    2.503220E-01    1.798238E-01   -1.347372E-03 
   889    3.898723E-01    2.503353E-01    1.798371E-01   -1.399872E-03 
   890    3.908719E-01    2.503477E-01    1.798496E-01   -1.448536E-03 
   891    3.918714E-01    2.503591E-01    1.798611E-01   -1.492790E-03 
   892    3.928710E-01    2.503695E-01    1.798715E-01   -1.532101E-03 
   893    3.938705E-01    2.503785E-01    1.798806E-01   -1.565952E-03 
   894    3.948699E-01    2.503862E-01    1.798883E-01   -1.593797E-03 
   895    3.958693E-01    2.503922E-01    1.798944E-01   -1.615096E-03 
   896    3.968687E-01    2.503964E-01    1.798986E-01   -1.629616E-03 
   897    3.978681E-01    2.503984E-01    1.799006E-01   -1.637284E-03 
   898    3.988675E-01    2.503978E-01    1.799000E-01   -1.637708E-03 
   899    3.998668E-01    2.503941E-01    1.798963E-01   -1.629511E-03 
   900    4.008662E-01    2.503870E-01    1.798891E-01   -1.609813E-03 
   901    4.018656E-01    2.503758E-01    1.798778E-01   -1.574686E-03 
   902    4.028650E-01    2.503602E-01    1.798622E-01   -1.520351E-03 
   903    4.038645E-01    2.503400E-01    1.798419E-01   -1.443150E-03 
   904    4.048641E-01    2.503150E-01    1.798168E-01   -1.340445E-03 
   905    4.058639E-01    2.502854E-01    1.797869E-01   -1.211112E-03 
   906    4.068637E-01    2.502513E-01    1.797526E-01   -1.058487E-03 
   907    4.078637E-01    2.502134E-01    1.797145E-01   -8.900396E-04 
   908    4.088639E-01    2.501727E-01    1.796736E-01   -7.144127E-04 
   909    4.098642E-01    2.501308E-01    1.796315E-01   -5.373658E-04 
   910    4.108648E-01    2.500894E-01    1.795899E-01   -3.589975E-04 
   911    4.118656E-01    2.500504E-01    1.795506E-01   -1.775918E-04 
   912    4.128666E-01    2.500151E-01    1.795152E-01    3.781036E-06 
   913    4.138678E-01    2.499847E-01    1.794846E-01    1.713948E-04 
   914    4.148691E-01    2.499599E-01    1.794596E-01    3.031505E-04 
   915    4.158703E-01    2.499412E-01    1.794409E-01    3.781763E-04 
   916    4.168715E-01    2.499291E-01    1.794287E-01    3.906074E-04 
   917    4.178728E-01    2.499236E-01    1.794232E-01    3.587100E-04 
   918    4.188744E-01    2.499244E-01    1.794240E-01    3.101331E-04 
   919    4.198761E-01    2.499302E-01    1.794298E-01    2.597377E-04 
   920    4.208775E-01    2.499395E-01    1.794392E-01    2.092030E-04 
   921    4.218786E-01    2.499505E-01    1.794502E-01    1.576256E-04 
   922    4.228793E-01    2.499618E-01    1.794616E-01    1.062976E-04 
   923    4.238802E-01    2.499727E-01    1.794725E-01    5.758306E-05 
   924    4.248815E-01    2.499827E-01    1.794826E-01    1.408449E-05 
   925    4.258829E-01    2.499917E-01    1.794916E-01   -2.054712E-05 
   926    4.268842E-01    2.499993E-01    1.794993E-01   -4.317297E-05 
   927    4.278850E-01    2.500051E-01    1.795051E-01   -5.514362E-05 
   928    4.288855E-01    2.500092E-01    1.795092E-01   -6.264293E-05 
   929    4.298860E-01    2.500117E-01    1.795118E-01   -7.124354E-05 
   930    4.308871E-01    2.500134E-01    1.795135E-01   -8.248713E-05 
   931    4.318886E-01    2.500144E-01    1.795145E-01   -9.152849E-05 
   932    4.328900E-01    2.500147E-01    1.795148E-01   -8.773855E-05 
   933    4.338908E-01    2.500139E-01    1.795140E-01   -6.197925E-05 
   934    4.348911E-01    2.500116E-01    1.795117E-01   -2.832139E-05 
   935    4.358915E-01    2.500082E-01    1.795083E-01   -1.460197E-05 
   936    4.368925E-01    2.500046E-01    1.795047E-01   -2.305309E-05 
   937    4.378941E-01    2.500017E-01    1.795017E-01   -4.073389E-05 
   938    4.388958E-01    2.499997E-01    1.794997E-01   -4.867629E-05 
   939    4.398970E-01    2.499985E-01    1.794985E-01   -6.061202E-06 
   940    4.408974E-01    2.499977E-01    1.794977E-01    4.709294E-05 
   941    4.418975E-01    2.499972E-01    1.794972E-01    5.069036E-05 
   942    4.428983E-01    2.499972E-01    1.794972E-01    2.493129E-05 
   943    4.439000E-01    2.499982E-01    1.794982E-01   -6.546949E-06 
   944    4.449020E-01    2.499999E-01    1.794999E-01   -3.234372E-05 
   945    4.459034E-01    2.500018E-01    1.795018E-01   -3.018801E-05 
   946    4.469039E-01    2.500032E-01    1.795032E-01   -9.960545E-06 
   947    4.479035E-01    2.500040E-01    1.795040E-01   -1.554326E-05 
   948    4.489037E-01    2.500047E-01    1.795048E-01   -4.205929E-05 
   949    4.499055E-01    2.500062E-01    1.795062E-01   -6.993199E-05 
   950    4.509079E-01    2.500078E-01    1.795079E-01   -8.085066E-05 
   951    4.519100E-01    2.500086E-01    1.795086E-01   -5.460701E-05 
   952    4.529103E-01    2.500076E-01    1.795077E-01   -2.446049E-06 
   953    4.539090E-01    2.500051E-01    1.795051E-01    1.342548E-05 
   954    4.549086E-01    2.500022E-01    1.795022E-01   -1.556865E-05 
   955    4.559106E-01    2.500005E-01    1.795005E-01   -5.471523E-05 
   956    4.569139E-01    2.500002E-01    1.795002E-01   -8.116720E-05 
   957    4.579168E-01    2.500005E-01    1.795005E-01   -5.675175E-05 
   958    4.589173E-01    2.499998E-01    1.794998E-01    5.273412E-05 
   959    4.599152E-01    2.499979E-01    1.794978E-01    8.237054E-05 
   960    4.609139E-01    2.499960E-01    1.794960E-01    3.096429E-05 
   961    4.619149E-01    2.499967E-01    1.794967E-01   -7.364959E-05 
   962    4.629190E-01    2.499997E-01    1.794997E-01   -1.206927E-04 
   963    4.639249E-01    2.500018E-01    1.795018E-01   -4.227756E-05 
   964    4.649267E-01    2.500008E-01    1.795008E-01    8.597322E-05 
   965    4.659215E-01    2.499981E-01    1.794981E-01    4.632468E-05 
   966    4.669158E-01    2.499969E-01    1.794968E-01   -4.196382E-05 
   967    4.679168E-01    2.499983E-01    1.794983E-01   -1.327051E-04 
   968    4.689269E-01    2.500007E-01    1.795007E-01   -1.318839E-04 
   969    4.699384E-01    2.500006E-01    1.795007E-01    1.955239E-05 
   970    4.709312E-01    2.499989E-01    1.794989E-01   -1.295287E-05 
   971    4.719262E-01    2.499942E-01    1.794942E-01    1.738755E-04 
   972    4.729190E-01    2.499877E-01    1.794876E-01    6.638340E-05 
   973    4.739207E-01    2.499869E-01    1.794868E-01   -1.731128E-04 
   974    4.749358E-01    2.499896E-01    1.794897E-01   -2.341758E-04 
   975    4.759357E-01    2.499913E-01    1.794913E-01   -1.061324E-04 
   976    4.769548E-01    2.499863E-01    1.794863E-01    2.937978E-04 
   977    4.779432E-01    2.499755E-01    1.794755E-01    3.135741E-04 
   978    4.789124E-01    2.499683E-01    1.794683E-01   -5.844237E-05 
   979    4.798938E-01    2.499774E-01    1.794777E-01   -6.960029E-04 
   980    4.809425E-01    2.499837E-01    1.794839E-01   -4.110983E-05 
   981    4.819907E-01    2.499740E-01    1.794748E-01    2.665926E-04 
   982    4.829898E-01    2.499547E-01    1.794556E-01    4.058678E-04 
   983    4.839345E-01    2.499294E-01    1.794298E-01    2.401872E-04 
   984    4.847964E-01    2.499178E-01    1.794188E-01   -9.531531E-04 
   985    4.859650E-01    2.498891E-01    1.793902E-01    4.272381E-05 
   986    4.870104E-01    2.498133E-01    1.793162E-01    1.309597E-04 
   987    4.880243E-01    2.496800E-01    1.791842E-01    2.270714E-04 
   988    4.889934E-01    2.494518E-01    1.789529E-01    2.918455E-04 
   989    4.897310E-01    2.491742E-01    1.786417E-01   -5.778335E-04 
   990    4.909910E-01    2.486849E-01    1.785557E-01    0.000000E+00 
   991    4.919920E-01    2.483920E-01    1.783455E-01    0.000000E+00 
   992    4.929930E-01    2.477853E-01    1.779098E-01    0.000000E+00 
   993    4.939940E-01    2.461087E-01    1.767060E-01    0.000000E+00 
   994    4.949950E-01    2.422007E-01    1.739001E-01    0.000000E+00 
   995    4.959960E-01    2.342668E-01    1.682036E-01    0.000000E+00 
   996    4.969970E-01    2.204511E-01    1.582839E-01    0.000000E+00 
   997    4.979980E-01    1.999529E-01    1.435662E-01    0.000000E+00 
   998    4.989990E-01    1.731605E-01    1.243292E-01    0.000000E+00 
   999    5.000000E-01    1.416667E-01    1.017167E-01    0.000000E+00 
