     0   -5.000000E-01    5.666667E-01    5.666667E-01    0.000000E+00 
     1   -4.989990E-01    6.926385E-01    6.926385E-01    0.000000E+00 
     2   -4.979980E-01    7.997957E-01    7.997957E-01    0.000000E+00 
     3   -4.969970E-01    8.817729E-01    8.817729E-01    0.000000E+00 
     4   -4.959960E-01    9.370211E-01    9.370211E-01    0.000000E+00 
     5   -4.949950E-01    9.687437E-01    9.687437E-01    0.000000E+00 
     6   -4.939940E-01    9.843717E-01    9.843717E-01    0.000000E+00 
     7   -4.929930E-01    9.910930E-01    9.910930E-01    0.000000E+00 
     8   -4.919920E-01    9.935393E-01    9.935393E-01    0.000000E+00 
     9   -4.909910E-01    9.947272E-01    9.947272E-01    0.000000E+00 
    10   -4.897231E-01    9.967103E-01    9.952322E-01    4.077900E-04 
    11   -4.889975E-01    9.978030E-01    9.969481E-01   -2.035328E-04 
    12   -4.880277E-01    9.987173E-01    9.982381E-01   -1.627815E-04 
    13   -4.870119E-01    9.992513E-01    9.989747E-01   -9.747078E-05 
    14   -4.859655E-01    9.995547E-01    9.993867E-01   -2.418550E-05 
    15   -4.847821E-01    9.996726E-01    9.995495E-01    6.859211E-04 
    16   -4.839390E-01    9.997207E-01    9.996138E-01   -1.801088E-04 
    17   -4.829959E-01    9.998168E-01    9.997503E-01   -2.909351E-04 
    18   -4.819943E-01    9.998902E-01    9.998511E-01   -1.935391E-04 
    19   -4.809420E-01    9.999275E-01    9.999002E-01    1.745176E-05 
    20   -4.798815E-01    9.999049E-01    9.998694E-01    5.259079E-04 
    21   -4.789126E-01    9.998709E-01    9.998203E-01    2.264746E-05 
    22   -4.779490E-01    9.999001E-01    9.998614E-01   -2.414459E-04 
    23   -4.769594E-01    9.999417E-01    9.999194E-01   -2.112488E-04 
    24   -4.759339E-01    9.999614E-01    9.999463E-01    6.183150E-05 
    25   -4.749300E-01    9.999533E-01    9.999350E-01    2.076886E-04 
    26   -4.739178E-01    9.999406E-01    9.999173E-01    1.276437E-04 
    27   -4.729213E-01    9.999436E-01    9.999213E-01   -6.479701E-05 
    28   -4.719299E-01    9.999666E-01    9.999535E-01   -1.355241E-04 
    29   -4.709302E-01    9.999825E-01    9.999756E-01    2.389087E-05 
    30   -4.699376E-01    9.999876E-01    9.999828E-01    7.580406E-06 
    31   -4.689241E-01    9.999874E-01    9.999825E-01    8.750215E-05 
    32   -4.679153E-01    9.999798E-01    9.999719E-01    6.638788E-05 
    33   -4.669163E-01    9.999781E-01    9.999694E-01   -1.329825E-06 
    34   -4.659226E-01    9.999840E-01    9.999777E-01   -3.184902E-05 
    35   -4.649281E-01    9.999934E-01    9.999908E-01   -6.511741E-05 
    36   -4.639235E-01    9.999982E-01    9.999975E-01    2.785356E-05 
    37   -4.629161E-01    9.999927E-01    9.999898E-01    8.678707E-05 
    38   -4.619135E-01    9.999844E-01    9.999782E-01    5.829844E-05 
    39   -4.609148E-01    9.999841E-01    9.999778E-01   -1.211247E-05 
    40   -4.599167E-01    9.999922E-01    9.999891E-01   -4.874650E-05 
    41   -4.589175E-01    9.999995E-01    9.999993E-01   -1.329648E-05 
    42   -4.579147E-01    1.000000E+00    1.000001E+00    4.512322E-05 
    43   -4.569120E-01    9.999967E-01    9.999954E-01    4.954724E-05 
    44   -4.559100E-01    9.999941E-01    9.999917E-01    2.605812E-05 
    45   -4.549092E-01    9.999957E-01    9.999940E-01   -9.980089E-07 
    46   -4.539098E-01    1.000000E+00    1.000001E+00   -1.850746E-05 
    47   -4.529100E-01    1.000004E+00    1.000006E+00    3.908381E-06 
    48   -4.519085E-01    1.000005E+00    1.000006E+00    2.643263E-05 
    49   -4.509064E-01    1.000003E+00    1.000004E+00    3.329993E-05 
    50   -4.499046E-01    1.000001E+00    1.000001E+00    2.543584E-05 
    51   -4.489038E-01    1.000001E+00    1.000002E+00    6.371628E-06 
    52   -4.479037E-01    1.000004E+00    1.000006E+00   -6.156578E-06 
    53   -4.469034E-01    1.000006E+00    1.000009E+00    6.218423E-06 
    54   -4.459021E-01    1.000007E+00    1.000009E+00    2.306045E-05 
    55   -4.449006E-01    1.000005E+00    1.000008E+00    2.648051E-05 
    56   -4.438992E-01    1.000004E+00    1.000006E+00    2.109279E-05 
    57   -4.428981E-01    1.000004E+00    1.000006E+00    8.831144E-06 
    58   -4.418976E-01    1.000006E+00    1.000009E+00    2.113200E-06 
    59   -4.408970E-01    1.000008E+00    1.000011E+00    1.037588E-05 
    60   -4.398959E-01    1.000008E+00    1.000011E+00    1.940517E-05 
    61   -4.388947E-01    1.000007E+00    1.000010E+00    2.164051E-05 
    62   -4.378934E-01    1.000007E+00    1.000009E+00    1.908401E-05 
    63   -4.368923E-01    1.000007E+00    1.000010E+00    1.212787E-05 
    64   -4.358916E-01    1.000008E+00    1.000011E+00    7.397597E-06 
    65   -4.348908E-01    1.000009E+00    1.000013E+00    1.181951E-05 
    66   -4.338899E-01    1.000009E+00    1.000013E+00    1.803863E-05 
    67   -4.328887E-01    1.000009E+00    1.000013E+00    2.035581E-05 
    68   -4.318876E-01    1.000009E+00    1.000012E+00    1.937290E-05 
    69   -4.308865E-01    1.000009E+00    1.000012E+00    1.511363E-05 
    70   -4.298856E-01    1.000009E+00    1.000013E+00    1.170715E-05 
    71   -4.288848E-01    1.000010E+00    1.000014E+00    1.383274E-05 
    72   -4.278839E-01    1.000010E+00    1.000014E+00    1.753110E-05 
    73   -4.268828E-01    1.000010E+00    1.000014E+00    1.867151E-05 
    74   -4.258817E-01    1.000010E+00    1.000014E+00    1.829549E-05 
    75   -4.248806E-01    1.000010E+00    1.000014E+00    1.542941E-05 
    76   -4.238797E-01    1.000010E+00    1.000014E+00    1.281632E-05 
    77   -4.228788E-01    1.000011E+00    1.000015E+00    1.395279E-05 
    78   -4.218779E-01    1.000011E+00    1.000016E+00    1.798435E-05 
    79   -4.208768E-01    1.000011E+00    1.000016E+00    1.972981E-05 
    80   -4.198758E-01    1.000012E+00    1.000016E+00    2.006810E-05 
    81   -4.188747E-01    1.000012E+00    1.000017E+00    1.821611E-05 
    82   -4.178737E-01    1.000013E+00    1.000018E+00    1.650327E-05 
    83   -4.168728E-01    1.000013E+00    1.000019E+00    1.728348E-05 
    84   -4.158719E-01    1.000014E+00    1.000019E+00    1.971699E-05 
    85   -4.148709E-01    1.000014E+00    1.000019E+00    2.092894E-05 
    86   -4.138699E-01    1.000014E+00    1.000019E+00    2.187315E-05 
    87   -4.128688E-01    1.000014E+00    1.000019E+00    2.100909E-05 
    88   -4.118678E-01    1.000014E+00    1.000019E+00    1.976954E-05 
    89   -4.108669E-01    1.000014E+00    1.000019E+00    1.920769E-05 
    90   -4.098659E-01    1.000014E+00    1.000019E+00    1.958456E-05 
    91   -4.088650E-01    1.000014E+00    1.000019E+00    1.970846E-05 
    92   -4.078639E-01    1.000014E+00    1.000019E+00    1.939198E-05 
    93   -4.068629E-01    1.000014E+00    1.000019E+00    1.840423E-05 
    94   -4.058619E-01    1.000014E+00    1.000019E+00    1.718535E-05 
    95   -4.048610E-01    1.000014E+00    1.000020E+00    1.700024E-05 
    96   -4.038600E-01    1.000015E+00    1.000021E+00    1.967519E-05 
    97   -4.028590E-01    1.000015E+00    1.000021E+00    2.291977E-05 
    98   -4.018580E-01    1.000016E+00    1.000022E+00    2.458876E-05 
    99   -4.008570E-01    1.000016E+00    1.000023E+00    2.428369E-05 
   100   -3.998560E-01    1.000017E+00    1.000024E+00    2.359264E-05 
   101   -3.988550E-01    1.000018E+00    1.000025E+00    2.349858E-05 
   102   -3.978541E-01    1.000019E+00    1.000026E+00    2.435826E-05 
   103   -3.968531E-01    1.000019E+00    1.000027E+00    2.535271E-05 
   104   -3.958521E-01    1.000019E+00    1.000027E+00    2.592607E-05 
   105   -3.948511E-01    1.000019E+00    1.000027E+00    2.588037E-05 
   106   -3.938501E-01    1.000019E+00    1.000027E+00    2.528817E-05 
   107   -3.928492E-01    1.000019E+00    1.000027E+00    2.461146E-05 
   108   -3.918482E-01    1.000019E+00    1.000027E+00    2.471006E-05 
   109   -3.908472E-01    1.000019E+00    1.000027E+00    2.684827E-05 
   110   -3.898462E-01    1.000020E+00    1.000028E+00    2.747503E-05 
   111   -3.888452E-01    1.000020E+00    1.000028E+00    2.697400E-05 
   112   -3.878443E-01    1.000021E+00    1.000029E+00    2.646037E-05 
   113   -3.868433E-01    1.000022E+00    1.000030E+00    2.657459E-05 
   114   -3.858423E-01    1.000022E+00    1.000031E+00    2.806305E-05 
   115   -3.848413E-01    1.000023E+00    1.000032E+00    3.011328E-05 
   116   -3.838404E-01    1.000023E+00    1.000032E+00    3.127210E-05 
   117   -3.828394E-01    1.000023E+00    1.000032E+00    3.150796E-05 
   118   -3.818384E-01    1.000023E+00    1.000032E+00    3.124147E-05 
   119   -3.808374E-01    1.000023E+00    1.000032E+00    3.086128E-05 
   120   -3.798364E-01    1.000022E+00    1.000031E+00    3.053902E-05 
   121   -3.788355E-01    1.000022E+00    1.000030E+00    3.018960E-05 
   122   -3.778345E-01    1.000020E+00    1.000029E+00    2.963043E-05 
   123   -3.768335E-01    1.000019E+00    1.000026E+00    2.863916E-05 
   124   -3.758325E-01    1.000017E+00    1.000024E+00    2.708015E-05 
   125   -3.748315E-01    1.000014E+00    1.000020E+00    2.497427E-05 
   126   -3.738305E-01    1.000011E+00    1.000016E+00    2.240265E-05 
   127   -3.728296E-01    1.000008E+00    1.000011E+00    1.933261E-05 
   128   -3.718286E-01    1.000004E+00    1.000005E+00    1.565274E-05 
   129   -3.708276E-01    9.999987E-01    9.999981E-01    1.119652E-05 
   130   -3.698266E-01    9.999929E-01    9.999901E-01    5.777179E-06 
   131   -3.688256E-01    9.999863E-01    9.999808E-01   -6.146058E-07 
   132   -3.678245E-01    9.999788E-01    9.999704E-01   -7.943452E-06 
   133   -3.668235E-01    9.999704E-01    9.999585E-01   -1.630871E-05 
   134   -3.658225E-01    9.999609E-01    9.999453E-01   -2.571021E-05 
   135   -3.648215E-01    9.999503E-01    9.999304E-01   -3.634752E-05 
   136   -3.638204E-01    9.999386E-01    9.999140E-01   -4.842855E-05 
   137   -3.628193E-01    9.999257E-01    9.998959E-01   -6.169245E-05 
   138   -3.618183E-01    9.999115E-01    9.998761E-01   -7.638362E-05 
   139   -3.608172E-01    9.998961E-01    9.998545E-01   -9.273710E-05 
   140   -3.598161E-01    9.998794E-01    9.998311E-01   -1.103301E-04 
   141   -3.588149E-01    9.998614E-01    9.998059E-01   -1.299167E-04 
   142   -3.578138E-01    9.998424E-01    9.997793E-01   -1.515361E-04 
   143   -3.568126E-01    9.998228E-01    9.997520E-01   -1.742286E-04 
   144   -3.558114E-01    9.998036E-01    9.997250E-01   -2.000135E-04 
   145   -3.548102E-01    9.997859E-01    9.997003E-01   -2.280228E-04 
   146   -3.538090E-01    9.997718E-01    9.996806E-01   -2.559217E-04 
   147   -3.528078E-01    9.997637E-01    9.996692E-01   -2.889927E-04 
   148   -3.518065E-01    9.997643E-01    9.996700E-01   -3.215162E-04 
   149   -3.508052E-01    9.997763E-01    9.996868E-01   -3.331886E-04 
   150   -3.498039E-01    9.998020E-01    9.997228E-01   -3.120208E-04 
   151   -3.488026E-01    9.998428E-01    9.997799E-01   -2.618062E-04 
   152   -3.478014E-01    9.998990E-01    9.998585E-01   -1.884957E-04 
   153   -3.468003E-01    9.999699E-01    9.999578E-01   -9.393265E-05 
   154   -3.457992E-01    1.000054E+00    1.000075E+00    1.883781E-05 
   155   -3.447983E-01    1.000148E+00    1.000207E+00    1.455682E-04 
   156   -3.437975E-01    1.000249E+00    1.000349E+00    2.814419E-04 
   157   -3.427968E-01    1.000355E+00    1.000497E+00    4.216643E-04 
   158   -3.417962E-01    1.000462E+00    1.000647E+00    5.617444E-04 
   159   -3.407957E-01    1.000567E+00    1.000793E+00    6.976712E-04 
   160   -3.397954E-01    1.000667E+00    1.000933E+00    8.259618E-04 
   161   -3.387951E-01    1.000760E+00    1.001064E+00    9.437173E-04 
   162   -3.377950E-01    1.000844E+00    1.001182E+00    1.048716E-03 
   163   -3.367949E-01    1.000918E+00    1.001286E+00    1.139447E-03 
   164   -3.357949E-01    1.000982E+00    1.001376E+00    1.215222E-03 
   165   -3.347949E-01    1.001035E+00    1.001450E+00    1.276067E-03 
   166   -3.337950E-01    1.001078E+00    1.001509E+00    1.322647E-03 
   167   -3.327952E-01    1.001111E+00    1.001555E+00    1.356057E-03 
   168   -3.317953E-01    1.001134E+00    1.001588E+00    1.377653E-03 
   169   -3.307955E-01    1.001150E+00    1.001611E+00    1.389672E-03 
   170   -3.297957E-01    1.001159E+00    1.001624E+00    1.395180E-03 
   171   -3.287959E-01    1.001163E+00    1.001629E+00    1.396392E-03 
   172   -3.277960E-01    1.001163E+00    1.001628E+00    1.394779E-03 
   173   -3.267962E-01    1.001158E+00    1.001622E+00    1.390609E-03 
   174   -3.257964E-01    1.001151E+00    1.001612E+00    1.383879E-03 
   175   -3.247965E-01    1.001141E+00    1.001598E+00    1.374542E-03 
   176   -3.237967E-01    1.001129E+00    1.001581E+00    1.362624E-03 
   177   -3.227968E-01    1.001115E+00    1.001561E+00    1.348276E-03 
   178   -3.217969E-01    1.001099E+00    1.001539E+00    1.331613E-03 
   179   -3.207970E-01    1.001081E+00    1.001514E+00    1.312732E-03 
   180   -3.197971E-01    1.001062E+00    1.001487E+00    1.291729E-03 
   181   -3.187971E-01    1.001041E+00    1.001457E+00    1.268715E-03 
   182   -3.177972E-01    1.001018E+00    1.001426E+00    1.243811E-03 
   183   -3.167972E-01    1.000995E+00    1.001393E+00    1.217148E-03 
   184   -3.157972E-01    1.000970E+00    1.001358E+00    1.188863E-03 
   185   -3.147971E-01    1.000944E+00    1.001321E+00    1.159100E-03 
   186   -3.137971E-01    1.000917E+00    1.001284E+00    1.128008E-03 
   187   -3.127970E-01    1.000889E+00    1.001245E+00    1.095738E-03 
   188   -3.117968E-01    1.000860E+00    1.001205E+00    1.062446E-03 
   189   -3.107967E-01    1.000831E+00    1.001164E+00    1.028287E-03 
   190   -3.097965E-01    1.000802E+00    1.001122E+00    9.934150E-04 
   191   -3.087963E-01    1.000772E+00    1.001081E+00    9.579850E-04 
   192   -3.077961E-01    1.000742E+00    1.001038E+00    9.221477E-04 
   193   -3.067958E-01    1.000711E+00    1.000996E+00    8.860507E-04 
   194   -3.057955E-01    1.000681E+00    1.000954E+00    8.498369E-04 
   195   -3.047951E-01    1.000651E+00    1.000912E+00    8.136435E-04 
   196   -3.037948E-01    1.000621E+00    1.000870E+00    7.776015E-04 
   197   -3.027944E-01    1.000592E+00    1.000829E+00    7.418348E-04 
   198   -3.017940E-01    1.000563E+00    1.000788E+00    7.064600E-04 
   199   -3.007935E-01    1.000534E+00    1.000748E+00    6.715851E-04 
   200   -2.997930E-01    1.000506E+00    1.000709E+00    6.373101E-04 
   201   -2.987925E-01    1.000479E+00    1.000671E+00    6.037259E-04 
   202   -2.977920E-01    1.000452E+00    1.000634E+00    5.709148E-04 
   203   -2.967914E-01    1.000427E+00    1.000597E+00    5.389499E-04 
   204   -2.957908E-01    1.000402E+00    1.000562E+00    5.078953E-04 
   205   -2.947902E-01    1.000377E+00    1.000528E+00    4.778063E-04 
   206   -2.937896E-01    1.000354E+00    1.000495E+00    4.487295E-04 
   207   -2.927889E-01    1.000331E+00    1.000464E+00    4.207030E-04 
   208   -2.917882E-01    1.000310E+00    1.000434E+00    3.937567E-04 
   209   -2.907875E-01    1.000289E+00    1.000405E+00    3.679126E-04 
   210   -2.897868E-01    1.000269E+00    1.000377E+00    3.431854E-04 
   211   -2.887860E-01    1.000251E+00    1.000351E+00    3.195827E-04 
   212   -2.877853E-01    1.000233E+00    1.000326E+00    2.971057E-04 
   213   -2.867845E-01    1.000216E+00    1.000302E+00    2.757493E-04 
   214   -2.857837E-01    1.000200E+00    1.000280E+00    2.555031E-04 
   215   -2.847829E-01    1.000185E+00    1.000259E+00    2.363516E-04 
   216   -2.837821E-01    1.000170E+00    1.000239E+00    2.182747E-04 
   217   -2.827812E-01    1.000157E+00    1.000220E+00    2.012485E-04 
   218   -2.817804E-01    1.000144E+00    1.000202E+00    1.852454E-04 
   219   -2.807795E-01    1.000133E+00    1.000186E+00    1.702347E-04 
   220   -2.797786E-01    1.000122E+00    1.000170E+00    1.561833E-04 
   221   -2.787777E-01    1.000111E+00    1.000156E+00    1.430559E-04 
   222   -2.777768E-01    1.000102E+00    1.000143E+00    1.308156E-04 
   223   -2.767759E-01    1.000093E+00    1.000130E+00    1.194240E-04 
   224   -2.757750E-01    1.000085E+00    1.000119E+00    1.088420E-04 
   225   -2.747741E-01    1.000077E+00    1.000108E+00    9.902967E-05 
   226   -2.737732E-01    1.000070E+00    1.000098E+00    8.994700E-05 
   227   -2.727722E-01    1.000064E+00    1.000089E+00    8.155384E-05 
   228   -2.717713E-01    1.000058E+00    1.000081E+00    7.381029E-05 
   229   -2.707703E-01    1.000052E+00    1.000073E+00    6.667692E-05 
   230   -2.697694E-01    1.000047E+00    1.000066E+00    6.011493E-05 
   231   -2.687684E-01    1.000043E+00    1.000060E+00    5.408634E-05 
   232   -2.677675E-01    1.000039E+00    1.000054E+00    4.855408E-05 
   233   -2.667665E-01    1.000035E+00    1.000049E+00    4.348214E-05 
   234   -2.657655E-01    1.000031E+00    1.000044E+00    3.883562E-05 
   235   -2.647646E-01    1.000028E+00    1.000040E+00    3.458084E-05 
   236   -2.637636E-01    1.000025E+00    1.000036E+00    3.068533E-05 
   237   -2.627626E-01    1.000023E+00    1.000032E+00    2.711786E-05 
   238   -2.617616E-01    1.000021E+00    1.000029E+00    2.384850E-05 
   239   -2.607606E-01    1.000019E+00    1.000026E+00    2.084854E-05 
   240   -2.597597E-01    1.000017E+00    1.000024E+00    1.809053E-05 
   241   -2.587587E-01    1.000016E+00    1.000022E+00    1.554821E-05 
   242   -2.577577E-01    1.000014E+00    1.000020E+00    1.319646E-05 
   243   -2.567567E-01    1.000013E+00    1.000018E+00    1.101130E-05 
   244   -2.557557E-01    1.000012E+00    1.000017E+00    8.969792E-06 
   245   -2.547547E-01    1.000011E+00    1.000016E+00    7.050006E-06 
   246   -2.537537E-01    1.000011E+00    1.000015E+00    5.230943E-06 
   247   -2.527527E-01    1.000010E+00    1.000015E+00    3.492484E-06 
   248   -2.517517E-01    1.000010E+00    1.000014E+00    1.815329E-06 
   249   -2.507508E-01    1.000010E+00    1.000014E+00    1.809368E-07 
   250   -2.497498E-01    1.000010E+00    1.000014E+00   -1.428524E-06 
   251   -2.487488E-01    1.000010E+00    1.000014E+00   -3.030227E-06 
   252   -2.477478E-01    1.000010E+00    1.000015E+00   -4.640728E-06 
   253   -2.467468E-01    1.000011E+00    1.000015E+00   -6.275996E-06 
   254   -2.457458E-01    1.000011E+00    1.000016E+00   -7.951441E-06 
   255   -2.447448E-01    1.000012E+00    1.000017E+00   -9.681928E-06 
   256   -2.437438E-01    1.000013E+00    1.000018E+00   -1.148177E-05 
   257   -2.427428E-01    1.000014E+00    1.000019E+00   -1.336475E-05 
   258   -2.417418E-01    1.000015E+00    1.000021E+00   -1.534403E-05 
   259   -2.407409E-01    1.000016E+00    1.000022E+00   -1.743220E-05 
   260   -2.397399E-01    1.000017E+00    1.000024E+00   -1.964115E-05 
   261   -2.387389E-01    1.000019E+00    1.000026E+00   -2.198208E-05 
   262   -2.377379E-01    1.000021E+00    1.000029E+00   -2.446532E-05 
   263   -2.367369E-01    1.000022E+00    1.000031E+00   -2.710033E-05 
   264   -2.357359E-01    1.000024E+00    1.000034E+00   -2.989552E-05 
   265   -2.347350E-01    1.000027E+00    1.000037E+00   -3.285816E-05 
   266   -2.337340E-01    1.000029E+00    1.000040E+00   -3.599420E-05 
   267   -2.327330E-01    1.000031E+00    1.000044E+00   -3.930817E-05 
   268   -2.317321E-01    1.000034E+00    1.000048E+00   -4.280293E-05 
   269   -2.307311E-01    1.000037E+00    1.000051E+00   -4.647958E-05 
   270   -2.297301E-01    1.000040E+00    1.000056E+00   -5.033721E-05 
   271   -2.287292E-01    1.000043E+00    1.000060E+00   -5.437273E-05 
   272   -2.277282E-01    1.000046E+00    1.000065E+00   -5.858065E-05 
   273   -2.267273E-01    1.000050E+00    1.000069E+00   -6.295292E-05 
   274   -2.257263E-01    1.000053E+00    1.000074E+00   -6.747870E-05 
   275   -2.247254E-01    1.000057E+00    1.000080E+00   -7.214416E-05 
   276   -2.237244E-01    1.000061E+00    1.000085E+00   -7.693235E-05 
   277   -2.227235E-01    1.000065E+00    1.000090E+00   -8.182299E-05 
   278   -2.217225E-01    1.000069E+00    1.000096E+00   -8.679233E-05 
   279   -2.207216E-01    1.000073E+00    1.000102E+00   -9.181306E-05 
   280   -2.197207E-01    1.000077E+00    1.000107E+00   -9.685418E-05 
   281   -2.187198E-01    1.000081E+00    1.000113E+00   -1.018810E-04 
   282   -2.177188E-01    1.000085E+00    1.000119E+00   -1.068550E-04 
   283   -2.167179E-01    1.000089E+00    1.000125E+00   -1.117338E-04 
   284   -2.157170E-01    1.000093E+00    1.000130E+00   -1.164711E-04 
   285   -2.147161E-01    1.000097E+00    1.000136E+00   -1.210172E-04 
   286   -2.137152E-01    1.000101E+00    1.000141E+00   -1.253193E-04 
   287   -2.127143E-01    1.000104E+00    1.000146E+00   -1.293213E-04 
   288   -2.117134E-01    1.000107E+00    1.000150E+00   -1.329611E-04 
   289   -2.107125E-01    1.000110E+00    1.000154E+00   -1.361612E-04 
   290   -2.097116E-01    1.000112E+00    1.000157E+00   -1.388291E-04 
   291   -2.087108E-01    1.000114E+00    1.000160E+00   -1.408869E-04 
   292   -2.077099E-01    1.000115E+00    1.000161E+00   -1.422532E-04 
   293   -2.067090E-01    1.000114E+00    1.000160E+00   -1.428747E-04 
   294   -2.057081E-01    1.000111E+00    1.000156E+00   -1.424891E-04 
   295   -2.047072E-01    1.000106E+00    1.000149E+00   -1.404795E-04 
   296   -2.037063E-01    1.000097E+00    1.000136E+00   -1.357344E-04 
   297   -2.027055E-01    1.000083E+00    1.000117E+00   -1.264977E-04 
   298   -2.017046E-01    1.000063E+00    1.000088E+00   -1.108322E-04 
   299   -2.007036E-01    1.000034E+00    1.000047E+00   -8.673189E-05 
   300   -1.997027E-01    9.999937E-01    9.999912E-01   -5.162460E-05 
   301   -1.987017E-01    9.999399E-01    9.999158E-01   -2.436947E-06 
   302   -1.977007E-01    9.998688E-01    9.998164E-01    6.457345E-05 
   303   -1.966996E-01    9.997768E-01    9.996875E-01    1.537320E-04 
   304   -1.956985E-01    9.996593E-01    9.995230E-01    2.701701E-04 
   305   -1.946972E-01    9.995113E-01    9.993157E-01    4.197676E-04 
   306   -1.936958E-01    9.993269E-01    9.990576E-01    6.093038E-04 
   307   -1.926942E-01    9.990997E-01    9.987395E-01    8.464405E-04 
   308   -1.916923E-01    9.988225E-01    9.983516E-01    1.139758E-03 
   309   -1.906902E-01    9.984877E-01    9.978829E-01    1.498759E-03 
   310   -1.896878E-01    9.980868E-01    9.973218E-01    1.933798E-03 
   311   -1.886850E-01    9.976109E-01    9.966558E-01    2.456069E-03 
   312   -1.876817E-01    9.970506E-01    9.958719E-01    3.077427E-03 
   313   -1.866778E-01    9.963963E-01    9.949566E-01    3.810343E-03 
   314   -1.856733E-01    9.956382E-01    9.938963E-01    4.667587E-03 
   315   -1.846680E-01    9.947666E-01    9.926776E-01    5.662137E-03 
   316   -1.836617E-01    9.937719E-01    9.912873E-01    6.806776E-03 
   317   -1.826545E-01    9.926451E-01    9.897130E-01    8.113910E-03 
   318   -1.816460E-01    9.913780E-01    9.879433E-01    9.595197E-03 
   319   -1.806362E-01    9.899630E-01    9.859681E-01    1.126123E-02 
   320   -1.796250E-01    9.883941E-01    9.837791E-01    1.312129E-02 
   321   -1.786120E-01    9.866661E-01    9.813698E-01    1.518294E-02 
   322   -1.775972E-01    9.847760E-01    9.787362E-01    1.745188E-02 
   323   -1.765804E-01    9.827218E-01    9.758761E-01    1.993163E-02 
   324   -1.755613E-01    9.805036E-01    9.727905E-01    2.262339E-02 
   325   -1.745399E-01    9.781234E-01    9.694823E-01    2.552597E-02 
   326   -1.735158E-01    9.755847E-01    9.659573E-01    2.863568E-02 
   327   -1.724889E-01    9.728928E-01    9.622235E-01    3.194651E-02 
   328   -1.714591E-01    9.700546E-01    9.582912E-01    3.545026E-02 
   329   -1.704262E-01    9.670784E-01    9.541726E-01    3.913678E-02 
   330   -1.693899E-01    9.639736E-01    9.498815E-01    4.299425E-02 
   331   -1.683502E-01    9.607506E-01    9.454329E-01    4.700952E-02 
   332   -1.673069E-01    9.574205E-01    9.408425E-01    5.116838E-02 
   333   -1.662598E-01    9.539943E-01    9.361264E-01    5.545603E-02 
   334   -1.652088E-01    9.504832E-01    9.313005E-01    5.985744E-02 
   335   -1.641539E-01    9.468980E-01    9.263801E-01    6.435788E-02 
   336   -1.630949E-01    9.432487E-01    9.213794E-01    6.894353E-02 
   337   -1.620317E-01    9.395443E-01    9.163111E-01    7.360181E-02 
   338   -1.609642E-01    9.357922E-01    9.111856E-01    7.832209E-02 
   339   -1.598924E-01    9.319981E-01    9.060112E-01    8.309577E-02 
   340   -1.588162E-01    9.281655E-01    9.007926E-01    8.791694E-02 
   341   -1.577355E-01    9.242950E-01    8.955312E-01    9.278263E-02 
   342   -1.566503E-01    9.203848E-01    8.902247E-01    9.769322E-02 
   343   -1.555604E-01    9.164299E-01    8.848666E-01    1.026528E-01 
   344   -1.544658E-01    9.124228E-01    8.794469E-01    1.076695E-01 
   345   -1.533665E-01    9.083537E-01    8.739530E-01    1.127653E-01 
   346   -1.522622E-01    9.042114E-01    8.683700E-01    1.179635E-01 
   347   -1.511528E-01    8.999840E-01    8.626827E-01    1.232884E-01 
   348   -1.500382E-01    8.956602E-01    8.568763E-01    1.287640E-01 
   349   -1.489182E-01    8.912300E-01    8.509387E-01    1.344120E-01 
   350   -1.477925E-01    8.866863E-01    8.448611E-01    1.402493E-01 
   351   -1.466610E-01    8.820256E-01    8.386397E-01    1.462874E-01 
   352   -1.455234E-01    8.772485E-01    8.322766E-01    1.525320E-01 
   353   -1.443794E-01    8.723605E-01    8.257801E-01    1.589825E-01 
   354   -1.432290E-01    8.673715E-01    8.191645E-01    1.656221E-01 
   355   -1.420717E-01    8.622954E-01    8.124490E-01    1.724292E-01 
   356   -1.409074E-01    8.571489E-01    8.056567E-01    1.793793E-01 
   357   -1.397361E-01    8.519504E-01    7.988124E-01    1.864445E-01 
   358   -1.385574E-01    8.467183E-01    7.919409E-01    1.935947E-01 
   359   -1.373714E-01    8.414704E-01    7.850658E-01    2.007999E-01 
   360   -1.361778E-01    8.362221E-01    7.782075E-01    2.080333E-01 
   361   -1.349768E-01    8.309863E-01    7.713827E-01    2.152719E-01 
   362   -1.337681E-01    8.257722E-01    7.646035E-01    2.224989E-01 
   363   -1.325518E-01    8.205859E-01    7.578773E-01    2.297040E-01 
   364   -1.313278E-01    8.154297E-01    7.512072E-01    2.368841E-01 
   365   -1.300961E-01    8.103037E-01    7.445927E-01    2.440505E-01 
   366   -1.288566E-01    8.052062E-01    7.380314E-01    2.512282E-01 
   367   -1.276093E-01    8.001344E-01    7.315199E-01    2.584244E-01 
   368   -1.263541E-01    7.950859E-01    7.250547E-01    2.656325E-01 
   369   -1.250909E-01    7.900591E-01    7.186335E-01    2.728479E-01 
   370   -1.238196E-01    7.850536E-01    7.122560E-01    2.800639E-01 
   371   -1.225403E-01    7.800707E-01    7.059236E-01    2.872826E-01 
   372   -1.212527E-01    7.751139E-01    6.996404E-01    2.945171E-01 
   373   -1.199569E-01    7.701889E-01    6.934136E-01    3.017636E-01 
   374   -1.186528E-01    7.653035E-01    6.872527E-01    3.090029E-01 
   375   -1.173402E-01    7.604666E-01    6.811687E-01    3.162164E-01 
   376   -1.160193E-01    7.556875E-01    6.751726E-01    3.233827E-01 
   377   -1.146901E-01    7.509742E-01    6.692742E-01    3.304799E-01 
   378   -1.133525E-01    7.463331E-01    6.634807E-01    3.374883E-01 
   379   -1.120066E-01    7.417687E-01    6.577969E-01    3.443922E-01 
   380   -1.106525E-01    7.372827E-01    6.522246E-01    3.511825E-01 
   381   -1.092902E-01    7.328742E-01    6.467617E-01    3.578588E-01 
   382   -1.079197E-01    7.285383E-01    6.414016E-01    3.644286E-01 
   383   -1.065412E-01    7.242654E-01    6.361316E-01    3.709067E-01 
   384   -1.051546E-01    7.200390E-01    6.309313E-01    3.773144E-01 
   385   -1.037600E-01    7.158355E-01    6.257710E-01    3.836807E-01 
   386   -1.023574E-01    7.116236E-01    6.206122E-01    3.900420E-01 
   387   -1.009465E-01    7.073659E-01    6.154094E-01    3.964559E-01 
   388   -9.952721E-02    7.030220E-01    6.101137E-01    4.030052E-01 
   389   -9.809919E-02    6.985515E-01    6.046771E-01    4.097740E-01 
   390   -9.666197E-02    6.939191E-01    5.990579E-01    4.168474E-01 
   391   -9.521500E-02    6.890978E-01    5.932253E-01    4.243016E-01 
   392   -9.375767E-02    6.840723E-01    5.871631E-01    4.321931E-01 
   393   -9.228935E-02    6.788406E-01    5.808710E-01    4.405505E-01 
   394   -9.080935E-02    6.734144E-01    5.743656E-01    4.493576E-01 
   395   -8.931702E-02    6.678183E-01    5.676787E-01    4.585543E-01 
   396   -8.781177E-02    6.620882E-01    5.608553E-01    4.680654E-01 
   397   -8.629314E-02    6.562677E-01    5.539487E-01    4.778059E-01 
   398   -8.476073E-02    6.504043E-01    5.470165E-01    4.876867E-01 
   399   -8.321423E-02    6.445457E-01    5.401151E-01    4.976257E-01 
   400   -8.165350E-02    6.387349E-01    5.332952E-01    5.075519E-01 
   401   -8.007852E-02    6.330064E-01    5.265962E-01    5.174121E-01 
   402   -7.848932E-02    6.273821E-01    5.200429E-01    5.271624E-01 
   403   -7.688598E-02    6.218699E-01    5.136428E-01    5.367702E-01 
   404   -7.526861E-02    6.164634E-01    5.073876E-01    5.462176E-01 
   405   -7.363725E-02    6.111464E-01    5.012571E-01    5.555128E-01 
   406   -7.199189E-02    6.058984E-01    4.952269E-01    5.647202E-01 
   407   -7.033236E-02    6.007013E-01    4.892756E-01    5.739273E-01 
   408   -6.865848E-02    5.955431E-01    4.833893E-01    5.831589E-01 
   409   -6.697009E-02    5.904198E-01    4.775630E-01    5.924307E-01 
   410   -6.526701E-02    5.853342E-01    4.717997E-01    6.017441E-01 
   411   -6.354908E-02    5.802952E-01    4.661092E-01    6.111192E-01 
   412   -6.181615E-02    5.753200E-01    4.605102E-01    6.205058E-01 
   413   -6.006817E-02    5.704347E-01    4.550315E-01    6.298085E-01 
   414   -5.830514E-02    5.656750E-01    4.497120E-01    6.389250E-01 
   415   -5.652724E-02    5.610846E-01    4.445989E-01    6.477511E-01 
   416   -5.473483E-02    5.567133E-01    4.397455E-01    6.561920E-01 
   417   -5.292850E-02    5.526144E-01    4.352085E-01    6.641660E-01 
   418   -5.110898E-02    5.488437E-01    4.310465E-01    6.715863E-01 
   419   -4.927730E-02    5.454586E-01    4.273196E-01    6.783474E-01 
   420   -4.743471E-02    5.425202E-01    4.240914E-01    6.843083E-01 
   421   -4.558268E-02    5.400958E-01    4.214322E-01    6.892927E-01 
   422   -4.372297E-02    5.382570E-01    4.194166E-01    6.930890E-01 
   423   -4.185765E-02    5.370607E-01    4.181037E-01    6.955066E-01 
   424   -3.998924E-02    5.365114E-01    4.174966E-01    6.962421E-01 
   425   -3.812070E-02    5.365327E-01    4.175111E-01    6.952306E-01 
   426   -3.625399E-02    5.369792E-01    4.179887E-01    6.936903E-01 
   427   -3.439003E-02    5.376861E-01    4.187503E-01    6.920152E-01 
   428   -3.252925E-02    5.385204E-01    4.196512E-01    6.902787E-01 
   429   -3.067157E-02    5.394005E-01    4.206024E-01    6.885172E-01 
   430   -2.881700E-02    5.402850E-01    4.215589E-01    6.867519E-01 
   431   -2.696550E-02    5.411510E-01    4.224954E-01    6.850302E-01 
   432   -2.511706E-02    5.419793E-01    4.233910E-01    6.834138E-01 
   433   -2.327145E-02    5.427536E-01    4.242277E-01    6.819384E-01 
   434   -2.142836E-02    5.434629E-01    4.249934E-01    6.806176E-01 
   435   -1.958753E-02    5.441008E-01    4.256807E-01    6.794621E-01 
   436   -1.774884E-02    5.446617E-01    4.262836E-01    6.784795E-01 
   437   -1.591198E-02    5.451434E-01    4.267996E-01    6.776596E-01 
   438   -1.407646E-02    5.455492E-01    4.272320E-01    6.769759E-01 
   439   -1.224218E-02    5.458866E-01    4.275892E-01    6.764106E-01 
   440   -1.040893E-02    5.461647E-01    4.278809E-01    6.759520E-01 
   441   -8.576503E-03    5.463920E-01    4.281166E-01    6.755852E-01 
   442   -6.744712E-03    5.465779E-01    4.283065E-01    6.752905E-01 
   443   -4.913372E-03    5.467316E-01    4.284604E-01    6.750511E-01 
   444   -3.082613E-03    5.468599E-01    4.285860E-01    6.748561E-01 
   445   -1.252200E-03    5.469685E-01    4.286896E-01    6.746948E-01 
   446    5.780198E-04    5.470618E-01    4.287762E-01    6.745574E-01 
   447    2.407790E-03    5.471434E-01    4.288493E-01    6.744368E-01 
   448    4.237356E-03    5.472164E-01    4.289118E-01    6.743263E-01 
   449    6.066808E-03    5.472832E-01    4.289668E-01    6.742263E-01 
   450    7.895935E-03    5.473452E-01    4.290163E-01    6.741380E-01 
   451    9.724845E-03    5.474028E-01    4.290613E-01    6.740583E-01 
   452    1.155365E-02    5.474574E-01    4.291018E-01    6.739814E-01 
   453    1.338227E-02    5.475103E-01    4.291385E-01    6.739118E-01 
   454    1.521073E-02    5.475609E-01    4.291714E-01    6.738514E-01 
   455    1.703885E-02    5.476087E-01    4.292015E-01    6.737934E-01 
   456    1.886698E-02    5.476554E-01    4.292309E-01    6.737344E-01 
   457    2.069515E-02    5.477018E-01    4.292588E-01    6.736815E-01 
   458    2.252273E-02    5.477469E-01    4.292825E-01    6.736358E-01 
   459    2.435027E-02    5.477911E-01    4.293029E-01    6.735861E-01 
   460    2.617809E-02    5.478362E-01    4.293241E-01    6.735371E-01 
   461    2.800537E-02    5.478811E-01    4.293459E-01    6.734980E-01 
   462    2.983226E-02    5.479246E-01    4.293654E-01    6.734601E-01 
   463    3.165953E-02    5.479689E-01    4.293830E-01    6.734142E-01 
   464    3.348668E-02    5.480156E-01    4.294003E-01    6.733763E-01 
   465    3.531314E-02    5.480615E-01    4.294144E-01    6.733492E-01 
   466    3.713953E-02    5.481061E-01    4.294255E-01    6.733127E-01 
   467    3.896639E-02    5.481537E-01    4.294394E-01    6.732704E-01 
   468    4.079281E-02    5.482030E-01    4.294561E-01    6.732466E-01 
   469    4.261833E-02    5.482504E-01    4.294690E-01    6.732284E-01 
   470    4.444438E-02    5.482998E-01    4.294769E-01    6.731868E-01 
   471    4.627089E-02    5.483558E-01    4.294839E-01    6.731518E-01 
   472    4.809613E-02    5.484117E-01    4.294889E-01    6.731451E-01 
   473    4.992076E-02    5.484631E-01    4.294951E-01    6.731275E-01 
   474    5.174680E-02    5.485204E-01    4.295122E-01    6.730772E-01 
   475    5.357236E-02    5.485881E-01    4.295304E-01    6.730491E-01 
   476    5.539621E-02    5.486546E-01    4.295253E-01    6.730734E-01 
   477    5.722062E-02    5.487179E-01    4.295041E-01    6.730370E-01 
   478    5.904583E-02    5.487939E-01    4.295132E-01    6.729680E-01 
   479    6.087010E-02    5.488755E-01    4.295429E-01    6.729735E-01 
   480    6.269328E-02    5.489497E-01    4.295452E-01    6.730534E-01 
   481    6.451614E-02    5.490342E-01    4.295248E-01    6.729122E-01 
   482    6.634005E-02    5.491460E-01    4.295274E-01    6.728596E-01 
   483    6.816691E-02    5.492537E-01    4.295268E-01    6.730469E-01 
   484    6.998275E-02    5.493531E-01    4.295082E-01    6.729284E-01 
   485    7.180338E-02    5.494964E-01    4.295293E-01    6.727388E-01 
   486    7.363993E-02    5.496665E-01    4.295883E-01    6.729774E-01 
   487    7.544987E-02    5.498704E-01    4.296564E-01    6.730537E-01 
   488    7.725471E-02    5.501746E-01    4.297093E-01    6.725168E-01 
   489    7.910888E-02    5.506197E-01    4.297014E-01    6.729951E-01 
   490    8.092372E-02    5.510665E-01    4.294329E-01    6.731317E-01 
   491    8.267502E-02    5.513504E-01    4.287513E-01    6.722550E-01 
   492    8.457204E-02    5.512581E-01    4.276905E-01    6.731730E-01 
   493    8.639333E-02    5.498292E-01    4.255997E-01    6.729625E-01 
   494    8.806153E-02    5.466846E-01    4.231571E-01    6.722105E-01 
   495    9.005950E-02    5.401884E-01    4.221753E-01    6.733974E-01 
   496    9.188578E-02    5.317506E-01    4.252731E-01    6.722528E-01 
   497    9.362175E-02    5.221020E-01    4.305709E-01    6.730628E-01 
   498    9.581019E-02    5.098977E-01    4.357479E-01    6.727261E-01 
   499    9.829818E-02    4.950521E-01    4.483699E-01    6.745144E-01 
   500    9.680057E-02    5.038306E-01    3.507989E-01    6.696155E-01 
   501    9.877530E-02    4.920204E-01    3.724200E-01    6.684711E-01 
   502    1.000364E-01    4.839521E-01    3.948128E-01    6.718589E-01 
   503    1.007156E-01    4.796033E-01    4.162224E-01    6.730636E-01 
   504    1.009366E-01    4.782627E-01    4.336769E-01    6.723917E-01 
   505    1.014119E-01    4.755543E-01    4.425935E-01    6.706215E-01 
   506    1.023718E-01    4.705798E-01    4.437420E-01    6.722496E-01 
   507    1.029506E-01    4.678443E-01    4.431464E-01    6.747745E-01 
   508    1.031650E-01    4.668947E-01    4.421697E-01    6.748293E-01 
   509    1.033534E-01    4.661040E-01    4.407829E-01    6.733817E-01 
   510    1.039371E-01    4.639623E-01    4.382361E-01    6.712202E-01 
   511    1.046491E-01    4.618327E-01    4.358101E-01    6.721160E-01 
   512    1.053083E-01    4.602619E-01    4.339369E-01    6.721874E-01 
   513    1.059645E-01    4.590764E-01    4.324655E-01    6.719672E-01 
   514    1.065155E-01    4.583412E-01    4.314018E-01    6.716851E-01 
   515    1.071282E-01    4.577315E-01    4.304493E-01    6.736200E-01 
   516    1.076176E-01    4.573572E-01    4.297412E-01    6.737806E-01 
   517    1.080451E-01    4.571175E-01    4.292420E-01    6.731972E-01 
   518    1.085091E-01    4.569554E-01    4.288563E-01    6.725886E-01 
   519    1.090494E-01    4.568440E-01    4.285454E-01    6.725304E-01 
   520    1.096133E-01    4.567962E-01    4.283182E-01    6.723369E-01 
   521    1.102058E-01    4.568074E-01    4.281845E-01    6.721181E-01 
   522    1.108526E-01    4.568586E-01    4.281081E-01    6.724104E-01 
   523    1.114471E-01    4.569118E-01    4.280442E-01    6.729100E-01 
   524    1.119648E-01    4.569605E-01    4.279758E-01    6.730869E-01 
   525    1.124615E-01    4.570124E-01    4.279189E-01    6.729236E-01 
   526    1.129916E-01    4.570827E-01    4.278833E-01    6.724798E-01 
   527    1.135347E-01    4.571633E-01    4.278611E-01    6.725034E-01 
   528    1.140589E-01    4.572406E-01    4.278324E-01    6.725658E-01 
   529    1.145919E-01    4.573193E-01    4.278114E-01    6.724932E-01 
   530    1.151519E-01    4.574015E-01    4.278025E-01    6.725541E-01 
   531    1.157283E-01    4.574801E-01    4.278008E-01    6.728586E-01 
   532    1.162944E-01    4.575464E-01    4.277955E-01    6.730053E-01 
   533    1.168428E-01    4.576062E-01    4.277909E-01    6.728109E-01 
   534    1.173825E-01    4.576727E-01    4.278001E-01    6.724755E-01 
   535    1.179318E-01    4.577453E-01    4.278176E-01    6.723888E-01 
   536    1.184826E-01    4.578137E-01    4.278289E-01    6.725185E-01 
   537    1.190185E-01    4.578749E-01    4.278319E-01    6.725530E-01 
   538    1.195498E-01    4.579322E-01    4.278296E-01    6.725932E-01 
   539    1.200866E-01    4.579859E-01    4.278268E-01    6.726992E-01 
   540    1.206290E-01    4.580347E-01    4.278194E-01    6.727639E-01 
   541    1.211781E-01    4.580809E-01    4.278172E-01    6.727332E-01 
   542    1.217351E-01    4.581274E-01    4.278168E-01    6.726420E-01 
   543    1.222953E-01    4.581749E-01    4.278272E-01    6.725592E-01 
   544    1.228508E-01    4.582215E-01    4.278344E-01    6.725399E-01 
   545    1.233999E-01    4.582649E-01    4.278451E-01    6.725768E-01 
   546    1.239426E-01    4.583044E-01    4.278455E-01    6.726012E-01 
   547    1.244801E-01    4.583410E-01    4.278490E-01    6.725994E-01 
   548    1.250149E-01    4.583756E-01    4.278442E-01    6.725831E-01 
   549    1.255514E-01    4.584094E-01    4.278454E-01    6.725560E-01 
   550    1.260935E-01    4.584430E-01    4.278424E-01    6.725390E-01 
   551    1.266436E-01    4.584756E-01    4.278452E-01    6.725584E-01 
   552    1.271988E-01    4.585059E-01    4.278441E-01    6.726194E-01 
   553    1.277531E-01    4.585332E-01    4.278443E-01    6.726501E-01 
   554    1.283032E-01    4.585584E-01    4.278427E-01    6.726401E-01 
   555    1.288500E-01    4.585824E-01    4.278414E-01    6.726124E-01 
   556    1.293937E-01    4.586062E-01    4.278422E-01    6.725762E-01 
   557    1.299351E-01    4.586302E-01    4.278411E-01    6.725317E-01 
   558    1.304752E-01    4.586547E-01    4.278456E-01    6.724920E-01 
   559    1.310162E-01    4.586792E-01    4.278448E-01    6.724774E-01 
   560    1.315601E-01    4.587025E-01    4.278498E-01    6.725058E-01 
   561    1.321067E-01    4.587236E-01    4.278460E-01    6.725614E-01 
   562    1.326555E-01    4.587422E-01    4.278476E-01    6.725993E-01 
   563    1.332041E-01    4.587588E-01    4.278411E-01    6.726057E-01 
   564    1.337524E-01    4.587744E-01    4.278413E-01    6.725903E-01 
   565    1.342994E-01    4.587897E-01    4.278362E-01    6.725663E-01 
   566    1.348454E-01    4.588050E-01    4.278373E-01    6.725405E-01 
   567    1.353896E-01    4.588206E-01    4.278351E-01    6.725159E-01 
   568    1.359329E-01    4.588364E-01    4.278366E-01    6.724945E-01 
   569    1.364758E-01    4.588519E-01    4.278367E-01    6.724835E-01 
   570    1.370191E-01    4.588666E-01    4.278365E-01    6.724875E-01 
   571    1.375638E-01    4.588803E-01    4.278371E-01    6.725030E-01 
   572    1.381096E-01    4.588927E-01    4.278338E-01    6.725205E-01 
   573    1.386564E-01    4.589041E-01    4.278344E-01    6.725292E-01 
   574    1.392035E-01    4.589145E-01    4.278291E-01    6.725285E-01 
   575    1.397505E-01    4.589243E-01    4.278301E-01    6.725215E-01 
   576    1.402964E-01    4.589337E-01    4.278243E-01    6.725106E-01 
   577    1.408419E-01    4.589431E-01    4.278260E-01    6.724960E-01 
   578    1.413862E-01    4.589525E-01    4.278212E-01    6.724811E-01 
   579    1.419303E-01    4.589621E-01    4.278237E-01    6.724659E-01 
   580    1.424742E-01    4.589719E-01    4.278208E-01    6.724547E-01 
   581    1.430186E-01    4.589813E-01    4.278227E-01    6.724526E-01 
   582    1.435636E-01    4.589900E-01    4.278206E-01    6.724602E-01 
   583    1.441093E-01    4.589979E-01    4.278202E-01    6.724713E-01 
   584    1.446553E-01    4.590049E-01    4.278185E-01    6.724795E-01 
   585    1.452013E-01    4.590112E-01    4.278156E-01    6.724812E-01 
   586    1.457473E-01    4.590169E-01    4.278149E-01    6.724768E-01 
   587    1.462926E-01    4.590225E-01    4.278104E-01    6.724684E-01 
   588    1.468378E-01    4.590280E-01    4.278113E-01    6.724577E-01 
   589    1.473824E-01    4.590336E-01    4.278065E-01    6.724477E-01 
   590    1.479271E-01    4.590392E-01    4.278089E-01    6.724391E-01 
   591    1.484716E-01    4.590448E-01    4.278043E-01    6.724336E-01 
   592    1.490165E-01    4.590501E-01    4.278067E-01    6.724315E-01 
   593    1.495615E-01    4.590550E-01    4.278021E-01    6.724320E-01 
   594    1.501070E-01    4.590593E-01    4.278032E-01    6.724328E-01 
   595    1.506524E-01    4.590630E-01    4.277988E-01    6.724332E-01 
   596    1.511979E-01    4.590663E-01    4.277979E-01    6.724314E-01 
   597    1.517434E-01    4.590691E-01    4.277944E-01    6.724276E-01 
   598    1.522885E-01    4.590718E-01    4.277920E-01    6.724223E-01 
   599    1.528337E-01    4.590742E-01    4.277901E-01    6.724152E-01 
   600    1.533785E-01    4.590767E-01    4.277863E-01    6.724079E-01 
   601    1.539234E-01    4.590790E-01    4.277861E-01    6.724009E-01 
   602    1.544682E-01    4.590812E-01    4.277811E-01    6.723948E-01 
   603    1.550133E-01    4.590832E-01    4.277820E-01    6.723903E-01 
   604    1.555582E-01    4.590850E-01    4.277760E-01    6.723868E-01 
   605    1.561036E-01    4.590864E-01    4.277769E-01    6.723833E-01 
   606    1.566488E-01    4.590875E-01    4.277705E-01    6.723800E-01 
   607    1.571941E-01    4.590883E-01    4.277706E-01    6.723753E-01 
   608    1.577393E-01    4.590888E-01    4.277646E-01    6.723700E-01 
   609    1.582844E-01    4.590892E-01    4.277635E-01    6.723637E-01 
   610    1.588296E-01    4.590894E-01    4.277586E-01    6.723565E-01 
   611    1.593745E-01    4.590895E-01    4.277563E-01    6.723496E-01 
   612    1.599195E-01    4.590895E-01    4.277530E-01    6.723425E-01 
   613    1.604644E-01    4.590894E-01    4.277492E-01    6.723360E-01 
   614    1.610096E-01    4.590891E-01    4.277473E-01    6.723302E-01 
   615    1.615546E-01    4.590886E-01    4.277418E-01    6.723247E-01 
   616    1.620998E-01    4.590878E-01    4.277409E-01    6.723193E-01 
   617    1.626449E-01    4.590867E-01    4.277339E-01    6.723138E-01 
   618    1.631902E-01    4.590854E-01    4.277332E-01    6.723073E-01 
   619    1.637353E-01    4.590839E-01    4.277255E-01    6.723008E-01 
   620    1.642804E-01    4.590821E-01    4.277244E-01    6.722931E-01 
   621    1.648255E-01    4.590802E-01    4.277168E-01    6.722850E-01 
   622    1.653705E-01    4.590780E-01    4.277147E-01    6.722768E-01 
   623    1.659156E-01    4.590756E-01    4.277077E-01    6.722678E-01 
   624    1.664606E-01    4.590731E-01    4.277043E-01    6.722588E-01 
   625    1.670058E-01    4.590703E-01    4.276984E-01    6.722492E-01 
   626    1.675509E-01    4.590675E-01    4.276933E-01    6.722392E-01 
   627    1.680961E-01    4.590645E-01    4.276889E-01    6.722289E-01 
   628    1.686412E-01    4.590616E-01    4.276824E-01    6.722179E-01 
   629    1.691865E-01    4.590586E-01    4.276797E-01    6.722064E-01 
   630    1.697315E-01    4.590559E-01    4.276723E-01    6.721950E-01 
   631    1.702768E-01    4.590533E-01    4.276711E-01    6.721827E-01 
   632    1.708218E-01    4.590511E-01    4.276639E-01    6.721713E-01 
   633    1.713670E-01    4.590491E-01    4.276640E-01    6.721597E-01 
   634    1.719121E-01    4.590476E-01    4.276580E-01    6.721494E-01 
   635    1.724573E-01    4.590464E-01    4.276587E-01    6.721423E-01 
   636    1.730024E-01    4.590455E-01    4.276543E-01    6.721380E-01 
   637    1.735476E-01    4.590447E-01    4.276548E-01    6.721384E-01 
   638    1.740928E-01    4.590438E-01    4.276518E-01    6.721418E-01 
   639    1.746380E-01    4.590426E-01    4.276506E-01    6.721476E-01 
   640    1.751832E-01    4.590408E-01    4.276479E-01    6.721554E-01 
   641    1.757283E-01    4.590379E-01    4.276432E-01    6.721625E-01 
   642    1.762735E-01    4.590336E-01    4.276390E-01    6.721689E-01 
   643    1.768185E-01    4.590273E-01    4.276285E-01    6.721732E-01 
   644    1.773638E-01    4.590186E-01    4.276198E-01    6.721732E-01 
   645    1.779088E-01    4.590071E-01    4.276017E-01    6.721700E-01 
   646    1.784540E-01    4.589925E-01    4.275859E-01    6.721613E-01 
   647    1.789991E-01    4.589744E-01    4.275590E-01    6.721443E-01 
   648    1.795443E-01    4.589530E-01    4.275344E-01    6.721164E-01 
   649    1.800895E-01    4.589283E-01    4.274993E-01    6.720750E-01 
   650    1.806346E-01    4.589009E-01    4.274662E-01    6.720192E-01 
   651    1.811800E-01    4.588714E-01    4.274260E-01    6.719471E-01 
   652    1.817253E-01    4.588410E-01    4.273880E-01    6.718586E-01 
   653    1.822706E-01    4.588109E-01    4.273483E-01    6.717553E-01 
   654    1.828160E-01    4.587825E-01    4.273117E-01    6.716379E-01 
   655    1.833616E-01    4.587575E-01    4.272804E-01    6.715079E-01 
   656    1.839071E-01    4.587375E-01    4.272532E-01    6.713706E-01 
   657    1.844529E-01    4.587239E-01    4.272382E-01    6.712339E-01 
   658    1.849985E-01    4.587180E-01    4.272282E-01    6.711211E-01 
   659    1.855445E-01    4.587206E-01    4.272352E-01    6.710503E-01 
   660    1.860902E-01    4.587319E-01    4.272471E-01    6.710442E-01 
   661    1.866361E-01    4.587516E-01    4.272767E-01    6.711116E-01 
   662    1.871818E-01    4.587785E-01    4.273090E-01    6.712436E-01 
   663    1.877275E-01    4.588107E-01    4.273546E-01    6.714248E-01 
   664    1.882731E-01    4.588456E-01    4.273981E-01    6.716348E-01 
   665    1.888184E-01    4.588798E-01    4.274454E-01    6.718549E-01 
   666    1.893637E-01    4.589093E-01    4.274831E-01    6.720736E-01 
   667    1.899089E-01    4.589296E-01    4.275110E-01    6.722730E-01 
   668    1.904539E-01    4.589357E-01    4.275198E-01    6.724450E-01 
   669    1.909987E-01    4.589227E-01    4.275028E-01    6.725790E-01 
   670    1.915437E-01    4.588860E-01    4.274572E-01    6.726676E-01 
   671    1.920883E-01    4.588212E-01    4.273712E-01    6.727015E-01 
   672    1.926333E-01    4.587249E-01    4.272491E-01    6.726729E-01 
   673    1.931780E-01    4.585952E-01    4.270775E-01    6.725726E-01 
   674    1.937231E-01    4.584316E-01    4.268681E-01    6.723850E-01 
   675    1.942682E-01    4.582357E-01    4.266099E-01    6.720868E-01 
   676    1.948136E-01    4.580114E-01    4.263214E-01    6.716536E-01 
   677    1.953593E-01    4.577652E-01    4.259980E-01    6.710746E-01 
   678    1.959054E-01    4.575061E-01    4.256635E-01    6.703381E-01 
   679    1.964521E-01    4.572453E-01    4.253223E-01    6.694591E-01 
   680    1.969994E-01    4.569960E-01    4.249998E-01    6.684427E-01 
   681    1.975474E-01    4.567727E-01    4.247091E-01    6.673046E-01 
   682    1.980960E-01    4.565901E-01    4.244721E-01    6.660792E-01 
   683    1.986454E-01    4.564618E-01    4.243068E-01    6.648463E-01 
   684    1.991954E-01    4.563994E-01    4.242249E-01    6.637772E-01 
   685    1.997462E-01    4.564106E-01    4.242427E-01    6.630870E-01 
   686    2.002969E-01    4.564983E-01    4.243551E-01    6.629398E-01 
   687    2.008479E-01    4.566587E-01    4.245681E-01    6.634663E-01 
   688    2.013982E-01    4.568807E-01    4.248549E-01    6.645850E-01 
   689    2.019478E-01    4.571455E-01    4.252041E-01    6.661646E-01 
   690    2.024962E-01    4.574258E-01    4.255668E-01    6.680339E-01 
   691    2.030436E-01    4.576873E-01    4.259113E-01    6.700071E-01 
   692    2.035895E-01    4.578885E-01    4.261713E-01    6.719752E-01 
   693    2.041344E-01    4.579819E-01    4.262949E-01    6.737844E-01 
   694    2.046781E-01    4.579150E-01    4.262048E-01    6.753477E-01 
   695    2.052209E-01    4.576315E-01    4.258327E-01    6.765521E-01 
   696    2.057631E-01    4.570727E-01    4.250976E-01    6.773738E-01 
   697    2.063050E-01    4.561782E-01    4.239195E-01    6.777262E-01 
   698    2.068470E-01    4.548879E-01    4.222223E-01    6.774739E-01 
   699    2.073895E-01    4.531446E-01    4.199245E-01    6.764890E-01 
   700    2.079332E-01    4.508924E-01    4.169612E-01    6.747150E-01 
   701    2.084786E-01    4.480801E-01    4.132555E-01    6.717657E-01 
   702    2.090268E-01    4.446602E-01    4.087614E-01    6.672488E-01 
   703    2.095787E-01    4.405938E-01    4.034181E-01    6.610648E-01 
   704    2.101358E-01    4.358427E-01    3.971966E-01    6.528912E-01 
   705    2.106993E-01    4.303833E-01    3.900655E-01    6.424114E-01 
   706    2.112709E-01    4.241966E-01    3.820230E-01    6.294802E-01 
   707    2.118523E-01    4.172761E-01    3.730686E-01    6.135884E-01 
   708    2.124456E-01    4.096241E-01    3.632361E-01    5.946685E-01 
   709    2.130527E-01    4.012625E-01    3.525700E-01    5.730111E-01 
   710    2.136757E-01    3.922288E-01    3.411516E-01    5.481017E-01 
   711    2.143166E-01    3.825904E-01    3.290953E-01    5.194466E-01 
   712    2.149777E-01    3.724311E-01    3.165306E-01    4.872629E-01 
   713    2.156613E-01    3.618575E-01    3.036242E-01    4.522959E-01 
   714    2.163692E-01    3.510154E-01    2.905740E-01    4.147869E-01 
   715    2.171029E-01    3.400743E-01    2.776082E-01    3.746279E-01 
   716    2.178634E-01    3.292276E-01    2.649556E-01    3.326091E-01 
   717    2.186520E-01    3.186664E-01    2.528445E-01    2.901657E-01 
   718    2.194684E-01    3.085977E-01    2.414911E-01    2.482729E-01 
   719    2.203122E-01    2.992029E-01    2.310782E-01    2.079553E-01 
   720    2.211818E-01    2.906382E-01    2.217384E-01    1.703104E-01 
   721    2.220754E-01    2.830114E-01    2.135521E-01    1.366286E-01 
   722    2.229904E-01    2.763849E-01    2.065384E-01    1.074401E-01 
   723    2.239238E-01    2.707619E-01    2.006607E-01    8.300512E-02 
   724    2.248726E-01    2.660985E-01    1.958367E-01    6.303777E-02 
   725    2.258340E-01    2.623132E-01    1.919539E-01    4.719310E-02 
   726    2.268053E-01    2.593012E-01    1.888853E-01    3.494673E-02 
   727    2.277844E-01    2.569485E-01    1.864996E-01    2.559803E-02 
   728    2.287693E-01    2.551395E-01    1.846716E-01    1.857216E-02 
   729    2.297586E-01    2.537681E-01    1.832891E-01    1.336981E-02 
   730    2.307512E-01    2.527415E-01    1.822557E-01    9.563232E-03 
   731    2.317462E-01    2.519813E-01    1.814912E-01    6.804474E-03 
   732    2.327429E-01    2.514235E-01    1.809306E-01    4.820550E-03 
   733    2.337409E-01    2.510175E-01    1.805226E-01    3.402747E-03 
   734    2.347397E-01    2.507241E-01    1.802277E-01    2.394657E-03 
   735    2.357392E-01    2.505133E-01    1.800159E-01    1.680964E-03 
   736    2.367392E-01    2.503626E-01    1.798644E-01    1.177508E-03 
   737    2.377394E-01    2.502554E-01    1.797567E-01    8.233952E-04 
   738    2.387399E-01    2.501795E-01    1.796804E-01    5.749243E-04 
   739    2.397406E-01    2.501259E-01    1.796265E-01    4.009296E-04 
   740    2.407413E-01    2.500881E-01    1.795885E-01    2.792930E-04 
   741    2.417421E-01    2.500616E-01    1.795619E-01    1.943802E-04 
   742    2.427430E-01    2.500430E-01    1.795432E-01    1.351753E-04 
   743    2.437439E-01    2.500299E-01    1.795301E-01    9.393750E-05 
   744    2.447449E-01    2.500209E-01    1.795210E-01    6.523954E-05 
   745    2.457458E-01    2.500145E-01    1.795146E-01    4.528348E-05 
   746    2.467468E-01    2.500101E-01    1.795101E-01    3.141565E-05 
   747    2.477478E-01    2.500070E-01    1.795070E-01    2.178434E-05 
   748    2.487488E-01    2.500049E-01    1.795049E-01    1.509885E-05 
   749    2.497498E-01    2.500034E-01    1.795034E-01    1.046038E-05 
   750    2.507508E-01    2.500023E-01    1.795024E-01    7.243538E-06 
   751    2.517518E-01    2.500016E-01    1.795016E-01    5.013479E-06 
   752    2.527528E-01    2.500011E-01    1.795011E-01    3.468027E-06 
   753    2.537538E-01    2.500008E-01    1.795008E-01    2.397306E-06 
   754    2.547548E-01    2.500005E-01    1.795005E-01    1.655615E-06 
   755    2.557558E-01    2.500004E-01    1.795004E-01    1.141837E-06 
   756    2.567568E-01    2.500003E-01    1.795003E-01    7.858192E-07 
   757    2.577578E-01    2.500002E-01    1.795002E-01    5.388967E-07 
   758    2.587588E-01    2.500001E-01    1.795001E-01    3.673084E-07 
   759    2.597598E-01    2.500001E-01    1.795001E-01    2.476238E-07 
   760    2.607608E-01    2.500001E-01    1.795001E-01    1.635660E-07 
   761    2.617618E-01    2.500000E-01    1.795000E-01    1.038056E-07 
   762    2.627628E-01    2.500000E-01    1.795000E-01    6.042841E-08 
   763    2.637638E-01    2.500000E-01    1.795000E-01    2.787011E-08 
   764    2.647648E-01    2.500000E-01    1.795000E-01    2.175048E-09 
   765    2.657658E-01    2.500000E-01    1.795000E-01   -1.952092E-08 
   766    2.667668E-01    2.500000E-01    1.795000E-01   -3.935274E-08 
   767    2.677678E-01    2.500000E-01    1.795000E-01   -5.898183E-08 
   768    2.687688E-01    2.500000E-01    1.795000E-01   -7.977862E-08 
   769    2.697698E-01    2.500000E-01    1.795000E-01   -1.029552E-07 
   770    2.707708E-01    2.500000E-01    1.795000E-01   -1.296646E-07 
   771    2.717718E-01    2.500000E-01    1.795000E-01   -1.610779E-07 
   772    2.727728E-01    2.500000E-01    1.795000E-01   -1.984475E-07 
   773    2.737738E-01    2.500001E-01    1.795001E-01   -2.431617E-07 
   774    2.747748E-01    2.500001E-01    1.795001E-01   -2.967958E-07 
   775    2.757758E-01    2.500001E-01    1.795001E-01   -3.611611E-07 
   776    2.767768E-01    2.500001E-01    1.795001E-01   -4.383562E-07 
   777    2.777778E-01    2.500001E-01    1.795001E-01   -5.308201E-07 
   778    2.787788E-01    2.500002E-01    1.795002E-01   -6.413903E-07 
   779    2.797798E-01    2.500002E-01    1.795002E-01   -7.733655E-07 
   780    2.807808E-01    2.500002E-01    1.795002E-01   -9.305760E-07 
   781    2.817818E-01    2.500003E-01    1.795003E-01   -1.117459E-06 
   782    2.827828E-01    2.500003E-01    1.795003E-01   -1.339146E-06 
   783    2.837838E-01    2.500004E-01    1.795004E-01   -1.601552E-06 
   784    2.847848E-01    2.500005E-01    1.795005E-01   -1.911481E-06 
   785    2.857858E-01    2.500005E-01    1.795005E-01   -2.276737E-06 
   786    2.867868E-01    2.500006E-01    1.795007E-01   -2.706245E-06 
   787    2.877878E-01    2.500008E-01    1.795008E-01   -3.210184E-06 
   788    2.887888E-01    2.500009E-01    1.795009E-01   -3.800125E-06 
   789    2.897898E-01    2.500011E-01    1.795011E-01   -4.489188E-06 
   790    2.907908E-01    2.500013E-01    1.795013E-01   -5.292199E-06 
   791    2.917918E-01    2.500015E-01    1.795015E-01   -6.225857E-06 
   792    2.927928E-01    2.500017E-01    1.795017E-01   -7.308918E-06 
   793    2.937938E-01    2.500020E-01    1.795020E-01   -8.562370E-06 
   794    2.947947E-01    2.500024E-01    1.795024E-01   -1.000963E-05 
   795    2.957957E-01    2.500028E-01    1.795028E-01   -1.167671E-05 
   796    2.967967E-01    2.500032E-01    1.795032E-01   -1.359244E-05 
   797    2.977977E-01    2.500037E-01    1.795038E-01   -1.578863E-05 
   798    2.987987E-01    2.500043E-01    1.795044E-01   -1.830025E-05 
   799    2.997997E-01    2.500050E-01    1.795050E-01   -2.116559E-05 
   800    3.008007E-01    2.500058E-01    1.795058E-01   -2.442641E-05 
   801    3.018016E-01    2.500067E-01    1.795067E-01   -2.812807E-05 
   802    3.028026E-01    2.500076E-01    1.795077E-01   -3.231961E-05 
   803    3.038036E-01    2.500088E-01    1.795088E-01   -3.705383E-05 
   804    3.048046E-01    2.500100E-01    1.795101E-01   -4.238725E-05 
   805    3.058055E-01    2.500114E-01    1.795115E-01   -4.838016E-05 
   806    3.068065E-01    2.500130E-01    1.795131E-01   -5.509643E-05 
   807    3.078074E-01    2.500148E-01    1.795149E-01   -6.260340E-05 
   808    3.088084E-01    2.500167E-01    1.795168E-01   -7.097163E-05 
   809    3.098093E-01    2.500189E-01    1.795190E-01   -8.027455E-05 
   810    3.108102E-01    2.500214E-01    1.795215E-01   -9.058807E-05 
   811    3.118111E-01    2.500241E-01    1.795242E-01   -1.019900E-04 
   812    3.128120E-01    2.500270E-01    1.795272E-01   -1.145596E-04 
   813    3.138129E-01    2.500303E-01    1.795304E-01   -1.283765E-04 
   814    3.148138E-01    2.500338E-01    1.795340E-01   -1.435201E-04 
   815    3.158147E-01    2.500377E-01    1.795379E-01   -1.600687E-04 
   816    3.168155E-01    2.500420E-01    1.795422E-01   -1.780981E-04 
   817    3.178163E-01    2.500466E-01    1.795469E-01   -1.976805E-04 
   818    3.188172E-01    2.500516E-01    1.795519E-01   -2.188833E-04 
   819    3.198179E-01    2.500570E-01    1.795573E-01   -2.417675E-04 
   820    3.208187E-01    2.500628E-01    1.795632E-01   -2.663865E-04 
   821    3.218195E-01    2.500691E-01    1.795695E-01   -2.927838E-04 
   822    3.228202E-01    2.500758E-01    1.795762E-01   -3.209924E-04 
   823    3.238209E-01    2.500829E-01    1.795833E-01   -3.510322E-04 
   824    3.248215E-01    2.500905E-01    1.795909E-01   -3.829086E-04 
   825    3.258222E-01    2.500985E-01    1.795990E-01   -4.166112E-04 
   826    3.268228E-01    2.501069E-01    1.796075E-01   -4.521118E-04 
   827    3.278233E-01    2.501158E-01    1.796164E-01   -4.893630E-04 
   828    3.288238E-01    2.501251E-01    1.796257E-01   -5.282967E-04 
   829    3.298243E-01    2.501348E-01    1.796355E-01   -5.688234E-04 
   830    3.308248E-01    2.501448E-01    1.796456E-01   -6.108306E-04 
   831    3.318252E-01    2.501552E-01    1.796561E-01   -6.541826E-04 
   832    3.328256E-01    2.501660E-01    1.796668E-01   -6.987198E-04 
   833    3.338259E-01    2.501769E-01    1.796779E-01   -7.442589E-04 
   834    3.348261E-01    2.501881E-01    1.796892E-01   -7.905930E-04 
   835    3.358264E-01    2.501995E-01    1.797006E-01   -8.374925E-04 
   836    3.368266E-01    2.502110E-01    1.797121E-01   -8.847062E-04 
   837    3.378267E-01    2.502225E-01    1.797237E-01   -9.319630E-04 
   838    3.388268E-01    2.502341E-01    1.797353E-01   -9.789738E-04 
   839    3.398268E-01    2.502455E-01    1.797468E-01   -1.025434E-03 
   840    3.408268E-01    2.502568E-01    1.797582E-01   -1.071028E-03 
   841    3.418268E-01    2.502678E-01    1.797693E-01   -1.115429E-03 
   842    3.428267E-01    2.502786E-01    1.797801E-01   -1.158306E-03 
   843    3.438265E-01    2.502889E-01    1.797905E-01   -1.199328E-03 
   844    3.448263E-01    2.502987E-01    1.798004E-01   -1.238164E-03 
   845    3.458261E-01    2.503081E-01    1.798097E-01   -1.274491E-03 
   846    3.468259E-01    2.503167E-01    1.798185E-01   -1.308000E-03 
   847    3.478256E-01    2.503247E-01    1.798265E-01   -1.338401E-03 
   848    3.488252E-01    2.503319E-01    1.798337E-01   -1.365423E-03 
   849    3.498249E-01    2.503382E-01    1.798401E-01   -1.388810E-03 
   850    3.508245E-01    2.503436E-01    1.798455E-01   -1.408294E-03 
   851    3.518241E-01    2.503480E-01    1.798499E-01   -1.423606E-03 
   852    3.528237E-01    2.503512E-01    1.798531E-01   -1.434556E-03 
   853    3.538233E-01    2.503530E-01    1.798550E-01   -1.441199E-03 
   854    3.548228E-01    2.503533E-01    1.798552E-01   -1.443523E-03 
   855    3.558224E-01    2.503517E-01    1.798537E-01   -1.440817E-03 
   856    3.568219E-01    2.503480E-01    1.798499E-01   -1.431476E-03 
   857    3.578215E-01    2.503416E-01    1.798435E-01   -1.412813E-03 
   858    3.588211E-01    2.503324E-01    1.798343E-01   -1.381798E-03 
   859    3.598208E-01    2.503200E-01    1.798218E-01   -1.336344E-03 
   860    3.608204E-01    2.503041E-01    1.798058E-01   -1.275110E-03 
   861    3.618202E-01    2.502847E-01    1.797862E-01   -1.197080E-03 
   862    3.628200E-01    2.502617E-01    1.797631E-01   -1.102110E-03 
   863    3.638200E-01    2.502353E-01    1.797366E-01   -9.909026E-04 
   864    3.648201E-01    2.502060E-01    1.797071E-01   -8.653023E-04 
   865    3.658202E-01    2.501742E-01    1.796752E-01   -7.278979E-04 
   866    3.668206E-01    2.501408E-01    1.796416E-01   -5.817452E-04 
   867    3.678211E-01    2.501067E-01    1.796072E-01   -4.304173E-04 
   868    3.688217E-01    2.500728E-01    1.795732E-01   -2.778732E-04 
   869    3.698226E-01    2.500403E-01    1.795405E-01   -1.291615E-04 
   870    3.708235E-01    2.500102E-01    1.795103E-01    9.699745E-06 
   871    3.718246E-01    2.499835E-01    1.794834E-01    1.322589E-04 
   872    3.728258E-01    2.499612E-01    1.794610E-01    2.327387E-04 
   873    3.738271E-01    2.499437E-01    1.794434E-01    3.077909E-04 
   874    3.748284E-01    2.499316E-01    1.794312E-01    3.551557E-04 
   875    3.758298E-01    2.499247E-01    1.794243E-01    3.714123E-04 
   876    3.768313E-01    2.499226E-01    1.794222E-01    3.570129E-04 
   877    3.778326E-01    2.499246E-01    1.794242E-01    3.208234E-04 
   878    3.788340E-01    2.499297E-01    1.794293E-01    2.757216E-04 
   879    3.798352E-01    2.499368E-01    1.794365E-01    2.296747E-04 
   880    3.808364E-01    2.499451E-01    1.794448E-01    1.856875E-04 
   881    3.818376E-01    2.499539E-01    1.794536E-01    1.449431E-04 
   882    3.828388E-01    2.499625E-01    1.794623E-01    1.086001E-04 
   883    3.838400E-01    2.499706E-01    1.794704E-01    7.732116E-05 
   884    3.848411E-01    2.499779E-01    1.794778E-01    5.109825E-05 
   885    3.858421E-01    2.499843E-01    1.794842E-01    2.931286E-05 
   886    3.868431E-01    2.499898E-01    1.794898E-01    1.114077E-05 
   887    3.878441E-01    2.499944E-01    1.794944E-01   -3.945016E-06 
   888    3.888451E-01    2.499982E-01    1.794982E-01   -1.588927E-05 
   889    3.898462E-01    2.500013E-01    1.795013E-01   -2.448961E-05 
   890    3.908472E-01    2.500036E-01    1.795036E-01   -2.992941E-05 
   891    3.918481E-01    2.500053E-01    1.795053E-01   -3.307767E-05 
   892    3.928490E-01    2.500064E-01    1.795064E-01   -3.515613E-05 
   893    3.938500E-01    2.500070E-01    1.795070E-01   -3.705229E-05 
   894    3.948510E-01    2.500072E-01    1.795072E-01   -3.865605E-05 
   895    3.958520E-01    2.500072E-01    1.795072E-01   -3.861127E-05 
   896    3.968530E-01    2.500068E-01    1.795069E-01   -3.507922E-05 
   897    3.978539E-01    2.500062E-01    1.795062E-01   -2.701166E-05 
   898    3.988548E-01    2.500053E-01    1.795053E-01   -1.737553E-05 
   899    3.998558E-01    2.500041E-01    1.795042E-01   -1.185903E-05 
   900    4.008568E-01    2.500030E-01    1.795030E-01   -1.225266E-05 
   901    4.018579E-01    2.500021E-01    1.795021E-01   -1.489771E-05 
   902    4.028589E-01    2.500014E-01    1.795014E-01   -1.439187E-05 
   903    4.038599E-01    2.500011E-01    1.795011E-01   -6.838262E-06 
   904    4.048608E-01    2.500011E-01    1.795011E-01   -2.401985E-07 
   905    4.058618E-01    2.500014E-01    1.795014E-01   -2.258950E-06 
   906    4.068628E-01    2.500019E-01    1.795019E-01   -8.324836E-06 
   907    4.078638E-01    2.500025E-01    1.795025E-01   -1.409288E-05 
   908    4.088649E-01    2.500032E-01    1.795032E-01   -1.820332E-05 
   909    4.098659E-01    2.500038E-01    1.795038E-01   -2.077741E-05 
   910    4.108668E-01    2.500044E-01    1.795044E-01   -2.263531E-05 
   911    4.118677E-01    2.500048E-01    1.795048E-01   -2.498442E-05 
   912    4.128687E-01    2.500052E-01    1.795052E-01   -2.848270E-05 
   913    4.138697E-01    2.500055E-01    1.795055E-01   -3.129618E-05 
   914    4.148708E-01    2.500057E-01    1.795058E-01   -3.068166E-05 
   915    4.158718E-01    2.500057E-01    1.795058E-01   -2.747729E-05 
   916    4.168727E-01    2.500055E-01    1.795055E-01   -2.269543E-05 
   917    4.178735E-01    2.500050E-01    1.795050E-01   -1.841081E-05 
   918    4.188745E-01    2.500043E-01    1.795044E-01   -1.971592E-05 
   919    4.198755E-01    2.500038E-01    1.795038E-01   -2.379668E-05 
   920    4.208766E-01    2.500033E-01    1.795033E-01   -2.472462E-05 
   921    4.218777E-01    2.500030E-01    1.795030E-01   -2.023498E-05 
   922    4.228787E-01    2.500028E-01    1.795028E-01   -9.554829E-06 
   923    4.238795E-01    2.500026E-01    1.795026E-01   -2.793199E-06 
   924    4.248804E-01    2.500025E-01    1.795025E-01   -6.291470E-06 
   925    4.258814E-01    2.500025E-01    1.795025E-01   -1.370437E-05 
   926    4.268826E-01    2.500027E-01    1.795027E-01   -1.820312E-05 
   927    4.278837E-01    2.500030E-01    1.795030E-01   -2.014373E-05 
   928    4.288847E-01    2.500033E-01    1.795033E-01   -1.760765E-05 
   929    4.298855E-01    2.500034E-01    1.795034E-01   -1.391773E-05 
   930    4.308862E-01    2.500035E-01    1.795035E-01   -1.825628E-05 
   931    4.318872E-01    2.500037E-01    1.795037E-01   -2.604488E-05 
   932    4.328885E-01    2.500040E-01    1.795040E-01   -2.959687E-05 
   933    4.338897E-01    2.500042E-01    1.795042E-01   -2.709309E-05 
   934    4.348908E-01    2.500042E-01    1.795042E-01   -1.942407E-05 
   935    4.358915E-01    2.500038E-01    1.795038E-01   -7.036443E-06 
   936    4.368920E-01    2.500031E-01    1.795031E-01   -8.068591E-06 
   937    4.378930E-01    2.500025E-01    1.795025E-01   -2.021513E-05 
   938    4.388943E-01    2.500023E-01    1.795023E-01   -2.835777E-05 
   939    4.398957E-01    2.500024E-01    1.795024E-01   -2.782998E-05 
   940    4.408969E-01    2.500024E-01    1.795024E-01   -1.642019E-05 
   941    4.418976E-01    2.500021E-01    1.795021E-01    6.418472E-06 
   942    4.428979E-01    2.500016E-01    1.795016E-01    4.600820E-06 
   943    4.438986E-01    2.500014E-01    1.795014E-01   -1.690247E-05 
   944    4.449000E-01    2.500017E-01    1.795017E-01   -3.194854E-05 
   945    4.459017E-01    2.500023E-01    1.795023E-01   -3.313019E-05 
   946    4.469034E-01    2.500025E-01    1.795025E-01   -1.695597E-05 
   947    4.479040E-01    2.500022E-01    1.795022E-01    8.803295E-06 
   948    4.489035E-01    2.500014E-01    1.795014E-01    2.378898E-06 
   949    4.499039E-01    2.500010E-01    1.795010E-01   -2.538477E-05 
   950    4.509056E-01    2.500013E-01    1.795013E-01   -4.227817E-05 
   951    4.519081E-01    2.500018E-01    1.795018E-01   -4.186165E-05 
   952    4.529102E-01    2.500020E-01    1.795020E-01   -2.007301E-05 
   953    4.539104E-01    2.500012E-01    1.795012E-01    2.794661E-05 
   954    4.549090E-01    2.499996E-01    1.794996E-01    2.549199E-05 
   955    4.559092E-01    2.499984E-01    1.794984E-01   -1.295712E-05 
   956    4.569108E-01    2.499988E-01    1.794988E-01   -6.350844E-05 
   957    4.579138E-01    2.500001E-01    1.795001E-01   -7.018465E-05 
   958    4.589179E-01    2.500005E-01    1.795004E-01    2.156346E-06 
   959    4.599182E-01    2.499989E-01    1.794989E-01    7.058407E-05 
   960    4.609150E-01    2.499969E-01    1.794969E-01    3.273861E-05 
   961    4.619117E-01    2.499968E-01    1.794968E-01   -5.610011E-05 
   962    4.629137E-01    2.499988E-01    1.794988E-01   -1.047895E-04 
   963    4.639229E-01    2.500005E-01    1.795005E-01   -4.866516E-05 
   964    4.649302E-01    2.499998E-01    1.794998E-01    6.423598E-05 
   965    4.659234E-01    2.499981E-01    1.794981E-01    2.628829E-05 
   966    4.669162E-01    2.499961E-01    1.794961E-01    3.177997E-05 
   967    4.679133E-01    2.499951E-01    1.794951E-01   -4.371286E-05 
   968    4.689217E-01    2.499965E-01    1.794965E-01   -1.101230E-04 
   969    4.699377E-01    2.499969E-01    1.794969E-01   -4.438957E-05 
   970    4.709293E-01    2.499963E-01    1.794963E-01   -5.258391E-05 
   971    4.719341E-01    2.499927E-01    1.794927E-01    1.775047E-04 
   972    4.729233E-01    2.499865E-01    1.794865E-01    1.281441E-04 
   973    4.739137E-01    2.499847E-01    1.794847E-01   -1.303465E-04 
   974    4.749238E-01    2.499882E-01    1.794883E-01   -2.935202E-04 
   975    4.759319E-01    2.499912E-01    1.794912E-01   -7.119532E-05 
   976    4.769664E-01    2.499869E-01    1.794870E-01    2.365826E-04 
   977    4.779567E-01    2.499775E-01    1.794776E-01    2.854022E-04 
   978    4.789117E-01    2.499702E-01    1.794703E-01    1.315999E-05 
   979    4.798647E-01    2.499784E-01    1.794788E-01   -6.170104E-04 
   980    4.809415E-01    2.499837E-01    1.794839E-01   -6.109212E-06 
   981    4.820008E-01    2.499753E-01    1.794761E-01    1.908373E-04 
   982    4.830052E-01    2.499588E-01    1.794599E-01    3.007936E-04 
   983    4.839447E-01    2.499363E-01    1.794368E-01    2.194120E-04 
   984    4.847599E-01    2.499227E-01    1.794237E-01   -7.141266E-04 
   985    4.859663E-01    2.498911E-01    1.793922E-01    2.007580E-05 
   986    4.870153E-01    2.498152E-01    1.793184E-01    9.017264E-05 
   987    4.880329E-01    2.496819E-01    1.791866E-01    1.645941E-04 
   988    4.890041E-01    2.494530E-01    1.789551E-01    2.025478E-04 
   989    4.897098E-01    2.491868E-01    1.786517E-01   -3.987833E-04 
   990    4.909910E-01    2.486787E-01    1.785513E-01    0.000000E+00 
   991    4.919920E-01    2.483733E-01    1.783320E-01    0.000000E+00 
   992    4.929930E-01    2.477524E-01    1.778862E-01    0.000000E+00 
   993    4.939940E-01    2.460655E-01    1.766750E-01    0.000000E+00 
   994    4.949950E-01    2.421603E-01    1.738711E-01    0.000000E+00 
   995    4.959960E-01    2.342354E-01    1.681810E-01    0.000000E+00 
   996    4.969970E-01    2.204299E-01    1.582687E-01    0.000000E+00 
   997    4.979980E-01    1.999424E-01    1.435586E-01    0.000000E+00 
   998    4.989990E-01    1.731582E-01    1.243276E-01    0.000000E+00 
   999    5.000000E-01    1.416667E-01    1.017167E-01    0.000000E+00 
