     0   -5.000000E-01    5.666667E-01    5.666667E-01    0.000000E+00 
     1   -4.989990E-01    6.926354E-01    6.926354E-01    0.000000E+00 
     2   -4.979980E-01    7.997813E-01    7.997813E-01    0.000000E+00 
     3   -4.969970E-01    8.817439E-01    8.817439E-01    0.000000E+00 
     4   -4.959960E-01    9.369778E-01    9.369778E-01    0.000000E+00 
     5   -4.949950E-01    9.686881E-01    9.686881E-01    0.000000E+00 
     6   -4.939940E-01    9.843122E-01    9.843122E-01    0.000000E+00 
     7   -4.929930E-01    9.910479E-01    9.910479E-01    0.000000E+00 
     8   -4.919920E-01    9.935140E-01    9.935140E-01    0.000000E+00 
     9   -4.909910E-01    9.947195E-01    9.947195E-01    0.000000E+00 
    10   -4.897158E-01    9.967288E-01    9.952529E-01    3.588399E-04 
    11   -4.890012E-01    9.978059E-01    9.969539E-01   -1.798731E-04 
    12   -4.880306E-01    9.987210E-01    9.982441E-01   -1.453854E-04 
    13   -4.870137E-01    9.992549E-01    9.989802E-01   -8.499602E-05 
    14   -4.859659E-01    9.995585E-01    9.993921E-01   -2.012798E-05 
    15   -4.847697E-01    9.996810E-01    9.995612E-01    6.216382E-04 
    16   -4.839424E-01    9.997323E-01    9.996303E-01   -1.749579E-04 
    17   -4.830012E-01    9.998251E-01    9.997622E-01   -2.625424E-04 
    18   -4.819978E-01    9.998945E-01    9.998573E-01   -1.734637E-04 
    19   -4.809417E-01    9.999298E-01    9.999035E-01    9.747417E-06 
    20   -4.798717E-01    9.999080E-01    9.998740E-01    5.061948E-04 
    21   -4.789124E-01    9.998746E-01    9.998256E-01    4.553514E-06 
    22   -4.779535E-01    9.999033E-01    9.998660E-01   -2.331703E-04 
    23   -4.769633E-01    9.999425E-01    9.999207E-01   -1.990249E-04 
    24   -4.759328E-01    9.999609E-01    9.999456E-01    5.697898E-05 
    25   -4.749259E-01    9.999511E-01    9.999320E-01    2.213774E-04 
    26   -4.739155E-01    9.999380E-01    9.999136E-01    1.130130E-04 
    27   -4.729228E-01    9.999431E-01    9.999207E-01   -8.450507E-05 
    28   -4.719325E-01    9.999668E-01    9.999538E-01   -1.369880E-04 
    29   -4.709297E-01    9.999819E-01    9.999747E-01    3.230584E-05 
    30   -4.699373E-01    9.999857E-01    9.999802E-01    2.279393E-05 
    31   -4.689225E-01    9.999848E-01    9.999788E-01    8.444250E-05 
    32   -4.679143E-01    9.999783E-01    9.999697E-01    4.684107E-05 
    33   -4.669164E-01    9.999793E-01    9.999712E-01   -1.474542E-05 
    34   -4.659231E-01    9.999858E-01    9.999802E-01   -2.516248E-05 
    35   -4.649292E-01    9.999937E-01    9.999912E-01   -5.722971E-05 
    36   -4.639229E-01    9.999973E-01    9.999963E-01    3.176838E-05 
    37   -4.629145E-01    9.999915E-01    9.999882E-01    8.024314E-05 
    38   -4.619124E-01    9.999839E-01    9.999775E-01    4.852774E-05 
    39   -4.609151E-01    9.999842E-01    9.999780E-01   -1.932927E-05 
    40   -4.599177E-01    9.999923E-01    9.999893E-01   -5.233347E-05 
    41   -4.589176E-01    9.999990E-01    9.999986E-01   -6.535937E-06 
    42   -4.579138E-01    9.999988E-01    9.999983E-01    4.835802E-05 
    43   -4.569111E-01    9.999943E-01    9.999921E-01    4.756889E-05 
    44   -4.559096E-01    9.999920E-01    9.999889E-01    1.707440E-05 
    45   -4.549093E-01    9.999947E-01    9.999927E-01   -1.139201E-05 
    46   -4.539102E-01    9.999996E-01    9.999995E-01   -1.934783E-05 
    47   -4.529099E-01    1.000003E+00    1.000004E+00    1.096328E-05 
    48   -4.519080E-01    1.000002E+00    1.000003E+00    2.705877E-05 
    49   -4.509058E-01    1.000001E+00    1.000001E+00    2.852664E-05 
    50   -4.499042E-01    9.999992E-01    9.999989E-01    1.861908E-05 
    51   -4.489037E-01    1.000000E+00    1.000000E+00   -3.460714E-07 
    52   -4.479038E-01    1.000003E+00    1.000004E+00   -7.041561E-06 
    53   -4.469032E-01    1.000005E+00    1.000007E+00    8.485825E-06 
    54   -4.459016E-01    1.000005E+00    1.000007E+00    2.234707E-05 
    55   -4.449001E-01    1.000003E+00    1.000005E+00    2.381585E-05 
    56   -4.438988E-01    1.000002E+00    1.000003E+00    1.629859E-05 
    57   -4.428980E-01    1.000003E+00    1.000004E+00    3.260890E-06 
    58   -4.418975E-01    1.000005E+00    1.000007E+00    5.629629E-07 
    59   -4.408968E-01    1.000006E+00    1.000009E+00    1.181903E-05 
    60   -4.398956E-01    1.000006E+00    1.000009E+00    1.812571E-05 
    61   -4.388943E-01    1.000005E+00    1.000008E+00    1.886259E-05 
    62   -4.378931E-01    1.000005E+00    1.000007E+00    1.488803E-05 
    63   -4.368921E-01    1.000005E+00    1.000008E+00    7.975168E-06 
    64   -4.358914E-01    1.000007E+00    1.000009E+00    5.996457E-06 
    65   -4.348906E-01    1.000007E+00    1.000010E+00    1.161993E-05 
    66   -4.338896E-01    1.000007E+00    1.000010E+00    1.595645E-05 
    67   -4.328884E-01    1.000007E+00    1.000010E+00    1.704146E-05 
    68   -4.318873E-01    1.000007E+00    1.000009E+00    1.500536E-05 
    69   -4.308863E-01    1.000007E+00    1.000010E+00    1.068997E-05 
    70   -4.298854E-01    1.000008E+00    1.000011E+00    8.958966E-06 
    71   -4.288846E-01    1.000008E+00    1.000011E+00    1.224819E-05 
    72   -4.278835E-01    1.000008E+00    1.000011E+00    1.506362E-05 
    73   -4.268825E-01    1.000008E+00    1.000011E+00    1.573422E-05 
    74   -4.258814E-01    1.000008E+00    1.000011E+00    1.474753E-05 
    75   -4.248804E-01    1.000008E+00    1.000011E+00    1.219466E-05 
    76   -4.238794E-01    1.000008E+00    1.000012E+00    1.067711E-05 
    77   -4.228785E-01    1.000009E+00    1.000012E+00    1.245680E-05 
    78   -4.218776E-01    1.000009E+00    1.000012E+00    1.467160E-05 
    79   -4.208765E-01    1.000009E+00    1.000012E+00    1.530867E-05 
    80   -4.198755E-01    1.000009E+00    1.000012E+00    1.490680E-05 
    81   -4.188744E-01    1.000009E+00    1.000012E+00    1.331119E-05 
    82   -4.178735E-01    1.000009E+00    1.000013E+00    1.210505E-05 
    83   -4.168726E-01    1.000010E+00    1.000013E+00    1.331150E-05 
    84   -4.158716E-01    1.000010E+00    1.000014E+00    1.508070E-05 
    85   -4.148706E-01    1.000010E+00    1.000014E+00    1.571909E-05 
    86   -4.138695E-01    1.000010E+00    1.000014E+00    1.592709E-05 
    87   -4.128685E-01    1.000010E+00    1.000014E+00    1.503708E-05 
    88   -4.118675E-01    1.000010E+00    1.000014E+00    1.409640E-05 
    89   -4.108666E-01    1.000010E+00    1.000014E+00    1.436294E-05 
    90   -4.098656E-01    1.000010E+00    1.000014E+00    1.526650E-05 
    91   -4.088646E-01    1.000010E+00    1.000014E+00    1.522293E-05 
    92   -4.078636E-01    1.000010E+00    1.000014E+00    1.524116E-05 
    93   -4.068626E-01    1.000010E+00    1.000014E+00    1.461764E-05 
    94   -4.058616E-01    1.000010E+00    1.000015E+00    1.381101E-05 
    95   -4.048606E-01    1.000011E+00    1.000015E+00    1.413037E-05 
    96   -4.038597E-01    1.000011E+00    1.000015E+00    1.601191E-05 
    97   -4.028587E-01    1.000011E+00    1.000016E+00    1.694082E-05 
    98   -4.018577E-01    1.000011E+00    1.000016E+00    1.752183E-05 
    99   -4.008567E-01    1.000012E+00    1.000017E+00    1.717882E-05 
   100   -3.998557E-01    1.000012E+00    1.000017E+00    1.666484E-05 
   101   -3.988547E-01    1.000013E+00    1.000018E+00    1.701715E-05 
   102   -3.978537E-01    1.000013E+00    1.000018E+00    1.793270E-05 
   103   -3.968527E-01    1.000013E+00    1.000018E+00    1.844459E-05 
   104   -3.958517E-01    1.000013E+00    1.000018E+00    1.907977E-05 
   105   -3.948507E-01    1.000013E+00    1.000018E+00    1.913486E-05 
   106   -3.938497E-01    1.000013E+00    1.000018E+00    1.873698E-05 
   107   -3.928488E-01    1.000013E+00    1.000018E+00    1.843030E-05 
   108   -3.918478E-01    1.000013E+00    1.000018E+00    1.831039E-05 
   109   -3.908468E-01    1.000013E+00    1.000018E+00    1.819685E-05 
   110   -3.898458E-01    1.000013E+00    1.000018E+00    1.803401E-05 
   111   -3.888448E-01    1.000013E+00    1.000019E+00    1.756096E-05 
   112   -3.878438E-01    1.000014E+00    1.000019E+00    1.708182E-05 
   113   -3.868428E-01    1.000014E+00    1.000020E+00    1.706670E-05 
   114   -3.858419E-01    1.000014E+00    1.000020E+00    1.845069E-05 
   115   -3.848409E-01    1.000015E+00    1.000021E+00    2.040913E-05 
   116   -3.838399E-01    1.000015E+00    1.000021E+00    2.184076E-05 
   117   -3.828389E-01    1.000016E+00    1.000022E+00    2.228820E-05 
   118   -3.818379E-01    1.000016E+00    1.000022E+00    2.216044E-05 
   119   -3.808369E-01    1.000016E+00    1.000023E+00    2.204562E-05 
   120   -3.798359E-01    1.000017E+00    1.000024E+00    2.221482E-05 
   121   -3.788350E-01    1.000017E+00    1.000024E+00    2.273907E-05 
   122   -3.778340E-01    1.000017E+00    1.000024E+00    2.283131E-05 
   123   -3.768330E-01    1.000017E+00    1.000024E+00    2.270893E-05 
   124   -3.758320E-01    1.000018E+00    1.000025E+00    2.244410E-05 
   125   -3.748310E-01    1.000018E+00    1.000025E+00    2.223756E-05 
   126   -3.738300E-01    1.000018E+00    1.000025E+00    2.300436E-05 
   127   -3.728291E-01    1.000018E+00    1.000026E+00    2.446433E-05 
   128   -3.718281E-01    1.000019E+00    1.000026E+00    2.544381E-05 
   129   -3.708271E-01    1.000019E+00    1.000027E+00    2.577412E-05 
   130   -3.698261E-01    1.000020E+00    1.000028E+00    2.587231E-05 
   131   -3.688251E-01    1.000020E+00    1.000029E+00    2.620882E-05 
   132   -3.678241E-01    1.000021E+00    1.000029E+00    2.695267E-05 
   133   -3.668232E-01    1.000021E+00    1.000030E+00    2.781617E-05 
   134   -3.658222E-01    1.000021E+00    1.000030E+00    2.837796E-05 
   135   -3.648212E-01    1.000021E+00    1.000030E+00    2.856718E-05 
   136   -3.638202E-01    1.000021E+00    1.000030E+00    2.848447E-05 
   137   -3.628192E-01    1.000021E+00    1.000029E+00    2.824365E-05 
   138   -3.618183E-01    1.000021E+00    1.000029E+00    2.792455E-05 
   139   -3.608173E-01    1.000020E+00    1.000028E+00    2.752530E-05 
   140   -3.598163E-01    1.000019E+00    1.000027E+00    2.696072E-05 
   141   -3.588153E-01    1.000018E+00    1.000025E+00    2.612843E-05 
   142   -3.578143E-01    1.000016E+00    1.000023E+00    2.496490E-05 
   143   -3.568134E-01    1.000015E+00    1.000020E+00    2.343816E-05 
   144   -3.558124E-01    1.000012E+00    1.000017E+00    2.154427E-05 
   145   -3.548114E-01    1.000010E+00    1.000014E+00    1.925253E-05 
   146   -3.538104E-01    1.000007E+00    1.000010E+00    1.652212E-05 
   147   -3.528094E-01    1.000003E+00    1.000004E+00    1.326143E-05 
   148   -3.518084E-01    9.999991E-01    9.999987E-01    9.373081E-06 
   149   -3.508074E-01    9.999943E-01    9.999920E-01    4.806128E-06 
   150   -3.498064E-01    9.999889E-01    9.999845E-01   -4.477427E-07 
   151   -3.488054E-01    9.999828E-01    9.999760E-01   -6.465210E-06 
   152   -3.478044E-01    9.999760E-01    9.999664E-01   -1.327384E-05 
   153   -3.468033E-01    9.999684E-01    9.999557E-01   -2.091210E-05 
   154   -3.458023E-01    9.999599E-01    9.999439E-01   -2.955322E-05 
   155   -3.448013E-01    9.999506E-01    9.999308E-01   -3.918235E-05 
   156   -3.438002E-01    9.999404E-01    9.999165E-01   -4.979304E-05 
   157   -3.427992E-01    9.999292E-01    9.999009E-01   -6.154924E-05 
   158   -3.417981E-01    9.999171E-01    9.998839E-01   -7.429176E-05 
   159   -3.407970E-01    9.999039E-01    9.998654E-01   -8.818526E-05 
   160   -3.397959E-01    9.998897E-01    9.998455E-01   -1.035243E-04 
   161   -3.387948E-01    9.998744E-01    9.998241E-01   -1.197779E-04 
   162   -3.377936E-01    9.998581E-01    9.998013E-01   -1.374348E-04 
   163   -3.367925E-01    9.998410E-01    9.997773E-01   -1.571071E-04 
   164   -3.357913E-01    9.998233E-01    9.997526E-01   -1.777116E-04 
   165   -3.347902E-01    9.998057E-01    9.997280E-01   -2.001939E-04 
   166   -3.337889E-01    9.997894E-01    9.997051E-01   -2.248759E-04 
   167   -3.327877E-01    9.997758E-01    9.996861E-01   -2.497139E-04 
   168   -3.317865E-01    9.997670E-01    9.996738E-01   -2.781551E-04 
   169   -3.307852E-01    9.997654E-01    9.996716E-01   -3.086353E-04 
   170   -3.297839E-01    9.997735E-01    9.996829E-01   -3.255732E-04 
   171   -3.287826E-01    9.997934E-01    9.997107E-01   -3.142298E-04 
   172   -3.277814E-01    9.998265E-01    9.997571E-01   -2.748800E-04 
   173   -3.267801E-01    9.998737E-01    9.998232E-01   -2.140166E-04 
   174   -3.257790E-01    9.999345E-01    9.999083E-01   -1.337136E-04 
   175   -3.247779E-01    1.000008E+00    1.000011E+00   -3.618561E-05 
   176   -3.237769E-01    1.000091E+00    1.000128E+00    7.532811E-05 
   177   -3.227760E-01    1.000183E+00    1.000256E+00    1.970423E-04 
   178   -3.217752E-01    1.000280E+00    1.000392E+00    3.249181E-04 
   179   -3.207746E-01    1.000379E+00    1.000531E+00    4.549516E-04 
   180   -3.197740E-01    1.000478E+00    1.000669E+00    5.833707E-04 
   181   -3.187735E-01    1.000574E+00    1.000803E+00    7.068015E-04 
   182   -3.177732E-01    1.000665E+00    1.000931E+00    8.223842E-04 
   183   -3.167729E-01    1.000749E+00    1.001049E+00    9.278306E-04 
   184   -3.157728E-01    1.000825E+00    1.001155E+00    1.021446E-03 
   185   -3.147727E-01    1.000892E+00    1.001248E+00    1.102200E-03 
   186   -3.137726E-01    1.000949E+00    1.001329E+00    1.169640E-03 
   187   -3.127726E-01    1.000996E+00    1.001395E+00    1.223874E-03 
   188   -3.117727E-01    1.001034E+00    1.001449E+00    1.265555E-03 
   189   -3.107728E-01    1.001064E+00    1.001490E+00    1.295672E-03 
   190   -3.097729E-01    1.001085E+00    1.001520E+00    1.315380E-03 
   191   -3.087730E-01    1.001100E+00    1.001540E+00    1.326597E-03 
   192   -3.077731E-01    1.001108E+00    1.001552E+00    1.331879E-03 
   193   -3.067733E-01    1.001112E+00    1.001558E+00    1.333346E-03 
   194   -3.057734E-01    1.001112E+00    1.001558E+00    1.332217E-03 
   195   -3.047735E-01    1.001109E+00    1.001553E+00    1.328903E-03 
   196   -3.037736E-01    1.001103E+00    1.001545E+00    1.323458E-03 
   197   -3.027737E-01    1.001095E+00    1.001533E+00    1.315756E-03 
   198   -3.017738E-01    1.001085E+00    1.001519E+00    1.305839E-03 
   199   -3.007739E-01    1.001073E+00    1.001503E+00    1.293815E-03 
   200   -2.997740E-01    1.001060E+00    1.001484E+00    1.279782E-03 
   201   -2.987740E-01    1.001045E+00    1.001463E+00    1.263812E-03 
   202   -2.977741E-01    1.001028E+00    1.001440E+00    1.245978E-03 
   203   -2.967741E-01    1.001010E+00    1.001415E+00    1.226361E-03 
   204   -2.957741E-01    1.000991E+00    1.001388E+00    1.205051E-03 
   205   -2.947741E-01    1.000971E+00    1.001359E+00    1.182146E-03 
   206   -2.937741E-01    1.000949E+00    1.001329E+00    1.157753E-03 
   207   -2.927740E-01    1.000927E+00    1.001297E+00    1.131980E-03 
   208   -2.917739E-01    1.000903E+00    1.001265E+00    1.104941E-03 
   209   -2.907738E-01    1.000879E+00    1.001231E+00    1.076755E-03 
   210   -2.897737E-01    1.000854E+00    1.001196E+00    1.047542E-03 
   211   -2.887735E-01    1.000828E+00    1.001160E+00    1.017423E-03 
   212   -2.877733E-01    1.000802E+00    1.001123E+00    9.865223E-04 
   213   -2.867731E-01    1.000776E+00    1.001086E+00    9.549618E-04 
   214   -2.857729E-01    1.000749E+00    1.001049E+00    9.228631E-04 
   215   -2.847726E-01    1.000722E+00    1.001011E+00    8.903462E-04 
   216   -2.837723E-01    1.000695E+00    1.000973E+00    8.575278E-04 
   217   -2.827720E-01    1.000668E+00    1.000936E+00    8.245216E-04 
   218   -2.817717E-01    1.000641E+00    1.000898E+00    7.914369E-04 
   219   -2.807713E-01    1.000615E+00    1.000860E+00    7.583786E-04 
   220   -2.797709E-01    1.000588E+00    1.000823E+00    7.254458E-04 
   221   -2.787705E-01    1.000562E+00    1.000787E+00    6.927324E-04 
   222   -2.777700E-01    1.000536E+00    1.000751E+00    6.603258E-04 
   223   -2.767695E-01    1.000511E+00    1.000715E+00    6.283071E-04 
   224   -2.757690E-01    1.000486E+00    1.000681E+00    5.967505E-04 
   225   -2.747685E-01    1.000462E+00    1.000647E+00    5.657236E-04 
   226   -2.737679E-01    1.000439E+00    1.000614E+00    5.352867E-04 
   227   -2.727674E-01    1.000416E+00    1.000583E+00    5.054934E-04 
   228   -2.717668E-01    1.000394E+00    1.000552E+00    4.763900E-04 
   229   -2.707661E-01    1.000373E+00    1.000522E+00    4.480161E-04 
   230   -2.697655E-01    1.000353E+00    1.000494E+00    4.204045E-04 
   231   -2.687648E-01    1.000333E+00    1.000466E+00    3.935815E-04 
   232   -2.677642E-01    1.000314E+00    1.000440E+00    3.675672E-04 
   233   -2.667635E-01    1.000297E+00    1.000415E+00    3.423755E-04 
   234   -2.657627E-01    1.000280E+00    1.000392E+00    3.180150E-04 
   235   -2.647620E-01    1.000264E+00    1.000369E+00    2.944888E-04 
   236   -2.637613E-01    1.000249E+00    1.000348E+00    2.717953E-04 
   237   -2.627605E-01    1.000234E+00    1.000328E+00    2.499285E-04 
   238   -2.617597E-01    1.000221E+00    1.000310E+00    2.288785E-04 
   239   -2.607589E-01    1.000209E+00    1.000292E+00    2.086318E-04 
   240   -2.597581E-01    1.000197E+00    1.000276E+00    1.891722E-04 
   241   -2.587573E-01    1.000186E+00    1.000261E+00    1.704806E-04 
   242   -2.577565E-01    1.000177E+00    1.000247E+00    1.525364E-04 
   243   -2.567557E-01    1.000168E+00    1.000235E+00    1.353171E-04 
   244   -2.557548E-01    1.000159E+00    1.000223E+00    1.187993E-04 
   245   -2.547540E-01    1.000152E+00    1.000213E+00    1.029593E-04 
   246   -2.537531E-01    1.000145E+00    1.000203E+00    8.777306E-05 
   247   -2.527523E-01    1.000139E+00    1.000195E+00    7.321699E-05 
   248   -2.517514E-01    1.000134E+00    1.000188E+00    5.926835E-05 
   249   -2.507505E-01    1.000130E+00    1.000181E+00    4.590561E-05 
   250   -2.497496E-01    1.000126E+00    1.000176E+00    3.310883E-05 
   251   -2.487488E-01    1.000122E+00    1.000171E+00    2.086003E-05 
   252   -2.477479E-01    1.000119E+00    1.000167E+00    9.143509E-06 
   253   -2.467470E-01    1.000117E+00    1.000164E+00   -2.053850E-06 
   254   -2.457461E-01    1.000115E+00    1.000161E+00   -1.274234E-05 
   255   -2.447452E-01    1.000114E+00    1.000159E+00   -2.292918E-05 
   256   -2.437443E-01    1.000113E+00    1.000158E+00   -3.261836E-05 
   257   -2.427434E-01    1.000112E+00    1.000157E+00   -4.181044E-05 
   258   -2.417426E-01    1.000112E+00    1.000156E+00   -5.050239E-05 
   259   -2.407417E-01    1.000111E+00    1.000156E+00   -5.868732E-05 
   260   -2.397408E-01    1.000111E+00    1.000156E+00   -6.635432E-05 
   261   -2.387399E-01    1.000112E+00    1.000156E+00   -7.348843E-05 
   262   -2.377390E-01    1.000112E+00    1.000157E+00   -8.007085E-05 
   263   -2.367381E-01    1.000112E+00    1.000157E+00   -8.607902E-05 
   264   -2.357372E-01    1.000112E+00    1.000157E+00   -9.148473E-05 
   265   -2.347363E-01    1.000112E+00    1.000157E+00   -9.624738E-05 
   266   -2.337354E-01    1.000112E+00    1.000157E+00   -1.003025E-04 
   267   -2.327346E-01    1.000112E+00    1.000156E+00   -1.035745E-04 
   268   -2.317337E-01    1.000111E+00    1.000155E+00   -1.060184E-04 
   269   -2.307328E-01    1.000108E+00    1.000152E+00   -1.075583E-04 
   270   -2.297319E-01    1.000105E+00    1.000147E+00   -1.081427E-04 
   271   -2.287310E-01    1.000099E+00    1.000139E+00   -1.073428E-04 
   272   -2.277301E-01    1.000091E+00    1.000127E+00   -1.043542E-04 
   273   -2.267292E-01    1.000078E+00    1.000109E+00   -9.775036E-05 
   274   -2.257283E-01    1.000060E+00    1.000084E+00   -8.562090E-05 
   275   -2.247274E-01    1.000035E+00    1.000049E+00   -6.623016E-05 
   276   -2.237264E-01    1.000002E+00    1.000002E+00   -3.770404E-05 
   277   -2.227255E-01    9.999572E-01    9.999401E-01    2.290368E-06 
   278   -2.217244E-01    9.998992E-01    9.998589E-01    5.656989E-05 
   279   -2.207234E-01    9.998248E-01    9.997547E-01    1.284242E-04 
   280   -2.197222E-01    9.997305E-01    9.996227E-01    2.217109E-04 
   281   -2.187210E-01    9.996124E-01    9.994573E-01    3.409461E-04 
   282   -2.177197E-01    9.994660E-01    9.992523E-01    4.912711E-04 
   283   -2.167182E-01    9.992863E-01    9.990008E-01    6.785770E-04 
   284   -2.157165E-01    9.990679E-01    9.986951E-01    9.094451E-04 
   285   -2.147147E-01    9.988047E-01    9.983266E-01    1.191193E-03 
   286   -2.137125E-01    9.984900E-01    9.978862E-01    1.531851E-03 
   287   -2.127101E-01    9.981169E-01    9.973640E-01    1.940130E-03 
   288   -2.117073E-01    9.976778E-01    9.967496E-01    2.425342E-03 
   289   -2.107040E-01    9.971650E-01    9.960321E-01    2.997361E-03 
   290   -2.097002E-01    9.965705E-01    9.952005E-01    3.666443E-03 
   291   -2.086959E-01    9.958861E-01    9.942433E-01    4.443142E-03 
   292   -2.076908E-01    9.951038E-01    9.931495E-01    5.338085E-03 
   293   -2.066849E-01    9.942157E-01    9.919080E-01    6.361793E-03 
   294   -2.056780E-01    9.932143E-01    9.905086E-01    7.524451E-03 
   295   -2.046701E-01    9.920925E-01    9.889418E-01    8.835701E-03 
   296   -2.036611E-01    9.908443E-01    9.871989E-01    1.030434E-02 
   297   -2.026507E-01    9.894642E-01    9.852729E-01    1.193817E-02 
   298   -2.016389E-01    9.879479E-01    9.831580E-01    1.374364E-02 
   299   -2.006254E-01    9.862923E-01    9.808502E-01    1.572578E-02 
   300   -1.996102E-01    9.844957E-01    9.783475E-01    1.788789E-02 
   301   -1.985930E-01    9.825577E-01    9.756497E-01    2.023150E-02 
   302   -1.975737E-01    9.804792E-01    9.727586E-01    2.275626E-02 
   303   -1.965522E-01    9.782627E-01    9.696783E-01    2.545988E-02 
   304   -1.955283E-01    9.759121E-01    9.664146E-01    2.833822E-02 
   305   -1.945018E-01    9.734326E-01    9.629753E-01    3.138532E-02 
   306   -1.934726E-01    9.708305E-01    9.593696E-01    3.459355E-02 
   307   -1.924405E-01    9.681133E-01    9.556085E-01    3.795375E-02 
   308   -1.914054E-01    9.652893E-01    9.517041E-01    4.145553E-02 
   309   -1.903672E-01    9.623675E-01    9.476692E-01    4.508747E-02 
   310   -1.893257E-01    9.593573E-01    9.435173E-01    4.883746E-02 
   311   -1.882809E-01    9.562684E-01    9.392622E-01    5.269301E-02 
   312   -1.872326E-01    9.531103E-01    9.349177E-01    5.664155E-02 
   313   -1.861808E-01    9.498926E-01    9.304969E-01    6.067078E-02 
   314   -1.851253E-01    9.466239E-01    9.260123E-01    6.476890E-02 
   315   -1.840661E-01    9.433126E-01    9.214755E-01    6.892492E-02 
   316   -1.830031E-01    9.399657E-01    9.168966E-01    7.312886E-02 
   317   -1.819362E-01    9.365894E-01    9.122839E-01    7.737209E-02 
   318   -1.808655E-01    9.331883E-01    9.076441E-01    8.164755E-02 
   319   -1.797909E-01    9.297655E-01    9.029815E-01    8.595017E-02 
   320   -1.787122E-01    9.263222E-01    8.982978E-01    9.027715E-02 
   321   -1.776296E-01    9.228575E-01    8.935922E-01    9.462829E-02 
   322   -1.765429E-01    9.193686E-01    8.888605E-01    9.900625E-02 
   323   -1.754520E-01    9.158498E-01    8.840957E-01    1.034167E-01 
   324   -1.743569E-01    9.122937E-01    8.792874E-01    1.078680E-01 
   325   -1.732576E-01    9.086905E-01    8.744232E-01    1.123761E-01 
   326   -1.721540E-01    9.050294E-01    8.694884E-01    1.169631E-01 
   327   -1.710459E-01    9.012988E-01    8.644678E-01    1.216505E-01 
   328   -1.699332E-01    8.974871E-01    8.593467E-01    1.264602E-01 
   329   -1.688157E-01    8.935843E-01    8.541118E-01    1.314123E-01 
   330   -1.676933E-01    8.895822E-01    8.487531E-01    1.365244E-01 
   331   -1.665658E-01    8.854756E-01    8.432645E-01    1.418105E-01 
   332   -1.654330E-01    8.812627E-01    8.376443E-01    1.472793E-01 
   333   -1.642947E-01    8.769458E-01    8.318965E-01    1.529336E-01 
   334   -1.631506E-01    8.725309E-01    8.260299E-01    1.587653E-01 
   335   -1.620006E-01    8.680278E-01    8.200583E-01    1.647578E-01 
   336   -1.608446E-01    8.634492E-01    8.139993E-01    1.708915E-01 
   337   -1.596822E-01    8.588101E-01    8.078736E-01    1.771437E-01 
   338   -1.585134E-01    8.541270E-01    8.017032E-01    1.834898E-01 
   339   -1.573382E-01    8.494163E-01    7.955102E-01    1.899051E-01 
   340   -1.561563E-01    8.446940E-01    7.893160E-01    1.963652E-01 
   341   -1.549677E-01    8.399747E-01    7.831395E-01    2.028471E-01 
   342   -1.537724E-01    8.352705E-01    7.769969E-01    2.093301E-01 
   343   -1.525704E-01    8.305910E-01    7.709002E-01    2.157978E-01 
   344   -1.513616E-01    8.259427E-01    7.648578E-01    2.222383E-01 
   345   -1.501459E-01    8.213287E-01    7.588735E-01    2.286449E-01 
   346   -1.489235E-01    8.167492E-01    7.529472E-01    2.350159E-01 
   347   -1.476942E-01    8.122018E-01    7.470757E-01    2.413552E-01 
   348   -1.464581E-01    8.076826E-01    7.412534E-01    2.476828E-01 
   349   -1.452151E-01    8.031867E-01    7.354742E-01    2.540208E-01 
   350   -1.439652E-01    7.987095E-01    7.297318E-01    2.603728E-01 
   351   -1.427083E-01    7.942470E-01    7.240210E-01    2.667395E-01 
   352   -1.414443E-01    7.897963E-01    7.183382E-01    2.731209E-01 
   353   -1.401731E-01    7.853563E-01    7.126818E-01    2.795141E-01 
   354   -1.388948E-01    7.809274E-01    7.070524E-01    2.859281E-01 
   355   -1.376092E-01    7.765123E-01    7.014534E-01    2.923706E-01 
   356   -1.363163E-01    7.721160E-01    6.958909E-01    2.988311E-01 
   357   -1.350159E-01    7.677454E-01    6.903736E-01    3.052941E-01 
   358   -1.337081E-01    7.634088E-01    6.849118E-01    3.117434E-01 
   359   -1.323928E-01    7.591152E-01    6.795163E-01    3.181604E-01 
   360   -1.310701E-01    7.548728E-01    6.741975E-01    3.245262E-01 
   361   -1.297399E-01    7.506893E-01    6.689642E-01    3.308236E-01 
   362   -1.284024E-01    7.465707E-01    6.638236E-01    3.370378E-01 
   363   -1.270575E-01    7.425214E-01    6.587806E-01    3.431582E-01 
   364   -1.257052E-01    7.385438E-01    6.538376E-01    3.491794E-01 
   365   -1.243458E-01    7.346378E-01    6.489940E-01    3.551008E-01 
   366   -1.229791E-01    7.308008E-01    6.442461E-01    3.609256E-01 
   367   -1.216054E-01    7.270270E-01    6.395860E-01    3.666605E-01 
   368   -1.202246E-01    7.233064E-01    6.350010E-01    3.723156E-01 
   369   -1.188368E-01    7.196247E-01    6.304731E-01    3.779070E-01 
   370   -1.174419E-01    7.159626E-01    6.259785E-01    3.834568E-01 
   371   -1.160400E-01    7.122960E-01    6.214873E-01    3.889945E-01 
   372   -1.146310E-01    7.085961E-01    6.169644E-01    3.945603E-01 
   373   -1.132147E-01    7.048306E-01    6.123708E-01    4.002222E-01 
   374   -1.117908E-01    7.009655E-01    6.076656E-01    4.060553E-01 
   375   -1.103591E-01    6.969678E-01    6.028096E-01    4.121340E-01 
   376   -1.089191E-01    6.928083E-01    5.977688E-01    4.185249E-01 
   377   -1.074703E-01    6.884653E-01    5.925182E-01    4.252803E-01 
   378   -1.060121E-01    6.839269E-01    5.870456E-01    4.324342E-01 
   379   -1.045439E-01    6.791938E-01    5.813536E-01    4.399983E-01 
   380   -1.030652E-01    6.742795E-01    5.754607E-01    4.479470E-01 
   381   -1.015754E-01    6.692093E-01    5.693990E-01    4.562333E-01 
   382   -1.000739E-01    6.640180E-01    5.632119E-01    4.647986E-01 
   383   -9.856030E-02    6.587464E-01    5.569491E-01    4.735754E-01 
   384   -9.703433E-02    6.534370E-01    5.506619E-01    4.824939E-01 
   385   -9.549576E-02    6.481299E-01    5.443981E-01    4.914827E-01 
   386   -9.394447E-02    6.428600E-01    5.381988E-01    5.004717E-01 
   387   -9.238042E-02    6.376557E-01    5.320967E-01    5.093967E-01 
   388   -9.080360E-02    6.325379E-01    5.261157E-01    5.182090E-01 
   389   -8.921409E-02    6.275204E-01    5.202706E-01    5.268766E-01 
   390   -8.761196E-02    6.226085E-01    5.145667E-01    5.353855E-01 
   391   -8.599734E-02    6.177990E-01    5.089992E-01    5.437399E-01 
   392   -8.437032E-02    6.130802E-01    5.035535E-01    5.519623E-01 
   393   -8.273095E-02    6.084334E-01    4.982069E-01    5.600923E-01 
   394   -8.107922E-02    6.038366E-01    4.929339E-01    5.682087E-01 
   395   -7.941500E-02    5.992683E-01    4.877094E-01    5.763686E-01 
   396   -7.773813E-02    5.947116E-01    4.825138E-01    5.845807E-01 
   397   -7.604839E-02    5.901562E-01    4.773357E-01    5.928456E-01 
   398   -7.434554E-02    5.856012E-01    4.721742E-01    6.011665E-01 
   399   -7.262932E-02    5.810558E-01    4.670398E-01    6.095631E-01 
   400   -7.089954E-02    5.765408E-01    4.619557E-01    6.179981E-01 
   401   -6.915606E-02    5.720857E-01    4.569549E-01    6.264144E-01 
   402   -6.739890E-02    5.677253E-01    4.520756E-01    6.347418E-01 
   403   -6.562824E-02    5.634952E-01    4.473567E-01    6.428964E-01 
   404   -6.384435E-02    5.594297E-01    4.428348E-01    6.507912E-01 
   405   -6.204761E-02    5.555619E-01    4.385451E-01    6.583351E-01 
   406   -6.023852E-02    5.519262E-01    4.345237E-01    6.654427E-01 
   407   -5.841773E-02    5.485612E-01    4.308112E-01    6.720368E-01 
   408   -5.658605E-02    5.455123E-01    4.274551E-01    6.780454E-01 
   409   -5.474444E-02    5.428329E-01    4.245115E-01    6.833817E-01 
   410   -5.289415E-02    5.405855E-01    4.220463E-01    6.879280E-01 
   411   -5.103669E-02    5.388371E-01    4.201300E-01    6.915320E-01 
   412   -4.917385E-02    5.376436E-01    4.188212E-01    6.940341E-01 
   413   -4.730769E-02    5.370185E-01    4.181330E-01    6.952326E-01 
   414   -4.544082E-02    5.369062E-01    4.180037E-01    6.947855E-01 
   415   -4.357526E-02    5.371889E-01    4.183049E-01    6.934917E-01 
   416   -4.171170E-02    5.377301E-01    4.188881E-01    6.920642E-01 
   417   -3.985056E-02    5.384181E-01    4.196315E-01    6.905184E-01 
   418   -3.799221E-02    5.391789E-01    4.204549E-01    6.889394E-01 
   419   -3.613663E-02    5.399681E-01    4.213094E-01    6.873672E-01 
   420   -3.428392E-02    5.407577E-01    4.221648E-01    6.858212E-01 
   421   -3.243388E-02    5.415292E-01    4.230006E-01    6.843211E-01 
   422   -3.058651E-02    5.422669E-01    4.237997E-01    6.829003E-01 
   423   -2.874173E-02    5.429577E-01    4.245476E-01    6.815889E-01 
   424   -2.689915E-02    5.435920E-01    4.252339E-01    6.804005E-01 
   425   -2.505865E-02    5.441650E-01    4.258530E-01    6.793442E-01 
   426   -2.321999E-02    5.446744E-01    4.264024E-01    6.784255E-01 
   427   -2.138298E-02    5.451194E-01    4.268809E-01    6.776447E-01 
   428   -1.954735E-02    5.455014E-01    4.272904E-01    6.769897E-01 
   429   -1.771284E-02    5.458248E-01    4.276354E-01    6.764430E-01 
   430   -1.587935E-02    5.460957E-01    4.279225E-01    6.759911E-01 
   431   -1.404665E-02    5.463206E-01    4.281591E-01    6.756207E-01 
   432   -1.221460E-02    5.465064E-01    4.283523E-01    6.753193E-01 
   433   -1.038310E-02    5.466601E-01    4.285100E-01    6.750718E-01 
   434   -8.552055E-03    5.467881E-01    4.286394E-01    6.748672E-01 
   435   -6.721349E-03    5.468961E-01    4.287464E-01    6.746976E-01 
   436   -4.890989E-03    5.469882E-01    4.288356E-01    6.745560E-01 
   437   -3.060934E-03    5.470677E-01    4.289107E-01    6.744350E-01 
   438   -1.231050E-03    5.471377E-01    4.289750E-01    6.743271E-01 
   439    5.985771E-04    5.472006E-01    4.290310E-01    6.742312E-01 
   440    2.428012E-03    5.472578E-01    4.290804E-01    6.741457E-01 
   441    4.257263E-03    5.473102E-01    4.291243E-01    6.740674E-01 
   442    6.086343E-03    5.473593E-01    4.291641E-01    6.739947E-01 
   443    7.915337E-03    5.474058E-01    4.292004E-01    6.739279E-01 
   444    9.744065E-03    5.474498E-01    4.292334E-01    6.738672E-01 
   445    1.157268E-02    5.474918E-01    4.292639E-01    6.738101E-01 
   446    1.340128E-02    5.475322E-01    4.292925E-01    6.737559E-01 
   447    1.522959E-02    5.475714E-01    4.293190E-01    6.737063E-01 
   448    1.705780E-02    5.476092E-01    4.293429E-01    6.736590E-01 
   449    1.888599E-02    5.476461E-01    4.293651E-01    6.736130E-01 
   450    2.071397E-02    5.476825E-01    4.293866E-01    6.735703E-01 
   451    2.254182E-02    5.477180E-01    4.294072E-01    6.735310E-01 
   452    2.436958E-02    5.477530E-01    4.294262E-01    6.734914E-01 
   453    2.619723E-02    5.477881E-01    4.294433E-01    6.734536E-01 
   454    2.802483E-02    5.478230E-01    4.294590E-01    6.734201E-01 
   455    2.985213E-02    5.478570E-01    4.294741E-01    6.733879E-01 
   456    3.167940E-02    5.478910E-01    4.294895E-01    6.733541E-01 
   457    3.350679E-02    5.479257E-01    4.295046E-01    6.733233E-01 
   458    3.533372E-02    5.479602E-01    4.295166E-01    6.732981E-01 
   459    3.716054E-02    5.479944E-01    4.295260E-01    6.732699E-01 
   460    3.898762E-02    5.480296E-01    4.295363E-01    6.732404E-01 
   461    4.081434E-02    5.480654E-01    4.295480E-01    6.732181E-01 
   462    4.264069E-02    5.481003E-01    4.295582E-01    6.731984E-01 
   463    4.446728E-02    5.481361E-01    4.295664E-01    6.731715E-01 
   464    4.629385E-02    5.481744E-01    4.295745E-01    6.731477E-01 
   465    4.811994E-02    5.482132E-01    4.295808E-01    6.731339E-01 
   466    4.994582E-02    5.482510E-01    4.295844E-01    6.731158E-01 
   467    5.177203E-02    5.482909E-01    4.295899E-01    6.730892E-01 
   468    5.359809E-02    5.483335E-01    4.295993E-01    6.730733E-01 
   469    5.542339E-02    5.483759E-01    4.296066E-01    6.730675E-01 
   470    5.724885E-02    5.484191E-01    4.296078E-01    6.730468E-01 
   471    5.907478E-02    5.484679E-01    4.296068E-01    6.730212E-01 
   472    6.089991E-02    5.485190E-01    4.296065E-01    6.730155E-01 
   473    6.272441E-02    5.485671E-01    4.296090E-01    6.730183E-01 
   474    6.454970E-02    5.486172E-01    4.296183E-01    6.729891E-01 
   475    6.637470E-02    5.486782E-01    4.296291E-01    6.729573E-01 
   476    6.819903E-02    5.487424E-01    4.296216E-01    6.729812E-01 
   477    7.002314E-02    5.488032E-01    4.295976E-01    6.729827E-01 
   478    7.184708E-02    5.488715E-01    4.295983E-01    6.729155E-01 
   479    7.367125E-02    5.489498E-01    4.296242E-01    6.729034E-01 
   480    7.549624E-02    5.490255E-01    4.296282E-01    6.730044E-01 
   481    7.731662E-02    5.491060E-01    4.296034E-01    6.728865E-01 
   482    7.913936E-02    5.492130E-01    4.296008E-01    6.728167E-01 
   483    8.096968E-02    5.493202E-01    4.295997E-01    6.729980E-01 
   484    8.278374E-02    5.494201E-01    4.295815E-01    6.729247E-01 
   485    8.460041E-02    5.495558E-01    4.295944E-01    6.726997E-01 
   486    8.644181E-02    5.497251E-01    4.296524E-01    6.729796E-01 
   487    8.825309E-02    5.499312E-01    4.297227E-01    6.730318E-01 
   488    9.004768E-02    5.502273E-01    4.297674E-01    6.724962E-01 
   489    9.191180E-02    5.506792E-01    4.297661E-01    6.730596E-01 
   490    9.372800E-02    5.511238E-01    4.294951E-01    6.730745E-01 
   491    9.546368E-02    5.513996E-01    4.288054E-01    6.722989E-01 
   492    9.737825E-02    5.513187E-01    4.277574E-01    6.732143E-01 
   493    9.919479E-02    5.498796E-01    4.256556E-01    6.729385E-01 
   494    1.008497E-01    5.467820E-01    4.232547E-01    6.722891E-01 
   495    1.028690E-01    5.402127E-01    4.222117E-01    6.733436E-01 
   496    1.046756E-01    5.319044E-01    4.254176E-01    6.724109E-01 
   497    1.064247E-01    5.221887E-01    4.306533E-01    6.729943E-01 
   498    1.086078E-01    5.099963E-01    4.358419E-01    6.727726E-01 
   499    1.111290E-01    4.948811E-01    4.482325E-01    6.744932E-01 
   500    1.095454E-01    5.042320E-01    3.510852E-01    6.702790E-01 
   501    1.114910E-01    4.925715E-01    3.728555E-01    6.683572E-01 
   502    1.128166E-01    4.840397E-01    3.948998E-01    6.718080E-01 
   503    1.135192E-01    4.795267E-01    4.161695E-01    6.730687E-01 
   504    1.137291E-01    4.782506E-01    4.336787E-01    6.725636E-01 
   505    1.141724E-01    4.757106E-01    4.427497E-01    6.709661E-01 
   506    1.151610E-01    4.705722E-01    4.437427E-01    6.723708E-01 
   507    1.157863E-01    4.676300E-01    4.429511E-01    6.747276E-01 
   508    1.160007E-01    4.666929E-01    4.419869E-01    6.746772E-01 
   509    1.161639E-01    4.660155E-01    4.407073E-01    6.734632E-01 
   510    1.167048E-01    4.640377E-01    4.383168E-01    6.711504E-01 
   511    1.174354E-01    4.618515E-01    4.358373E-01    6.721917E-01 
   512    1.180964E-01    4.602821E-01    4.339659E-01    6.722967E-01 
   513    1.187492E-01    4.591044E-01    4.325015E-01    6.721586E-01 
   514    1.192938E-01    4.583779E-01    4.314464E-01    6.717769E-01 
   515    1.199419E-01    4.577399E-01    4.304681E-01    6.735648E-01 
   516    1.204346E-01    4.573754E-01    4.297715E-01    6.737517E-01 
   517    1.208530E-01    4.571450E-01    4.292809E-01    6.733809E-01 
   518    1.213052E-01    4.569861E-01    4.288971E-01    6.727394E-01 
   519    1.218430E-01    4.568758E-01    4.285872E-01    6.725401E-01 
   520    1.224035E-01    4.568300E-01    4.283626E-01    6.723759E-01 
   521    1.229923E-01    4.568410E-01    4.282288E-01    6.722145E-01 
   522    1.236432E-01    4.568927E-01    4.281530E-01    6.723657E-01 
   523    1.242475E-01    4.569491E-01    4.280930E-01    6.728773E-01 
   524    1.247697E-01    4.570003E-01    4.280277E-01    6.731752E-01 
   525    1.252641E-01    4.570503E-01    4.279684E-01    6.730957E-01 
   526    1.257856E-01    4.571166E-01    4.279280E-01    6.726242E-01 
   527    1.263287E-01    4.571964E-01    4.279048E-01    6.726120E-01 
   528    1.268541E-01    4.572730E-01    4.278750E-01    6.726706E-01 
   529    1.273852E-01    4.573516E-01    4.278538E-01    6.725497E-01 
   530    1.279454E-01    4.574356E-01    4.278474E-01    6.725219E-01 
   531    1.285278E-01    4.575183E-01    4.278507E-01    6.728329E-01 
   532    1.290973E-01    4.575878E-01    4.278495E-01    6.730456E-01 
   533    1.296425E-01    4.576476E-01    4.278449E-01    6.729100E-01 
   534    1.301761E-01    4.577122E-01    4.278519E-01    6.726082E-01 
   535    1.307235E-01    4.577832E-01    4.278675E-01    6.724853E-01 
   536    1.312767E-01    4.578514E-01    4.278784E-01    6.726075E-01 
   537    1.318132E-01    4.579121E-01    4.278807E-01    6.726395E-01 
   538    1.323451E-01    4.579693E-01    4.278782E-01    6.726527E-01 
   539    1.328839E-01    4.580235E-01    4.278760E-01    6.727580E-01 
   540    1.334278E-01    4.580729E-01    4.278693E-01    6.728471E-01 
   541    1.339765E-01    4.581187E-01    4.278665E-01    6.728364E-01 
   542    1.345317E-01    4.581644E-01    4.278652E-01    6.727351E-01 
   543    1.350899E-01    4.582119E-01    4.278756E-01    6.726124E-01 
   544    1.356449E-01    4.582594E-01    4.278840E-01    6.725784E-01 
   545    1.361950E-01    4.583040E-01    4.278961E-01    6.726354E-01 
   546    1.367383E-01    4.583444E-01    4.278977E-01    6.726852E-01 
   547    1.372760E-01    4.583816E-01    4.279021E-01    6.727031E-01 
   548    1.378107E-01    4.584163E-01    4.278974E-01    6.727087E-01 
   549    1.383467E-01    4.584496E-01    4.278979E-01    6.726890E-01 
   550    1.388883E-01    4.584826E-01    4.278943E-01    6.726592E-01 
   551    1.394386E-01    4.585155E-01    4.278973E-01    6.726531E-01 
   552    1.399946E-01    4.585468E-01    4.278974E-01    6.726810E-01 
   553    1.405495E-01    4.585755E-01    4.278995E-01    6.727072E-01 
   554    1.410995E-01    4.586020E-01    4.278996E-01    6.727101E-01 
   555    1.416459E-01    4.586269E-01    4.278994E-01    6.726998E-01 
   556    1.421891E-01    4.586507E-01    4.279004E-01    6.726775E-01 
   557    1.427297E-01    4.586744E-01    4.278988E-01    6.726425E-01 
   558    1.432691E-01    4.586984E-01    4.279026E-01    6.726060E-01 
   559    1.438097E-01    4.587224E-01    4.279012E-01    6.725888E-01 
   560    1.443541E-01    4.587455E-01    4.279059E-01    6.726121E-01 
   561    1.449018E-01    4.587667E-01    4.279023E-01    6.726657E-01 
   562    1.454513E-01    4.587855E-01    4.279042E-01    6.727047E-01 
   563    1.460001E-01    4.588025E-01    4.278981E-01    6.727111E-01 
   564    1.465481E-01    4.588186E-01    4.278990E-01    6.726945E-01 
   565    1.470946E-01    4.588344E-01    4.278946E-01    6.726698E-01 
   566    1.476401E-01    4.588505E-01    4.278966E-01    6.726434E-01 
   567    1.481838E-01    4.588669E-01    4.278955E-01    6.726161E-01 
   568    1.487267E-01    4.588833E-01    4.278979E-01    6.725970E-01 
   569    1.492695E-01    4.588993E-01    4.278986E-01    6.725954E-01 
   570    1.498130E-01    4.589143E-01    4.278987E-01    6.726125E-01 
   571    1.503581E-01    4.589280E-01    4.278994E-01    6.726366E-01 
   572    1.509042E-01    4.589405E-01    4.278962E-01    6.726513E-01 
   573    1.514512E-01    4.589521E-01    4.278971E-01    6.726541E-01 
   574    1.519983E-01    4.589629E-01    4.278923E-01    6.726497E-01 
   575    1.525451E-01    4.589733E-01    4.278941E-01    6.726417E-01 
   576    1.530908E-01    4.589834E-01    4.278891E-01    6.726314E-01 
   577    1.536360E-01    4.589934E-01    4.278917E-01    6.726186E-01 
   578    1.541800E-01    4.590034E-01    4.278877E-01    6.726055E-01 
   579    1.547239E-01    4.590135E-01    4.278907E-01    6.725931E-01 
   580    1.552677E-01    4.590234E-01    4.278880E-01    6.725873E-01 
   581    1.558120E-01    4.590328E-01    4.278899E-01    6.725908E-01 
   582    1.563572E-01    4.590414E-01    4.278876E-01    6.726011E-01 
   583    1.569031E-01    4.590492E-01    4.278872E-01    6.726113E-01 
   584    1.574492E-01    4.590562E-01    4.278854E-01    6.726167E-01 
   585    1.579952E-01    4.590626E-01    4.278828E-01    6.726162E-01 
   586    1.585411E-01    4.590686E-01    4.278823E-01    6.726104E-01 
   587    1.590862E-01    4.590744E-01    4.278782E-01    6.726015E-01 
   588    1.596312E-01    4.590803E-01    4.278796E-01    6.725908E-01 
   589    1.601756E-01    4.590862E-01    4.278753E-01    6.725813E-01 
   590    1.607202E-01    4.590923E-01    4.278781E-01    6.725738E-01 
   591    1.612646E-01    4.590982E-01    4.278740E-01    6.725700E-01 
   592    1.618095E-01    4.591037E-01    4.278766E-01    6.725711E-01 
   593    1.623545E-01    4.591087E-01    4.278722E-01    6.725750E-01 
   594    1.629000E-01    4.591131E-01    4.278733E-01    6.725780E-01 
   595    1.634454E-01    4.591170E-01    4.278691E-01    6.725789E-01 
   596    1.639909E-01    4.591204E-01    4.278686E-01    6.725763E-01 
   597    1.645364E-01    4.591237E-01    4.278656E-01    6.725717E-01 
   598    1.650814E-01    4.591268E-01    4.278638E-01    6.725663E-01 
   599    1.656264E-01    4.591299E-01    4.278627E-01    6.725596E-01 
   600    1.661711E-01    4.591330E-01    4.278598E-01    6.725533E-01 
   601    1.667159E-01    4.591360E-01    4.278606E-01    6.725480E-01 
   602    1.672606E-01    4.591390E-01    4.278565E-01    6.725444E-01 
   603    1.678056E-01    4.591418E-01    4.278583E-01    6.725426E-01 
   604    1.683506E-01    4.591442E-01    4.278534E-01    6.725418E-01 
   605    1.688959E-01    4.591464E-01    4.278551E-01    6.725409E-01 
   606    1.694410E-01    4.591482E-01    4.278498E-01    6.725399E-01 
   607    1.699863E-01    4.591498E-01    4.278508E-01    6.725373E-01 
   608    1.705314E-01    4.591512E-01    4.278460E-01    6.725340E-01 
   609    1.710765E-01    4.591525E-01    4.278461E-01    6.725297E-01 
   610    1.716215E-01    4.591538E-01    4.278426E-01    6.725246E-01 
   611    1.721663E-01    4.591550E-01    4.278417E-01    6.725199E-01 
   612    1.727112E-01    4.591562E-01    4.278399E-01    6.725155E-01 
   613    1.732561E-01    4.591573E-01    4.278377E-01    6.725119E-01 
   614    1.738011E-01    4.591582E-01    4.278375E-01    6.725093E-01 
   615    1.743461E-01    4.591590E-01    4.278337E-01    6.725071E-01 
   616    1.748913E-01    4.591596E-01    4.278345E-01    6.725049E-01 
   617    1.754363E-01    4.591600E-01    4.278295E-01    6.725028E-01 
   618    1.759815E-01    4.591603E-01    4.278309E-01    6.724996E-01 
   619    1.765265E-01    4.591604E-01    4.278253E-01    6.724965E-01 
   620    1.770715E-01    4.591605E-01    4.278266E-01    6.724926E-01 
   621    1.776165E-01    4.591604E-01    4.278215E-01    6.724885E-01 
   622    1.781614E-01    4.591603E-01    4.278221E-01    6.724847E-01 
   623    1.787064E-01    4.591602E-01    4.278180E-01    6.724808E-01 
   624    1.792513E-01    4.591599E-01    4.278175E-01    6.724773E-01 
   625    1.797964E-01    4.591595E-01    4.278147E-01    6.724741E-01 
   626    1.803414E-01    4.591591E-01    4.278128E-01    6.724709E-01 
   627    1.808865E-01    4.591584E-01    4.278114E-01    6.724680E-01 
   628    1.814315E-01    4.591577E-01    4.278078E-01    6.724646E-01 
   629    1.819766E-01    4.591568E-01    4.278077E-01    6.724610E-01 
   630    1.825216E-01    4.591558E-01    4.278027E-01    6.724574E-01 
   631    1.830667E-01    4.591548E-01    4.278035E-01    6.724529E-01 
   632    1.836116E-01    4.591537E-01    4.277977E-01    6.724488E-01 
   633    1.841566E-01    4.591525E-01    4.277988E-01    6.724444E-01 
   634    1.847016E-01    4.591512E-01    4.277931E-01    6.724401E-01 
   635    1.852466E-01    4.591499E-01    4.277936E-01    6.724361E-01 
   636    1.857917E-01    4.591484E-01    4.277886E-01    6.724318E-01 
   637    1.863367E-01    4.591469E-01    4.277882E-01    6.724279E-01 
   638    1.868818E-01    4.591454E-01    4.277842E-01    6.724237E-01 
   639    1.874268E-01    4.591437E-01    4.277824E-01    6.724194E-01 
   640    1.879719E-01    4.591419E-01    4.277798E-01    6.724153E-01 
   641    1.885169E-01    4.591401E-01    4.277765E-01    6.724109E-01 
   642    1.890620E-01    4.591381E-01    4.277753E-01    6.724065E-01 
   643    1.896069E-01    4.591360E-01    4.277703E-01    6.724024E-01 
   644    1.901521E-01    4.591339E-01    4.277701E-01    6.723976E-01 
   645    1.906970E-01    4.591315E-01    4.277639E-01    6.723935E-01 
   646    1.912421E-01    4.591290E-01    4.277640E-01    6.723887E-01 
   647    1.917871E-01    4.591263E-01    4.277571E-01    6.723841E-01 
   648    1.923322E-01    4.591234E-01    4.277566E-01    6.723793E-01 
   649    1.928773E-01    4.591202E-01    4.277496E-01    6.723736E-01 
   650    1.934223E-01    4.591168E-01    4.277479E-01    6.723678E-01 
   651    1.939674E-01    4.591132E-01    4.277413E-01    6.723607E-01 
   652    1.945125E-01    4.591094E-01    4.277380E-01    6.723528E-01 
   653    1.950576E-01    4.591054E-01    4.277324E-01    6.723444E-01 
   654    1.956026E-01    4.591013E-01    4.277274E-01    6.723346E-01 
   655    1.961477E-01    4.590971E-01    4.277233E-01    6.723244E-01 
   656    1.966927E-01    4.590930E-01    4.277169E-01    6.723134E-01 
   657    1.972380E-01    4.590891E-01    4.277144E-01    6.723011E-01 
   658    1.977829E-01    4.590854E-01    4.277074E-01    6.722893E-01 
   659    1.983282E-01    4.590821E-01    4.277067E-01    6.722759E-01 
   660    1.988732E-01    4.590793E-01    4.277001E-01    6.722638E-01 
   661    1.994184E-01    4.590769E-01    4.277010E-01    6.722525E-01 
   662    1.999635E-01    4.590751E-01    4.276959E-01    6.722435E-01 
   663    2.005086E-01    4.590739E-01    4.276978E-01    6.722396E-01 
   664    2.010538E-01    4.590730E-01    4.276948E-01    6.722394E-01 
   665    2.015989E-01    4.590725E-01    4.276967E-01    6.722452E-01 
   666    2.021441E-01    4.590720E-01    4.276953E-01    6.722549E-01 
   667    2.026892E-01    4.590712E-01    4.276957E-01    6.722666E-01 
   668    2.032343E-01    4.590697E-01    4.276947E-01    6.722799E-01 
   669    2.037794E-01    4.590672E-01    4.276913E-01    6.722918E-01 
   670    2.043246E-01    4.590630E-01    4.276883E-01    6.723017E-01 
   671    2.048696E-01    4.590568E-01    4.276786E-01    6.723093E-01 
   672    2.054148E-01    4.590478E-01    4.276705E-01    6.723116E-01 
   673    2.059598E-01    4.590358E-01    4.276525E-01    6.723098E-01 
   674    2.065050E-01    4.590203E-01    4.276364E-01    6.723010E-01 
   675    2.070500E-01    4.590012E-01    4.276088E-01    6.722847E-01 
   676    2.075952E-01    4.589783E-01    4.275830E-01    6.722566E-01 
   677    2.081403E-01    4.589519E-01    4.275464E-01    6.722136E-01 
   678    2.086855E-01    4.589225E-01    4.275114E-01    6.721550E-01 
   679    2.092307E-01    4.588910E-01    4.274691E-01    6.720787E-01 
   680    2.097760E-01    4.588585E-01    4.274289E-01    6.719849E-01 
   681    2.103214E-01    4.588262E-01    4.273871E-01    6.718752E-01 
   682    2.108668E-01    4.587960E-01    4.273485E-01    6.717499E-01 
   683    2.114123E-01    4.587693E-01    4.273155E-01    6.716119E-01 
   684    2.119578E-01    4.587481E-01    4.272872E-01    6.714649E-01 
   685    2.125036E-01    4.587338E-01    4.272718E-01    6.713197E-01 
   686    2.130492E-01    4.587279E-01    4.272621E-01    6.712009E-01 
   687    2.135952E-01    4.587310E-01    4.272703E-01    6.711263E-01 
   688    2.141409E-01    4.587437E-01    4.272843E-01    6.711231E-01 
   689    2.146868E-01    4.587654E-01    4.273169E-01    6.711971E-01 
   690    2.152325E-01    4.587949E-01    4.273530E-01    6.713401E-01 
   691    2.157782E-01    4.588304E-01    4.274031E-01    6.715370E-01 
   692    2.163238E-01    4.588690E-01    4.274517E-01    6.717625E-01 
   693    2.168691E-01    4.589072E-01    4.275045E-01    6.720012E-01 
   694    2.174144E-01    4.589407E-01    4.275477E-01    6.722365E-01 
   695    2.179595E-01    4.589650E-01    4.275810E-01    6.724520E-01 
   696    2.185044E-01    4.589748E-01    4.275947E-01    6.726382E-01 
   697    2.190492E-01    4.589652E-01    4.275824E-01    6.727839E-01 
   698    2.195941E-01    4.589312E-01    4.275405E-01    6.728824E-01 
   699    2.201387E-01    4.588684E-01    4.274574E-01    6.729235E-01 
   700    2.206836E-01    4.587735E-01    4.273370E-01    6.729000E-01 
   701    2.212282E-01    4.586442E-01    4.271662E-01    6.728020E-01 
   702    2.217732E-01    4.584802E-01    4.269563E-01    6.726146E-01 
   703    2.223182E-01    4.582832E-01    4.266967E-01    6.723161E-01 
   704    2.228635E-01    4.580572E-01    4.264060E-01    6.718808E-01 
   705    2.234092E-01    4.578088E-01    4.260798E-01    6.712948E-01 
   706    2.239553E-01    4.575473E-01    4.257423E-01    6.705510E-01 
   707    2.245019E-01    4.572842E-01    4.253979E-01    6.696585E-01 
   708    2.250491E-01    4.570331E-01    4.250731E-01    6.686274E-01 
   709    2.255971E-01    4.568086E-01    4.247807E-01    6.674697E-01 
   710    2.261457E-01    4.566260E-01    4.245438E-01    6.662231E-01 
   711    2.266951E-01    4.564991E-01    4.243801E-01    6.649716E-01 
   712    2.272451E-01    4.564399E-01    4.243026E-01    6.638939E-01 
   713    2.277958E-01    4.564564E-01    4.243270E-01    6.631997E-01 
   714    2.283466E-01    4.565514E-01    4.244491E-01    6.630685E-01 
   715    2.288976E-01    4.567215E-01    4.246746E-01    6.636248E-01 
   716    2.294478E-01    4.569553E-01    4.249768E-01    6.647805E-01 
   717    2.299974E-01    4.572340E-01    4.253441E-01    6.664168E-01 
   718    2.305458E-01    4.575301E-01    4.257273E-01    6.683310E-01 
   719    2.310930E-01    4.578091E-01    4.260946E-01    6.703636E-01 
   720    2.316388E-01    4.580290E-01    4.263788E-01    6.723882E-01 
   721    2.321835E-01    4.581421E-01    4.265283E-01    6.742519E-01 
   722    2.327270E-01    4.580957E-01    4.264647E-01    6.758701E-01 
   723    2.332696E-01    4.578333E-01    4.261202E-01    6.771257E-01 
   724    2.338115E-01    4.572959E-01    4.254125E-01    6.779893E-01 
   725    2.343531E-01    4.564230E-01    4.242626E-01    6.783829E-01 
   726    2.348948E-01    4.551541E-01    4.225928E-01    6.781703E-01 
   727    2.354369E-01    4.534320E-01    4.203224E-01    6.772241E-01 
   728    2.359803E-01    4.512009E-01    4.173856E-01    6.754893E-01 
   729    2.365253E-01    4.484093E-01    4.137058E-01    6.725968E-01 
   730    2.370731E-01    4.450095E-01    4.092365E-01    6.681458E-01 
   731    2.376246E-01    4.409627E-01    4.039168E-01    6.620253E-01 
   732    2.381812E-01    4.362305E-01    3.977174E-01    6.539257E-01 
   733    2.387440E-01    4.307890E-01    3.906062E-01    6.435211E-01 
   734    2.393151E-01    4.246190E-01    3.825819E-01    6.306700E-01 
   735    2.398958E-01    4.177138E-01    3.736426E-01    6.148664E-01 
   736    2.404883E-01    4.100752E-01    3.638223E-01    5.960178E-01 
   737    2.410946E-01    4.017249E-01    3.531642E-01    5.744321E-01 
   738    2.417168E-01    3.926991E-01    3.417493E-01    5.496092E-01 
   739    2.423568E-01    3.830653E-01    3.296908E-01    5.210419E-01 
   740    2.430170E-01    3.729061E-01    3.171184E-01    4.889163E-01 
   741    2.436997E-01    3.623280E-01    3.041975E-01    4.539812E-01 
   742    2.444065E-01    3.514753E-01    2.911257E-01    4.165021E-01 
   743    2.451391E-01    3.405177E-01    2.781310E-01    3.763604E-01 
   744    2.458986E-01    3.296483E-01    2.654431E-01    3.343109E-01 
   745    2.466862E-01    3.190586E-01    2.532910E-01    2.917945E-01 
   746    2.475016E-01    3.089561E-01    2.418920E-01    2.497999E-01 
   747    2.483445E-01    2.995237E-01    2.314307E-01    2.093508E-01 
   748    2.492133E-01    2.909189E-01    2.220418E-01    1.715391E-01 
   749    2.501062E-01    2.832513E-01    2.138075E-01    1.376728E-01 
   750    2.510205E-01    2.765852E-01    2.067486E-01    1.082981E-01 
   751    2.519534E-01    2.709252E-01    2.008302E-01    8.368981E-02 
   752    2.529018E-01    2.662288E-01    1.959706E-01    6.357070E-02 
   753    2.538629E-01    2.624149E-01    1.920577E-01    4.759544E-02 
   754    2.548340E-01    2.593792E-01    1.889644E-01    3.524448E-02 
   755    2.558128E-01    2.570072E-01    1.865590E-01    2.581577E-02 
   756    2.567976E-01    2.551831E-01    1.847155E-01    1.872861E-02 
   757    2.577869E-01    2.538000E-01    1.833212E-01    1.348056E-02 
   758    2.587794E-01    2.527646E-01    1.822790E-01    9.640627E-03 
   759    2.597743E-01    2.519979E-01    1.815079E-01    6.857900E-03 
   760    2.607710E-01    2.514354E-01    1.809425E-01    4.856946E-03 
   761    2.617690E-01    2.510261E-01    1.805312E-01    3.427129E-03 
   762    2.627678E-01    2.507303E-01    1.802339E-01    2.410580E-03 
   763    2.637673E-01    2.505178E-01    1.800204E-01    1.690908E-03 
   764    2.647672E-01    2.503660E-01    1.798679E-01    1.183177E-03 
   765    2.657675E-01    2.502581E-01    1.797594E-01    8.259396E-04 
   766    2.667679E-01    2.501817E-01    1.796827E-01    5.751036E-04 
   767    2.677686E-01    2.501278E-01    1.796285E-01    3.992258E-04 
   768    2.687693E-01    2.500900E-01    1.795904E-01    2.759930E-04 
   769    2.697701E-01    2.500635E-01    1.795638E-01    1.896317E-04 
   770    2.707710E-01    2.500450E-01    1.795452E-01    1.290257E-04 
   771    2.717719E-01    2.500321E-01    1.795323E-01    8.635895E-05 
   772    2.727729E-01    2.500233E-01    1.795234E-01    5.614610E-05 
   773    2.737738E-01    2.500173E-01    1.795173E-01    3.454151E-05 
   774    2.747748E-01    2.500132E-01    1.795133E-01    1.885016E-05 
   775    2.757757E-01    2.500106E-01    1.795106E-01    7.182417E-06 
   776    2.767767E-01    2.500089E-01    1.795090E-01   -1.788935E-06 
   777    2.777777E-01    2.500080E-01    1.795081E-01   -8.999214E-06 
   778    2.787787E-01    2.500077E-01    1.795077E-01   -1.511127E-05 
   779    2.797796E-01    2.500077E-01    1.795078E-01   -2.059902E-05 
   780    2.807806E-01    2.500081E-01    1.795081E-01   -2.580575E-05 
   781    2.817816E-01    2.500087E-01    1.795087E-01   -3.098483E-05 
   782    2.827825E-01    2.500095E-01    1.795096E-01   -3.632797E-05 
   783    2.837835E-01    2.500106E-01    1.795106E-01   -4.198496E-05 
   784    2.847845E-01    2.500118E-01    1.795119E-01   -4.807727E-05 
   785    2.857854E-01    2.500132E-01    1.795133E-01   -5.470751E-05 
   786    2.867864E-01    2.500148E-01    1.795149E-01   -6.196589E-05 
   787    2.877873E-01    2.500167E-01    1.795167E-01   -6.993458E-05 
   788    2.887882E-01    2.500187E-01    1.795188E-01   -7.869066E-05 
   789    2.897892E-01    2.500209E-01    1.795210E-01   -8.830801E-05 
   790    2.907901E-01    2.500234E-01    1.795235E-01   -9.885841E-05 
   791    2.917910E-01    2.500261E-01    1.795262E-01   -1.104121E-04 
   792    2.927919E-01    2.500291E-01    1.795292E-01   -1.230381E-04 
   793    2.937928E-01    2.500323E-01    1.795325E-01   -1.368039E-04 
   794    2.947936E-01    2.500358E-01    1.795360E-01   -1.517751E-04 
   795    2.957945E-01    2.500397E-01    1.795399E-01   -1.680150E-04 
   796    2.967953E-01    2.500438E-01    1.795441E-01   -1.855837E-04 
   797    2.977962E-01    2.500483E-01    1.795486E-01   -2.045375E-04 
   798    2.987970E-01    2.500531E-01    1.795534E-01   -2.249276E-04 
   799    2.997977E-01    2.500583E-01    1.795586E-01   -2.467992E-04 
   800    3.007985E-01    2.500639E-01    1.795642E-01   -2.701906E-04 
   801    3.017993E-01    2.500698E-01    1.795701E-01   -2.951318E-04 
   802    3.028000E-01    2.500761E-01    1.795765E-01   -3.216432E-04 
   803    3.038007E-01    2.500828E-01    1.795832E-01   -3.497346E-04 
   804    3.048013E-01    2.500898E-01    1.795903E-01   -3.794039E-04 
   805    3.058020E-01    2.500973E-01    1.795978E-01   -4.106360E-04 
   806    3.068026E-01    2.501051E-01    1.796056E-01   -4.434013E-04 
   807    3.078031E-01    2.501133E-01    1.796139E-01   -4.776552E-04 
   808    3.088037E-01    2.501218E-01    1.796225E-01   -5.133368E-04 
   809    3.098042E-01    2.501307E-01    1.796314E-01   -5.503681E-04 
   810    3.108046E-01    2.501399E-01    1.796406E-01   -5.886536E-04 
   811    3.118051E-01    2.501494E-01    1.796502E-01   -6.280796E-04 
   812    3.128054E-01    2.501591E-01    1.796600E-01   -6.685139E-04 
   813    3.138058E-01    2.501691E-01    1.796700E-01   -7.098061E-04 
   814    3.148061E-01    2.501793E-01    1.796803E-01   -7.517877E-04 
   815    3.158064E-01    2.501896E-01    1.796906E-01   -7.942727E-04 
   816    3.168066E-01    2.502001E-01    1.797011E-01   -8.370585E-04 
   817    3.178068E-01    2.502105E-01    1.797117E-01   -8.799270E-04 
   818    3.188069E-01    2.502210E-01    1.797222E-01   -9.226459E-04 
   819    3.198070E-01    2.502314E-01    1.797327E-01   -9.649710E-04 
   820    3.208071E-01    2.502417E-01    1.797431E-01   -1.006648E-03 
   821    3.218071E-01    2.502519E-01    1.797532E-01   -1.047414E-03 
   822    3.228070E-01    2.502618E-01    1.797632E-01   -1.087003E-03 
   823    3.238070E-01    2.502714E-01    1.797728E-01   -1.125145E-03 
   824    3.248069E-01    2.502806E-01    1.797821E-01   -1.161572E-03 
   825    3.258067E-01    2.502893E-01    1.797909E-01   -1.196019E-03 
   826    3.268065E-01    2.502976E-01    1.797992E-01   -1.228227E-03 
   827    3.278063E-01    2.503053E-01    1.798070E-01   -1.257951E-03 
   828    3.288061E-01    2.503124E-01    1.798141E-01   -1.284958E-03 
   829    3.298058E-01    2.503188E-01    1.798206E-01   -1.309035E-03 
   830    3.308055E-01    2.503245E-01    1.798263E-01   -1.329983E-03 
   831    3.318052E-01    2.503294E-01    1.798312E-01   -1.347596E-03 
   832    3.328048E-01    2.503334E-01    1.798352E-01   -1.361644E-03 
   833    3.338045E-01    2.503364E-01    1.798382E-01   -1.371996E-03 
   834    3.348041E-01    2.503383E-01    1.798401E-01   -1.378613E-03 
   835    3.358037E-01    2.503389E-01    1.798407E-01   -1.381514E-03 
   836    3.368034E-01    2.503379E-01    1.798398E-01   -1.380407E-03 
   837    3.378030E-01    2.503352E-01    1.798370E-01   -1.374033E-03 
   838    3.388026E-01    2.503303E-01    1.798321E-01   -1.360229E-03 
   839    3.398023E-01    2.503230E-01    1.798247E-01   -1.336375E-03 
   840    3.408019E-01    2.503129E-01    1.798146E-01   -1.300369E-03 
   841    3.418017E-01    2.502998E-01    1.798014E-01   -1.250828E-03 
   842    3.428014E-01    2.502835E-01    1.797850E-01   -1.186840E-03 
   843    3.438013E-01    2.502640E-01    1.797654E-01   -1.107811E-03 
   844    3.448012E-01    2.502413E-01    1.797426E-01   -1.013900E-03 
   845    3.458012E-01    2.502158E-01    1.797169E-01   -9.060116E-04 
   846    3.468014E-01    2.501877E-01    1.796887E-01   -7.857392E-04 
   847    3.478017E-01    2.501576E-01    1.796584E-01   -6.554519E-04 
   848    3.488021E-01    2.501262E-01    1.796268E-01   -5.179648E-04 
   849    3.498026E-01    2.500943E-01    1.795948E-01   -3.766957E-04 
   850    3.508033E-01    2.500628E-01    1.795631E-01   -2.356419E-04 
   851    3.518042E-01    2.500326E-01    1.795328E-01   -9.935474E-05 
   852    3.528052E-01    2.500047E-01    1.795048E-01    2.705116E-05 
   853    3.538063E-01    2.499801E-01    1.794800E-01    1.386508E-04 
   854    3.548075E-01    2.499594E-01    1.794591E-01    2.312016E-04 
   855    3.558087E-01    2.499432E-01    1.794429E-01    3.019248E-04 
   856    3.568101E-01    2.499318E-01    1.794314E-01    3.485291E-04 
   857    3.578115E-01    2.499251E-01    1.794247E-01    3.665245E-04 
   858    3.588129E-01    2.499228E-01    1.794224E-01    3.554788E-04 
   859    3.598142E-01    2.499242E-01    1.794238E-01    3.234487E-04 
   860    3.608156E-01    2.499285E-01    1.794281E-01    2.828611E-04 
   861    3.618169E-01    2.499348E-01    1.794344E-01    2.413116E-04 
   862    3.628181E-01    2.499422E-01    1.794419E-01    2.016084E-04 
   863    3.638193E-01    2.499502E-01    1.794499E-01    1.643618E-04 
   864    3.648205E-01    2.499582E-01    1.794579E-01    1.307063E-04 
   865    3.658217E-01    2.499657E-01    1.794656E-01    1.010778E-04 
   866    3.668228E-01    2.499727E-01    1.794725E-01    7.539922E-05 
   867    3.678238E-01    2.499789E-01    1.794788E-01    5.337252E-05 
   868    3.688249E-01    2.499843E-01    1.794843E-01    3.459209E-05 
   869    3.698259E-01    2.499890E-01    1.794890E-01    1.880020E-05 
   870    3.708270E-01    2.499930E-01    1.794930E-01    5.845259E-06 
   871    3.718280E-01    2.499964E-01    1.794963E-01   -4.391314E-06 
   872    3.728290E-01    2.499991E-01    1.794991E-01   -1.222437E-05 
   873    3.738300E-01    2.500012E-01    1.795012E-01   -1.814505E-05 
   874    3.748309E-01    2.500029E-01    1.795029E-01   -2.271449E-05 
   875    3.758319E-01    2.500041E-01    1.795041E-01   -2.608197E-05 
   876    3.768329E-01    2.500050E-01    1.795050E-01   -2.819144E-05 
   877    3.778339E-01    2.500056E-01    1.795056E-01   -2.911174E-05 
   878    3.788349E-01    2.500058E-01    1.795059E-01   -2.861161E-05 
   879    3.798358E-01    2.500058E-01    1.795058E-01   -2.686217E-05 
   880    3.808368E-01    2.500055E-01    1.795055E-01   -2.473385E-05 
   881    3.818378E-01    2.500050E-01    1.795050E-01   -2.318941E-05 
   882    3.828388E-01    2.500044E-01    1.795044E-01   -2.227113E-05 
   883    3.838398E-01    2.500038E-01    1.795038E-01   -2.095186E-05 
   884    3.848408E-01    2.500033E-01    1.795033E-01   -1.741428E-05 
   885    3.858417E-01    2.500029E-01    1.795029E-01   -1.117867E-05 
   886    3.868427E-01    2.500025E-01    1.795025E-01   -5.621367E-06 
   887    3.878437E-01    2.500023E-01    1.795023E-01   -4.848320E-06 
   888    3.888447E-01    2.500023E-01    1.795023E-01   -7.480541E-06 
   889    3.898457E-01    2.500023E-01    1.795023E-01   -1.089197E-05 
   890    3.908467E-01    2.500026E-01    1.795026E-01   -1.378276E-05 
   891    3.918477E-01    2.500029E-01    1.795029E-01   -1.568923E-05 
   892    3.928487E-01    2.500033E-01    1.795033E-01   -1.750998E-05 
   893    3.938497E-01    2.500037E-01    1.795037E-01   -1.983763E-05 
   894    3.948506E-01    2.500042E-01    1.795042E-01   -2.204368E-05 
   895    3.958516E-01    2.500046E-01    1.795046E-01   -2.336700E-05 
   896    3.968526E-01    2.500049E-01    1.795049E-01   -2.366535E-05 
   897    3.978536E-01    2.500050E-01    1.795051E-01   -2.347456E-05 
   898    3.988546E-01    2.500051E-01    1.795051E-01   -2.305074E-05 
   899    3.998555E-01    2.500050E-01    1.795050E-01   -2.270184E-05 
   900    4.008565E-01    2.500048E-01    1.795048E-01   -2.318083E-05 
   901    4.018575E-01    2.500045E-01    1.795046E-01   -2.374726E-05 
   902    4.028585E-01    2.500043E-01    1.795043E-01   -2.266376E-05 
   903    4.038595E-01    2.500040E-01    1.795041E-01   -1.947033E-05 
   904    4.048605E-01    2.500038E-01    1.795038E-01   -1.452824E-05 
   905    4.058614E-01    2.500035E-01    1.795035E-01   -1.090913E-05 
   906    4.068624E-01    2.500032E-01    1.795032E-01   -1.144363E-05 
   907    4.078634E-01    2.500029E-01    1.795030E-01   -1.377671E-05 
   908    4.088644E-01    2.500028E-01    1.795028E-01   -1.544782E-05 
   909    4.098654E-01    2.500028E-01    1.795028E-01   -1.582650E-05 
   910    4.108665E-01    2.500029E-01    1.795029E-01   -1.446525E-05 
   911    4.118674E-01    2.500031E-01    1.795031E-01   -1.389699E-05 
   912    4.128683E-01    2.500032E-01    1.795033E-01   -1.609263E-05 
   913    4.138693E-01    2.500035E-01    1.795035E-01   -1.847386E-05 
   914    4.148703E-01    2.500037E-01    1.795037E-01   -1.921212E-05 
   915    4.158714E-01    2.500039E-01    1.795039E-01   -1.924867E-05 
   916    4.168724E-01    2.500040E-01    1.795040E-01   -1.880544E-05 
   917    4.178733E-01    2.500039E-01    1.795039E-01   -1.723637E-05 
   918    4.188742E-01    2.500038E-01    1.795038E-01   -1.791706E-05 
   919    4.198752E-01    2.500036E-01    1.795036E-01   -2.051167E-05 
   920    4.208762E-01    2.500035E-01    1.795035E-01   -2.166678E-05 
   921    4.218773E-01    2.500034E-01    1.795034E-01   -2.015998E-05 
   922    4.228784E-01    2.500033E-01    1.795033E-01   -1.605406E-05 
   923    4.238793E-01    2.500031E-01    1.795031E-01   -8.887057E-06 
   924    4.248801E-01    2.500028E-01    1.795028E-01   -7.995205E-06 
   925    4.258811E-01    2.500025E-01    1.795025E-01   -1.286546E-05 
   926    4.268821E-01    2.500024E-01    1.795025E-01   -1.686098E-05 
   927    4.278833E-01    2.500025E-01    1.795025E-01   -1.804492E-05 
   928    4.288844E-01    2.500025E-01    1.795025E-01   -1.597467E-05 
   929    4.298853E-01    2.500025E-01    1.795025E-01   -8.482777E-06 
   930    4.308860E-01    2.500024E-01    1.795024E-01   -8.295285E-06 
   931    4.318869E-01    2.500024E-01    1.795024E-01   -1.560978E-05 
   932    4.328880E-01    2.500026E-01    1.795026E-01   -2.085975E-05 
   933    4.338893E-01    2.500028E-01    1.795028E-01   -2.131210E-05 
   934    4.348905E-01    2.500029E-01    1.795029E-01   -1.796015E-05 
   935    4.358914E-01    2.500028E-01    1.795028E-01   -8.001623E-06 
   936    4.368919E-01    2.500024E-01    1.795024E-01   -4.249689E-06 
   937    4.378927E-01    2.500020E-01    1.795020E-01   -1.385847E-05 
   938    4.388938E-01    2.500019E-01    1.795019E-01   -2.303951E-05 
   939    4.398952E-01    2.500020E-01    1.795020E-01   -2.537003E-05 
   940    4.408966E-01    2.500021E-01    1.795021E-01   -1.906126E-05 
   941    4.418976E-01    2.500019E-01    1.795019E-01    1.215966E-06 
   942    4.428979E-01    2.500014E-01    1.795014E-01    7.876978E-06 
   943    4.438983E-01    2.500009E-01    1.795009E-01   -1.038669E-05 
   944    4.448994E-01    2.500011E-01    1.795011E-01   -2.716269E-05 
   945    4.459011E-01    2.500015E-01    1.795015E-01   -3.053879E-05 
   946    4.469031E-01    2.500018E-01    1.795018E-01   -1.711059E-05 
   947    4.479042E-01    2.500016E-01    1.795016E-01    5.979871E-06 
   948    4.489037E-01    2.500009E-01    1.795009E-01    9.854215E-06 
   949    4.499036E-01    2.500003E-01    1.795003E-01   -1.359864E-05 
   950    4.509049E-01    2.500004E-01    1.795004E-01   -3.152072E-05 
   951    4.519073E-01    2.500009E-01    1.795009E-01   -3.987251E-05 
   952    4.529097E-01    2.500012E-01    1.795012E-01   -2.878297E-05 
   953    4.539108E-01    2.500007E-01    1.795007E-01    2.192424E-05 
   954    4.549096E-01    2.499993E-01    1.794993E-01    3.199852E-05 
   955    4.559090E-01    2.499980E-01    1.794980E-01   -1.423045E-06 
   956    4.569096E-01    2.499983E-01    1.794983E-01   -6.044991E-05 
   957    4.579124E-01    2.499997E-01    1.794997E-01   -7.284149E-05 
   958    4.589179E-01    2.500002E-01    1.795002E-01   -2.513715E-06 
   959    4.599195E-01    2.499988E-01    1.794988E-01    6.877605E-05 
   960    4.609156E-01    2.499969E-01    1.794969E-01    3.320601E-05 
   961    4.619108E-01    2.499965E-01    1.794965E-01   -4.126214E-05 
   962    4.629118E-01    2.499981E-01    1.794981E-01   -8.985511E-05 
   963    4.639220E-01    2.499997E-01    1.794997E-01   -5.363214E-05 
   964    4.649314E-01    2.499993E-01    1.794993E-01    5.530473E-05 
   965    4.659238E-01    2.499979E-01    1.794979E-01    1.313332E-05 
   966    4.669170E-01    2.499960E-01    1.794960E-01    5.090744E-05 
   967    4.679126E-01    2.499944E-01    1.794944E-01   -2.348142E-05 
   968    4.689197E-01    2.499955E-01    1.794955E-01   -1.057813E-04 
   969    4.699367E-01    2.499962E-01    1.794962E-01   -5.952618E-05 
   970    4.709283E-01    2.499960E-01    1.794960E-01   -5.186870E-05 
   971    4.719374E-01    2.499926E-01    1.794926E-01    1.708875E-04 
   972    4.729259E-01    2.499866E-01    1.794866E-01    1.403705E-04 
   973    4.739114E-01    2.499844E-01    1.794844E-01   -1.093645E-04 
   974    4.749181E-01    2.499879E-01    1.794879E-01   -3.016913E-04 
   975    4.759307E-01    2.499909E-01    1.794910E-01   -5.842280E-05 
   976    4.769707E-01    2.499869E-01    1.794871E-01    2.180136E-04 
   977    4.779620E-01    2.499782E-01    1.794784E-01    2.716522E-04 
   978    4.789122E-01    2.499712E-01    1.794713E-01    2.998949E-05 
   979    4.798533E-01    2.499790E-01    1.794796E-01   -5.822001E-04 
   980    4.809415E-01    2.499840E-01    1.794842E-01    1.127203E-06 
   981    4.820042E-01    2.499759E-01    1.794768E-01    1.702663E-04 
   982    4.830106E-01    2.499602E-01    1.794614E-01    2.711701E-04 
   983    4.839488E-01    2.499384E-01    1.794391E-01    2.085924E-04 
   984    4.847470E-01    2.499243E-01    1.794254E-01   -6.424580E-04 
   985    4.859667E-01    2.498918E-01    1.793930E-01    1.730602E-05 
   986    4.870169E-01    2.498158E-01    1.793191E-01    7.818200E-05 
   987    4.880358E-01    2.496824E-01    1.791872E-01    1.465489E-04 
   988    4.890077E-01    2.494531E-01    1.789555E-01    1.805857E-04 
   989    4.897027E-01    2.491908E-01    1.786548E-01   -3.504141E-04 
   990    4.909910E-01    2.486766E-01    1.785498E-01    0.000000E+00 
   991    4.919920E-01    2.483673E-01    1.783277E-01    0.000000E+00 
   992    4.929930E-01    2.477419E-01    1.778787E-01    0.000000E+00 
   993    4.939940E-01    2.460516E-01    1.766650E-01    0.000000E+00 
   994    4.949950E-01    2.421473E-01    1.738617E-01    0.000000E+00 
   995    4.959960E-01    2.342252E-01    1.681737E-01    0.000000E+00 
   996    4.969970E-01    2.204231E-01    1.582638E-01    0.000000E+00 
   997    4.979980E-01    1.999389E-01    1.435562E-01    0.000000E+00 
   998    4.989990E-01    1.731575E-01    1.243271E-01    0.000000E+00 
   999    5.000000E-01    1.416667E-01    1.017167E-01    0.000000E+00 
