     0   -5.000000E-01    5.666667E-01    5.666667E-01    0.000000E+00 
     1   -4.989990E-01    6.926678E-01    6.926678E-01    0.000000E+00 
     2   -4.979980E-01    7.999281E-01    7.999281E-01    0.000000E+00 
     3   -4.969970E-01    8.820400E-01    8.820400E-01    0.000000E+00 
     4   -4.959960E-01    9.374240E-01    9.374240E-01    0.000000E+00 
     5   -4.949950E-01    9.692704E-01    9.692704E-01    0.000000E+00 
     6   -4.939940E-01    9.849417E-01    9.849417E-01    0.000000E+00 
     7   -4.929930E-01    9.915267E-01    9.915267E-01    0.000000E+00 
     8   -4.919920E-01    9.937840E-01    9.937840E-01    0.000000E+00 
     9   -4.909910E-01    9.947991E-01    9.947991E-01    0.000000E+00 
    10   -4.897857E-01    9.965298E-01    9.950232E-01    1.156294E-03 
    11   -4.889678E-01    9.977433E-01    9.968489E-01   -4.931296E-04 
    12   -4.880028E-01    9.986724E-01    9.981670E-01   -4.886910E-04 
    13   -4.869979E-01    9.992216E-01    9.989299E-01   -2.374936E-04 
    14   -4.859627E-01    9.995322E-01    9.993539E-01    1.868454E-05 
    15   -4.848715E-01    9.996104E-01    9.994597E-01    1.339893E-03 
    16   -4.839235E-01    9.996192E-01    9.994691E-01   -3.258960E-06 
    17   -4.829574E-01    9.997458E-01    9.996472E-01   -5.194460E-04 
    18   -4.819670E-01    9.998710E-01    9.998221E-01   -4.525957E-04 
    19   -4.809488E-01    9.999326E-01    9.999066E-01    1.674795E-04 
    20   -4.799342E-01    9.999175E-01    9.998852E-01    5.026308E-04 
    21   -4.789238E-01    9.998821E-01    9.998353E-01    2.075687E-04 
    22   -4.779283E-01    9.998868E-01    9.998417E-01   -8.852769E-05 
    23   -4.769356E-01    9.999247E-01    9.998947E-01   -2.516842E-04 
    24   -4.759399E-01    9.999535E-01    9.999351E-01   -8.745127E-05 
    25   -4.749436E-01    9.999648E-01    9.999509E-01   -1.124411E-05 
    26   -4.739334E-01    9.999678E-01    9.999551E-01    2.499243E-04 
    27   -4.729236E-01    9.999676E-01    9.999548E-01    1.589439E-04 
    28   -4.719232E-01    9.999841E-01    9.999778E-01    6.030209E-05 
    29   -4.709278E-01    1.000018E+00    1.000025E+00   -4.194935E-05 
    30   -4.699322E-01    1.000059E+00    1.000083E+00   -7.877898E-05 
    31   -4.689327E-01    1.000085E+00    1.000120E+00    1.148226E-04 
    32   -4.679273E-01    1.000084E+00    1.000117E+00    2.505383E-04 
    33   -4.669217E-01    1.000069E+00    1.000097E+00    2.176028E-04 
    34   -4.659207E-01    1.000058E+00    1.000081E+00    1.607463E-04 
    35   -4.649223E-01    1.000049E+00    1.000069E+00    1.191568E-04 
    36   -4.639246E-01    1.000038E+00    1.000053E+00    8.864551E-05 
    37   -4.629250E-01    1.000015E+00    1.000022E+00    8.094235E-05 
    38   -4.619217E-01    9.999793E-01    9.999711E-01    6.215850E-05 
    39   -4.609177E-01    9.999369E-01    9.999117E-01    1.284931E-05 
    40   -4.599160E-01    9.998940E-01    9.998516E-01   -5.573331E-05 
    41   -4.589165E-01    9.998516E-01    9.997923E-01   -1.271363E-04 
    42   -4.579175E-01    9.998116E-01    9.997363E-01   -2.091320E-04 
    43   -4.569172E-01    9.997776E-01    9.996887E-01   -2.793018E-04 
    44   -4.559146E-01    9.997591E-01    9.996627E-01   -2.560568E-04 
    45   -4.549114E-01    9.997715E-01    9.996802E-01   -1.586230E-04 
    46   -4.539094E-01    9.998262E-01    9.997566E-01   -1.761948E-04 
    47   -4.529087E-01    9.999233E-01    9.998926E-01   -2.657032E-04 
    48   -4.519086E-01    1.000054E+00    1.000076E+00   -2.724067E-04 
    49   -4.509082E-01    1.000207E+00    1.000290E+00   -8.505451E-05 
    50   -4.499072E-01    1.000370E+00    1.000518E+00    2.652923E-04 
    51   -4.489061E-01    1.000539E+00    1.000755E+00    6.605437E-04 
    52   -4.479053E-01    1.000713E+00    1.000999E+00    9.964711E-04 
    53   -4.469051E-01    1.000891E+00    1.001247E+00    1.235948E-03 
    54   -4.459054E-01    1.001065E+00    1.001492E+00    1.406793E-03 
    55   -4.449058E-01    1.001228E+00    1.001720E+00    1.557245E-03 
    56   -4.439063E-01    1.001369E+00    1.001917E+00    1.709004E-03 
    57   -4.429068E-01    1.001481E+00    1.002074E+00    1.850991E-03 
    58   -4.419074E-01    1.001563E+00    1.002189E+00    1.959068E-03 
    59   -4.409081E-01    1.001618E+00    1.002266E+00    2.020637E-03 
    60   -4.399088E-01    1.001650E+00    1.002311E+00    2.045851E-03 
    61   -4.389095E-01    1.001664E+00    1.002330E+00    2.049855E-03 
    62   -4.379103E-01    1.001663E+00    1.002329E+00    2.041680E-03 
    63   -4.369110E-01    1.001650E+00    1.002310E+00    2.025887E-03 
    64   -4.359116E-01    1.001625E+00    1.002276E+00    2.001991E-03 
    65   -4.349123E-01    1.001592E+00    1.002229E+00    1.969122E-03 
    66   -4.339129E-01    1.001550E+00    1.002171E+00    1.926872E-03 
    67   -4.329134E-01    1.001502E+00    1.002104E+00    1.875867E-03 
    68   -4.319139E-01    1.001449E+00    1.002029E+00    1.817153E-03 
    69   -4.309143E-01    1.001391E+00    1.001948E+00    1.751773E-03 
    70   -4.299147E-01    1.001329E+00    1.001861E+00    1.680727E-03 
    71   -4.289150E-01    1.001264E+00    1.001771E+00    1.604977E-03 
    72   -4.279153E-01    1.001197E+00    1.001677E+00    1.525478E-03 
    73   -4.269154E-01    1.001129E+00    1.001581E+00    1.443183E-03 
    74   -4.259155E-01    1.001060E+00    1.001484E+00    1.359037E-03 
    75   -4.249155E-01    1.000990E+00    1.001387E+00    1.273953E-03 
    76   -4.239155E-01    1.000921E+00    1.001290E+00    1.188799E-03 
    77   -4.229154E-01    1.000854E+00    1.001195E+00    1.104374E-03 
    78   -4.219152E-01    1.000788E+00    1.001103E+00    1.021402E-03 
    79   -4.209149E-01    1.000724E+00    1.001013E+00    9.405228E-04 
    80   -4.199146E-01    1.000662E+00    1.000927E+00    8.622875E-04 
    81   -4.189142E-01    1.000603E+00    1.000845E+00    7.871600E-04 
    82   -4.179138E-01    1.000547E+00    1.000766E+00    7.155168E-04 
    83   -4.169133E-01    1.000495E+00    1.000692E+00    6.476494E-04 
    84   -4.159128E-01    1.000445E+00    1.000623E+00    5.837684E-04 
    85   -4.149122E-01    1.000399E+00    1.000559E+00    5.240085E-04 
    86   -4.139115E-01    1.000356E+00    1.000499E+00    4.684351E-04 
    87   -4.129108E-01    1.000317E+00    1.000444E+00    4.170512E-04 
    88   -4.119101E-01    1.000281E+00    1.000393E+00    3.698055E-04 
    89   -4.109094E-01    1.000248E+00    1.000347E+00    3.265997E-04 
    90   -4.099086E-01    1.000218E+00    1.000305E+00    2.872967E-04 
    91   -4.089078E-01    1.000191E+00    1.000267E+00    2.517277E-04 
    92   -4.079070E-01    1.000167E+00    1.000233E+00    2.196999E-04 
    93   -4.069061E-01    1.000145E+00    1.000203E+00    1.910025E-04 
    94   -4.059052E-01    1.000125E+00    1.000176E+00    1.654131E-04 
    95   -4.049043E-01    1.000108E+00    1.000152E+00    1.427032E-04 
    96   -4.039034E-01    1.000093E+00    1.000130E+00    1.226423E-04 
    97   -4.029025E-01    1.000080E+00    1.000112E+00    1.050024E-04 
    98   -4.019016E-01    1.000068E+00    1.000095E+00    8.956112E-05 
    99   -4.009006E-01    1.000058E+00    1.000081E+00    7.610436E-05 
   100   -3.998997E-01    1.000049E+00    1.000069E+00    6.442833E-05 
   101   -3.988987E-01    1.000041E+00    1.000058E+00    5.434113E-05 
   102   -3.978977E-01    1.000035E+00    1.000049E+00    4.566372E-05 
   103   -3.968968E-01    1.000029E+00    1.000041E+00    3.823056E-05 
   104   -3.958958E-01    1.000024E+00    1.000034E+00    3.188981E-05 
   105   -3.948948E-01    1.000020E+00    1.000028E+00    2.650328E-05 
   106   -3.938938E-01    1.000017E+00    1.000024E+00    2.194612E-05 
   107   -3.928928E-01    1.000014E+00    1.000019E+00    1.810630E-05 
   108   -3.918918E-01    1.000011E+00    1.000016E+00    1.488395E-05 
   109   -3.908909E-01    1.000009E+00    1.000013E+00    1.219060E-05 
   110   -3.898899E-01    1.000008E+00    1.000011E+00    9.948371E-06 
   111   -3.888889E-01    1.000006E+00    1.000009E+00    8.089090E-06 
   112   -3.878879E-01    1.000005E+00    1.000007E+00    6.553425E-06 
   113   -3.868869E-01    1.000004E+00    1.000006E+00    5.290020E-06 
   114   -3.858859E-01    1.000003E+00    1.000005E+00    4.254666E-06 
   115   -3.848849E-01    1.000003E+00    1.000004E+00    3.409501E-06 
   116   -3.838839E-01    1.000002E+00    1.000003E+00    2.722268E-06 
   117   -3.828829E-01    1.000002E+00    1.000002E+00    2.165620E-06 
   118   -3.818819E-01    1.000001E+00    1.000002E+00    1.716488E-06 
   119   -3.808809E-01    1.000001E+00    1.000002E+00    1.355506E-06 
   120   -3.798799E-01    1.000001E+00    1.000001E+00    1.066495E-06 
   121   -3.788789E-01    1.000001E+00    1.000001E+00    8.360004E-07 
   122   -3.778779E-01    1.000001E+00    1.000001E+00    6.528849E-07 
   123   -3.768769E-01    1.000000E+00    1.000001E+00    5.079736E-07 
   124   -3.758759E-01    1.000000E+00    1.000000E+00    3.937411E-07 
   125   -3.748749E-01    1.000000E+00    1.000000E+00    3.040430E-07 
   126   -3.738739E-01    1.000000E+00    1.000000E+00    2.338852E-07 
   127   -3.728729E-01    1.000000E+00    1.000000E+00    1.792262E-07 
   128   -3.718719E-01    1.000000E+00    1.000000E+00    1.368099E-07 
   129   -3.708709E-01    1.000000E+00    1.000000E+00    1.040246E-07 
   130   -3.698699E-01    1.000000E+00    1.000000E+00    7.878440E-08 
   131   -3.688689E-01    1.000000E+00    1.000000E+00    5.943099E-08 
   132   -3.678679E-01    1.000000E+00    1.000000E+00    4.465137E-08 
   133   -3.668669E-01    1.000000E+00    1.000000E+00    3.341063E-08 
   134   -3.658659E-01    1.000000E+00    1.000000E+00    2.489659E-08 
   135   -3.648649E-01    1.000000E+00    1.000000E+00    1.847462E-08 
   136   -3.638639E-01    1.000000E+00    1.000000E+00    1.365102E-08 
   137   -3.628629E-01    1.000000E+00    1.000000E+00    1.004337E-08 
   138   -3.618619E-01    1.000000E+00    1.000000E+00    7.356761E-09 
   139   -3.608609E-01    1.000000E+00    1.000000E+00    5.364787E-09 
   140   -3.598599E-01    1.000000E+00    1.000000E+00    3.894388E-09 
   141   -3.588589E-01    1.000000E+00    1.000000E+00    2.813883E-09 
   142   -3.578579E-01    1.000000E+00    1.000000E+00    2.023523E-09 
   143   -3.568569E-01    1.000000E+00    1.000000E+00    1.448094E-09 
   144   -3.558559E-01    1.000000E+00    1.000000E+00    1.031142E-09 
   145   -3.548549E-01    1.000000E+00    1.000000E+00    7.304902E-10 
   146   -3.538539E-01    1.000000E+00    1.000000E+00    5.147784E-10 
   147   -3.528529E-01    1.000000E+00    1.000000E+00    3.607987E-10 
   148   -3.518519E-01    1.000000E+00    1.000000E+00    2.514604E-10 
   149   -3.508509E-01    1.000000E+00    1.000000E+00    1.742373E-10 
   150   -3.498498E-01    1.000000E+00    1.000000E+00    1.200013E-10 
   151   -3.488488E-01    1.000000E+00    1.000000E+00    8.212703E-11 
   152   -3.478478E-01    1.000000E+00    1.000000E+00    5.583657E-11 
   153   -3.468468E-01    1.000000E+00    1.000000E+00    3.770025E-11 
   154   -3.458458E-01    1.000000E+00    1.000000E+00    2.527051E-11 
   155   -3.448448E-01    1.000000E+00    1.000000E+00    1.680859E-11 
   156   -3.438438E-01    1.000000E+00    1.000000E+00    1.108978E-11 
   157   -3.428428E-01    1.000000E+00    1.000000E+00    7.253056E-12 
   158   -3.418418E-01    1.000000E+00    1.000000E+00    4.699053E-12 
   159   -3.408408E-01    1.000000E+00    1.000000E+00    3.012883E-12 
   160   -3.398398E-01    1.000000E+00    1.000000E+00    1.909255E-12 
   161   -3.388388E-01    1.000000E+00    1.000000E+00    1.194067E-12 
   162   -3.378378E-01    1.000000E+00    1.000000E+00    7.359547E-13 
   163   -3.368368E-01    1.000000E+00    1.000000E+00    4.460344E-13 
   164   -3.358358E-01    1.000000E+00    1.000000E+00    2.657921E-13 
   165   -3.348348E-01    1.000000E+00    1.000000E+00    1.559431E-13 
   166   -3.338338E-01    1.000000E+00    1.000000E+00    8.983365E-14 
   167   -3.328328E-01    1.000000E+00    1.000000E+00    5.007258E-14 
   168   -3.318318E-01    1.000000E+00    1.000000E+00    2.684105E-14 
   169   -3.308308E-01    1.000000E+00    1.000000E+00    1.305328E-14 
   170   -3.298298E-01    1.000000E+00    1.000000E+00    5.011089E-15 
   171   -3.288288E-01    1.000000E+00    1.000000E+00    1.093876E-15 
   172   -3.278278E-01    1.000000E+00    1.000000E+00   -6.336188E-16 
   173   -3.268268E-01    1.000000E+00    1.000000E+00   -1.442732E-15 
   174   -3.258258E-01    1.000000E+00    1.000000E+00   -1.651762E-15 
   175   -3.248248E-01    1.000000E+00    1.000000E+00   -1.427414E-15 
   176   -3.238238E-01    1.000000E+00    1.000000E+00   -1.090819E-15 
   177   -3.228228E-01    1.000000E+00    1.000000E+00   -3.576400E-16 
   178   -3.218218E-01    1.000000E+00    1.000000E+00    4.698045E-16 
   179   -3.208208E-01    1.000000E+00    1.000000E+00    1.177715E-15 
   180   -3.198198E-01    1.000000E+00    1.000000E+00    2.193376E-16 
   181   -3.188188E-01    1.000000E+00    1.000000E+00   -1.528482E-16 
   182   -3.178178E-01    1.000000E+00    1.000000E+00   -5.779455E-16 
   183   -3.168168E-01    1.000000E+00    1.000000E+00   -9.821675E-16 
   184   -3.158158E-01    1.000000E+00    1.000000E+00   -1.707979E-15 
   185   -3.148148E-01    1.000000E+00    1.000000E+00   -1.213614E-15 
   186   -3.138138E-01    1.000000E+00    1.000000E+00    6.474146E-16 
   187   -3.128128E-01    1.000000E+00    1.000000E+00    5.635519E-16 
   188   -3.118118E-01    1.000000E+00    1.000000E+00    8.239253E-16 
   189   -3.108108E-01    1.000000E+00    1.000000E+00    1.006801E-15 
   190   -3.098098E-01    1.000000E+00    1.000000E+00    6.236984E-16 
   191   -3.088088E-01    1.000000E+00    1.000000E+00    2.829365E-16 
   192   -3.078078E-01    1.000000E+00    1.000000E+00    1.158173E-16 
   193   -3.068068E-01    1.000000E+00    1.000000E+00   -1.638731E-17 
   194   -3.058058E-01    1.000000E+00    1.000000E+00   -1.929438E-16 
   195   -3.048048E-01    1.000000E+00    1.000000E+00   -7.053213E-16 
   196   -3.038038E-01    1.000000E+00    1.000000E+00   -4.025509E-16 
   197   -3.028028E-01    1.000000E+00    1.000000E+00    2.526228E-17 
   198   -3.018018E-01    1.000000E+00    1.000000E+00    5.493264E-17 
   199   -3.008008E-01    1.000000E+00    1.000000E+00    1.002836E-15 
   200   -2.997998E-01    1.000000E+00    1.000000E+00    1.771384E-15 
   201   -2.987988E-01    1.000000E+00    1.000000E+00    1.021087E-15 
   202   -2.977978E-01    1.000000E+00    1.000000E+00    6.537557E-16 
   203   -2.967968E-01    1.000000E+00    1.000000E+00    2.171501E-16 
   204   -2.957958E-01    1.000000E+00    1.000000E+00   -2.380529E-16 
   205   -2.947948E-01    1.000000E+00    1.000000E+00   -1.028561E-15 
   206   -2.937938E-01    1.000000E+00    1.000000E+00   -2.606379E-16 
   207   -2.927928E-01    1.000000E+00    1.000000E+00   -2.769235E-17 
   208   -2.917918E-01    1.000000E+00    1.000000E+00    8.772511E-16 
   209   -2.907908E-01    1.000000E+00    1.000000E+00    8.059039E-16 
   210   -2.897898E-01    1.000000E+00    1.000000E+00    9.567948E-16 
   211   -2.887888E-01    1.000000E+00    1.000000E+00    6.331454E-16 
   212   -2.877878E-01    1.000000E+00    1.000000E+00    2.904614E-16 
   213   -2.867868E-01    1.000000E+00    1.000000E+00    2.464126E-16 
   214   -2.857858E-01    1.000000E+00    1.000000E+00    2.814936E-16 
   215   -2.847848E-01    1.000000E+00    1.000000E+00    2.500135E-16 
   216   -2.837838E-01    1.000000E+00    1.000000E+00    1.632329E-16 
   217   -2.827828E-01    1.000000E+00    1.000000E+00    1.151263E-16 
   218   -2.817818E-01    1.000000E+00    1.000000E+00   -3.384869E-17 
   219   -2.807808E-01    1.000000E+00    1.000000E+00   -4.832240E-17 
   220   -2.797798E-01    1.000000E+00    1.000000E+00   -1.212803E-16 
   221   -2.787788E-01    1.000000E+00    1.000000E+00    3.349315E-17 
   222   -2.777778E-01    1.000000E+00    1.000000E+00   -6.950809E-17 
   223   -2.767768E-01    1.000000E+00    1.000000E+00   -6.751104E-18 
   224   -2.757758E-01    1.000000E+00    1.000000E+00   -2.329377E-16 
   225   -2.747748E-01    1.000000E+00    1.000000E+00   -2.563797E-16 
   226   -2.737738E-01    1.000000E+00    1.000000E+00   -6.388728E-17 
   227   -2.727728E-01    1.000000E+00    1.000000E+00   -8.298548E-17 
   228   -2.717718E-01    1.000000E+00    1.000000E+00   -1.669036E-16 
   229   -2.707708E-01    1.000000E+00    1.000000E+00   -3.073710E-16 
   230   -2.697698E-01    1.000000E+00    1.000000E+00   -2.716770E-16 
   231   -2.687688E-01    1.000000E+00    1.000000E+00    1.461496E-16 
   232   -2.677678E-01    1.000000E+00    1.000000E+00   -1.950229E-17 
   233   -2.667668E-01    1.000000E+00    1.000000E+00    3.477009E-17 
   234   -2.657658E-01    1.000000E+00    1.000000E+00   -9.063106E-17 
   235   -2.647648E-01    1.000000E+00    1.000000E+00   -8.667103E-17 
   236   -2.637638E-01    1.000000E+00    1.000000E+00   -7.063846E-17 
   237   -2.627628E-01    1.000000E+00    1.000000E+00   -4.338206E-16 
   238   -2.617618E-01    1.000000E+00    1.000000E+00   -5.758917E-16 
   239   -2.607608E-01    1.000000E+00    1.000000E+00   -7.439273E-16 
   240   -2.597598E-01    1.000000E+00    1.000000E+00   -8.093065E-16 
   241   -2.587588E-01    1.000000E+00    1.000000E+00   -1.975804E-16 
   242   -2.577578E-01    1.000000E+00    1.000000E+00    1.766985E-16 
   243   -2.567568E-01    1.000000E+00    1.000000E+00    1.201771E-15 
   244   -2.557558E-01    1.000000E+00    1.000000E+00    1.875516E-16 
   245   -2.547548E-01    1.000000E+00    1.000000E+00   -1.010583E-16 
   246   -2.537538E-01    1.000000E+00    1.000000E+00   -5.564031E-16 
   247   -2.527528E-01    1.000000E+00    1.000000E+00   -9.528767E-16 
   248   -2.517518E-01    1.000000E+00    1.000000E+00   -1.577347E-15 
   249   -2.507508E-01    1.000000E+00    1.000000E+00   -1.249639E-15 
   250   -2.497497E-01    1.000000E+00    1.000000E+00    6.438414E-16 
   251   -2.487487E-01    1.000000E+00    1.000000E+00    5.920579E-16 
   252   -2.477477E-01    1.000000E+00    1.000000E+00    9.027802E-16 
   253   -2.467467E-01    1.000000E+00    1.000000E+00    1.037355E-15 
   254   -2.457457E-01    1.000000E+00    1.000000E+00    7.899103E-16 
   255   -2.447447E-01    1.000000E+00    1.000000E+00    5.654022E-16 
   256   -2.437437E-01    1.000000E+00    1.000000E+00    4.713716E-16 
   257   -2.427427E-01    1.000000E+00    1.000000E+00    2.867622E-16 
   258   -2.417417E-01    1.000000E+00    1.000000E+00    1.766845E-16 
   259   -2.407407E-01    1.000000E+00    1.000000E+00    1.720592E-16 
   260   -2.397397E-01    1.000000E+00    1.000000E+00    2.155336E-16 
   261   -2.387387E-01    1.000000E+00    1.000000E+00    1.991545E-16 
   262   -2.377377E-01    1.000000E+00    1.000000E+00    2.235248E-16 
   263   -2.367367E-01    1.000000E+00    1.000000E+00    1.649655E-16 
   264   -2.357357E-01    1.000000E+00    1.000000E+00    2.025252E-16 
   265   -2.347347E-01    1.000000E+00    1.000000E+00   -8.650576E-18 
   266   -2.337337E-01    1.000000E+00    1.000000E+00   -1.632379E-16 
   267   -2.327327E-01    1.000000E+00    1.000000E+00   -6.082511E-16 
   268   -2.317317E-01    1.000000E+00    1.000000E+00   -6.314608E-16 
   269   -2.307307E-01    1.000000E+00    1.000000E+00   -4.475739E-16 
   270   -2.297297E-01    1.000000E+00    1.000000E+00   -3.959289E-16 
   271   -2.287287E-01    1.000000E+00    1.000000E+00    4.118472E-16 
   272   -2.277277E-01    1.000000E+00    1.000000E+00    1.081672E-15 
   273   -2.267267E-01    1.000000E+00    1.000000E+00    4.048327E-16 
   274   -2.257257E-01    1.000000E+00    1.000000E+00   -2.516147E-17 
   275   -2.247247E-01    1.000000E+00    1.000000E+00   -3.498625E-16 
   276   -2.237237E-01    1.000000E+00    1.000000E+00   -7.092106E-16 
   277   -2.227227E-01    1.000000E+00    1.000000E+00   -1.368133E-15 
   278   -2.217217E-01    1.000000E+00    1.000000E+00   -7.993477E-16 
   279   -2.207207E-01    1.000000E+00    1.000000E+00    2.019786E-16 
   280   -2.197197E-01    1.000000E+00    1.000000E+00    7.746184E-16 
   281   -2.187187E-01    1.000000E+00    1.000000E+00    7.084689E-16 
   282   -2.177177E-01    1.000000E+00    1.000000E+00    7.401938E-16 
   283   -2.167167E-01    1.000000E+00    1.000000E+00    5.335777E-16 
   284   -2.157157E-01    1.000000E+00    1.000000E+00    2.206141E-16 
   285   -2.147147E-01    1.000000E+00    1.000000E+00    1.432035E-16 
   286   -2.137137E-01    1.000000E+00    1.000000E+00    6.813456E-17 
   287   -2.127127E-01    1.000000E+00    1.000000E+00    9.350140E-17 
   288   -2.117117E-01    1.000000E+00    1.000000E+00   -1.570251E-17 
   289   -2.107107E-01    1.000000E+00    1.000000E+00   -5.522999E-17 
   290   -2.097097E-01    1.000000E+00    1.000000E+00   -9.573694E-18 
   291   -2.087087E-01    1.000000E+00    1.000000E+00   -8.795841E-17 
   292   -2.077077E-01    1.000000E+00    1.000000E+00   -2.531400E-16 
   293   -2.067067E-01    1.000000E+00    1.000000E+00   -3.849704E-16 
   294   -2.057057E-01    1.000000E+00    1.000000E+00   -8.765273E-16 
   295   -2.047047E-01    1.000000E+00    1.000000E+00   -8.732479E-16 
   296   -2.037037E-01    1.000000E+00    1.000000E+00   -7.994532E-16 
   297   -2.027027E-01    1.000000E+00    1.000000E+00    1.368679E-16 
   298   -2.017017E-01    1.000000E+00    1.000000E+00    9.913836E-16 
   299   -2.007007E-01    1.000000E+00    1.000000E+00    1.388456E-15 
   300   -1.996997E-01    1.000000E+00    1.000000E+00    8.599802E-16 
   301   -1.986987E-01    1.000000E+00    1.000000E+00    4.330833E-16 
   302   -1.976977E-01    1.000000E+00    1.000000E+00   -5.657119E-17 
   303   -1.966967E-01    1.000000E+00    1.000000E+00   -3.489287E-16 
   304   -1.956957E-01    1.000000E+00    1.000000E+00   -9.357969E-16 
   305   -1.946947E-01    1.000000E+00    1.000000E+00   -5.111215E-16 
   306   -1.936937E-01    1.000000E+00    1.000000E+00    4.464361E-16 
   307   -1.926927E-01    1.000000E+00    1.000000E+00    7.290188E-16 
   308   -1.916917E-01    1.000000E+00    1.000000E+00    5.722315E-16 
   309   -1.906907E-01    1.000000E+00    1.000000E+00    6.428155E-16 
   310   -1.896897E-01    1.000000E+00    1.000000E+00    2.227933E-16 
   311   -1.886887E-01    1.000000E+00    1.000000E+00   -1.135481E-17 
   312   -1.876877E-01    1.000000E+00    1.000000E+00    5.270249E-17 
   313   -1.866867E-01    1.000000E+00    1.000000E+00    5.361195E-18 
   314   -1.856857E-01    1.000000E+00    1.000000E+00   -8.723562E-17 
   315   -1.846847E-01    1.000000E+00    1.000000E+00   -2.440011E-16 
   316   -1.836837E-01    1.000000E+00    1.000000E+00   -3.126362E-16 
   317   -1.826827E-01    1.000000E+00    1.000000E+00   -2.279152E-16 
   318   -1.816817E-01    1.000000E+00    1.000000E+00   -2.466068E-16 
   319   -1.806807E-01    1.000000E+00    1.000000E+00   -1.785620E-16 
   320   -1.796797E-01    1.000000E+00    1.000000E+00   -4.142802E-16 
   321   -1.786787E-01    1.000000E+00    1.000000E+00   -3.979307E-16 
   322   -1.776777E-01    1.000000E+00    1.000000E+00   -2.879591E-16 
   323   -1.766767E-01    1.000000E+00    1.000000E+00   -5.540293E-17 
   324   -1.756757E-01    1.000000E+00    1.000000E+00    1.034998E-15 
   325   -1.746747E-01    1.000000E+00    1.000000E+00    1.375314E-15 
   326   -1.736737E-01    1.000000E+00    1.000000E+00    1.566971E-15 
   327   -1.726727E-01    1.000000E+00    1.000000E+00    1.485686E-15 
   328   -1.716717E-01    1.000000E+00    1.000000E+00   -4.754512E-16 
   329   -1.706707E-01    1.000000E+00    1.000000E+00   -5.879691E-15 
   330   -1.696697E-01    1.000000E+00    1.000000E+00   -1.834208E-14 
   331   -1.686687E-01    1.000000E+00    1.000000E+00   -4.198062E-14 
   332   -1.676677E-01    1.000000E+00    1.000000E+00   -8.496548E-14 
   333   -1.666667E-01    1.000000E+00    1.000000E+00   -1.604273E-13 
   334   -1.656657E-01    1.000000E+00    1.000000E+00   -2.893047E-13 
   335   -1.646647E-01    1.000000E+00    1.000000E+00   -5.062082E-13 
   336   -1.636637E-01    1.000000E+00    1.000000E+00   -8.652534E-13 
   337   -1.626627E-01    1.000000E+00    1.000000E+00   -1.449959E-12 
   338   -1.616617E-01    1.000000E+00    1.000000E+00   -2.383396E-12 
   339   -1.606607E-01    1.000000E+00    1.000000E+00   -3.854042E-12 
   340   -1.596597E-01    1.000000E+00    1.000000E+00   -6.141880E-12 
   341   -1.586587E-01    1.000000E+00    1.000000E+00   -9.665801E-12 
   342   -1.576577E-01    1.000000E+00    1.000000E+00   -1.503782E-11 
   343   -1.566567E-01    1.000000E+00    1.000000E+00   -2.315605E-11 
   344   -1.556557E-01    1.000000E+00    1.000000E+00   -3.531893E-11 
   345   -1.546547E-01    1.000000E+00    1.000000E+00   -5.339221E-11 
   346   -1.536537E-01    1.000000E+00    1.000000E+00   -8.004105E-11 
   347   -1.526527E-01    1.000000E+00    1.000000E+00   -1.190489E-10 
   348   -1.516517E-01    1.000000E+00    1.000000E+00   -1.757517E-10 
   349   -1.506507E-01    1.000000E+00    1.000000E+00   -2.576306E-10 
   350   -1.496496E-01    1.000000E+00    1.000000E+00   -3.751145E-10 
   351   -1.486486E-01    1.000000E+00    1.000000E+00   -5.426522E-10 
   352   -1.476476E-01    1.000000E+00    1.000000E+00   -7.801529E-10 
   353   -1.466466E-01    1.000000E+00    1.000000E+00   -1.114893E-09 
   354   -1.456456E-01    1.000000E+00    1.000000E+00   -1.584048E-09 
   355   -1.446446E-01    1.000000E+00    1.000000E+00   -2.238014E-09 
   356   -1.436436E-01    1.000000E+00    1.000000E+00   -3.144749E-09 
   357   -1.426426E-01    1.000000E+00    1.000000E+00   -4.395423E-09 
   358   -1.416416E-01    1.000000E+00    1.000000E+00   -6.111727E-09 
   359   -1.406406E-01    1.000000E+00    1.000000E+00   -8.455253E-09 
   360   -1.396396E-01    1.000000E+00    1.000000E+00   -1.163952E-08 
   361   -1.386386E-01    1.000000E+00    1.000000E+00   -1.594524E-08 
   362   -1.376376E-01    1.000000E+00    1.000000E+00   -2.173969E-08 
   363   -1.366366E-01    1.000000E+00    1.000000E+00   -2.950095E-08 
   364   -1.356356E-01    1.000000E+00    1.000000E+00   -3.984840E-08 
   365   -1.346346E-01    1.000000E+00    1.000000E+00   -5.358045E-08 
   366   -1.336336E-01    1.000000E+00    1.000000E+00   -7.172133E-08 
   367   -1.326326E-01    1.000000E+00    1.000000E+00   -9.557849E-08 
   368   -1.316316E-01    1.000000E+00    1.000000E+00   -1.268127E-07 
   369   -1.306306E-01    1.000000E+00    1.000000E+00   -1.675233E-07 
   370   -1.296296E-01    1.000000E+00    1.000000E+00   -2.203505E-07 
   371   -1.286286E-01    1.000000E+00    1.000000E+00   -2.885987E-07 
   372   -1.276276E-01    1.000000E+00    1.000000E+00   -3.763824E-07 
   373   -1.266266E-01    1.000000E+00    1.000001E+00   -4.887991E-07 
   374   -1.256256E-01    1.000001E+00    1.000001E+00   -6.321315E-07 
   375   -1.246246E-01    1.000001E+00    1.000001E+00   -8.140827E-07 
   376   -1.236236E-01    1.000001E+00    1.000001E+00   -1.044048E-06 
   377   -1.226226E-01    1.000001E+00    1.000001E+00   -1.333425E-06 
   378   -1.216216E-01    1.000001E+00    1.000002E+00   -1.695963E-06 
   379   -1.206206E-01    1.000002E+00    1.000002E+00   -2.148160E-06 
   380   -1.196196E-01    1.000002E+00    1.000003E+00   -2.709692E-06 
   381   -1.186186E-01    1.000003E+00    1.000004E+00   -3.403896E-06 
   382   -1.176176E-01    1.000003E+00    1.000005E+00   -4.258275E-06 
   383   -1.166166E-01    1.000004E+00    1.000006E+00   -5.305044E-06 
   384   -1.156156E-01    1.000005E+00    1.000007E+00   -6.581692E-06 
   385   -1.146146E-01    1.000006E+00    1.000009E+00   -8.131552E-06 
   386   -1.136136E-01    1.000008E+00    1.000011E+00   -1.000436E-05 
   387   -1.126126E-01    1.000009E+00    1.000013E+00   -1.225676E-05 
   388   -1.116117E-01    1.000011E+00    1.000016E+00   -1.495279E-05 
   389   -1.106107E-01    1.000014E+00    1.000019E+00   -1.816422E-05 
   390   -1.096097E-01    1.000017E+00    1.000023E+00   -2.197078E-05 
   391   -1.086087E-01    1.000020E+00    1.000028E+00   -2.646017E-05 
   392   -1.076077E-01    1.000024E+00    1.000034E+00   -3.172784E-05 
   393   -1.066067E-01    1.000029E+00    1.000040E+00   -3.787647E-05 
   394   -1.056058E-01    1.000034E+00    1.000048E+00   -4.501506E-05 
   395   -1.046048E-01    1.000040E+00    1.000056E+00   -5.325758E-05 
   396   -1.036038E-01    1.000047E+00    1.000066E+00   -6.272109E-05 
   397   -1.026029E-01    1.000056E+00    1.000078E+00   -7.352331E-05 
   398   -1.016019E-01    1.000065E+00    1.000091E+00   -8.577946E-05 
   399   -1.006010E-01    1.000075E+00    1.000105E+00   -9.959849E-05 
   400   -9.960007E-02    1.000087E+00    1.000121E+00   -1.150785E-04 
   401   -9.859916E-02    1.000100E+00    1.000140E+00   -1.323012E-04 
   402   -9.759826E-02    1.000114E+00    1.000160E+00   -1.513261E-04 
   403   -9.659737E-02    1.000130E+00    1.000182E+00   -1.721833E-04 
   404   -9.559650E-02    1.000147E+00    1.000206E+00   -1.948662E-04 
   405   -9.459565E-02    1.000165E+00    1.000232E+00   -2.193232E-04 
   406   -9.359482E-02    1.000185E+00    1.000260E+00   -2.454498E-04 
   407   -9.259401E-02    1.000206E+00    1.000289E+00   -2.730785E-04 
   408   -9.159322E-02    1.000229E+00    1.000320E+00   -3.019692E-04 
   409   -9.059246E-02    1.000252E+00    1.000352E+00   -3.318008E-04 
   410   -8.959172E-02    1.000275E+00    1.000385E+00   -3.621645E-04 
   411   -8.859101E-02    1.000299E+00    1.000418E+00   -3.925602E-04 
   412   -8.759032E-02    1.000322E+00    1.000451E+00   -4.223860E-04 
   413   -8.658965E-02    1.000344E+00    1.000482E+00   -4.509029E-04 
   414   -8.558901E-02    1.000364E+00    1.000510E+00   -4.771333E-04 
   415   -8.458840E-02    1.000380E+00    1.000533E+00   -4.999302E-04 
   416   -8.358781E-02    1.000391E+00    1.000547E+00   -5.180172E-04 
   417   -8.258723E-02    1.000392E+00    1.000549E+00   -5.303498E-04 
   418   -8.158666E-02    1.000378E+00    1.000530E+00   -5.350742E-04 
   419   -8.058611E-02    1.000343E+00    1.000481E+00   -5.290441E-04 
   420   -7.958554E-02    1.000276E+00    1.000387E+00   -5.039666E-04 
   421   -7.858494E-02    1.000164E+00    1.000230E+00   -4.460798E-04 
   422   -7.758428E-02    9.999901E-01    9.999859E-01   -3.339131E-04 
   423   -7.658351E-02    9.997337E-01    9.996268E-01   -1.432336E-04 
   424   -7.558253E-02    9.993699E-01    9.991171E-01    1.538082E-04 
   425   -7.458126E-02    9.988691E-01    9.984155E-01    5.935837E-04 
   426   -7.357954E-02    9.981971E-01    9.974742E-01    1.220227E-03 
   427   -7.257722E-02    9.973149E-01    9.962386E-01    2.082891E-03 
   428   -7.157408E-02    9.961796E-01    9.946488E-01    3.234491E-03 
   429   -7.056987E-02    9.947456E-01    9.926413E-01    4.730220E-03 
   430   -6.956428E-02    9.929661E-01    9.901513E-01    6.630126E-03 
   431   -6.855692E-02    9.907951E-01    9.871153E-01    9.001968E-03 
   432   -6.754731E-02    9.881887E-01    9.834729E-01    1.192228E-02 
   433   -6.653490E-02    9.851050E-01    9.791679E-01    1.547188E-02 
   434   -6.551913E-02    9.815053E-01    9.741482E-01    1.972344E-02 
   435   -6.449943E-02    9.773543E-01    9.683681E-01    2.472892E-02 
   436   -6.347523E-02    9.726226E-01    9.617900E-01    3.051048E-02 
   437   -6.244588E-02    9.672887E-01    9.543892E-01    3.706679E-02 
   438   -6.141061E-02    9.613423E-01    9.461570E-01    4.438954E-02 
   439   -6.036847E-02    9.547851E-01    9.371021E-01    5.248507E-02 
   440   -5.931848E-02    9.476288E-01    9.272477E-01    6.138251E-02 
   441   -5.825976E-02    9.398898E-01    9.166241E-01    7.111900E-02 
   442   -5.719164E-02    9.315835E-01    9.052593E-01    8.170911E-02 
   443   -5.611362E-02    9.227190E-01    8.931736E-01    9.315480E-02 
   444   -5.502516E-02    9.132971E-01    8.803766E-01    1.054114E-01 
   445   -5.392540E-02    9.033156E-01    8.668758E-01    1.183869E-01 
   446   -5.281314E-02    8.927812E-01    8.526914E-01    1.320088E-01 
   447   -5.168688E-02    8.817200E-01    8.378707E-01    1.462743E-01 
   448   -5.054526E-02    8.701832E-01    8.224937E-01    1.612634E-01 
   449   -4.938728E-02    8.582395E-01    8.066616E-01    1.771050E-01 
   450   -4.821240E-02    8.459589E-01    7.904754E-01    1.938886E-01 
   451   -4.702022E-02    8.333996E-01    7.740176E-01    2.115994E-01 
   452   -4.581013E-02    8.206025E-01    7.573483E-01    2.301582E-01 
   453   -4.458098E-02    8.075926E-01    7.405089E-01    2.493299E-01 
   454   -4.333141E-02    7.944029E-01    7.235506E-01    2.687020E-01 
   455   -4.206016E-02    7.810966E-01    7.065607E-01    2.879581E-01 
   456   -4.076630E-02    7.677729E-01    6.896677E-01    3.069879E-01 
   457   -3.944922E-02    7.545446E-01    6.730133E-01    3.258832E-01 
   458   -3.810841E-02    7.414990E-01    6.567024E-01    3.449514E-01 
   459   -3.674390E-02    7.286667E-01    6.407660E-01    3.644086E-01 
   460   -3.535594E-02    7.159944E-01    6.251343E-01    3.843427E-01 
   461   -3.394478E-02    7.033415E-01    6.096346E-01    4.047053E-01 
   462   -3.250939E-02    6.905190E-01    5.940412E-01    4.253740E-01 
   463   -3.104739E-02    6.773688E-01    5.781703E-01    4.462505E-01 
   464   -2.955556E-02    6.638358E-01    5.619672E-01    4.673377E-01 
   465   -2.803116E-02    6.500041E-01    5.455453E-01    4.888588E-01 
   466   -2.647241E-02    6.360694E-01    5.291466E-01    5.112751E-01 
   467   -2.487840E-02    6.222763E-01    5.130601E-01    5.349071E-01 
   468   -2.324885E-02    6.088438E-01    4.975339E-01    5.599724E-01 
   469   -2.158338E-02    5.959149E-01    4.827186E-01    5.857728E-01 
   470   -1.988214E-02    5.835763E-01    4.686966E-01    6.108812E-01 
   471   -1.814577E-02    5.719062E-01    4.555433E-01    6.338593E-01 
   472   -1.637440E-02    5.610373E-01    4.433967E-01    6.541216E-01 
   473   -1.456806E-02    5.512459E-01    4.325435E-01    6.715391E-01 
   474   -1.272945E-02    5.430498E-01    4.235165E-01    6.854260E-01 
   475   -1.086412E-02    5.371677E-01    4.170508E-01    6.949638E-01 
   476   -8.978914E-03    5.341817E-01    4.137324E-01    7.012054E-01 
   477   -7.085594E-03    5.339012E-01    4.133405E-01    7.047695E-01 
   478   -5.211132E-03    5.352011E-01    4.146806E-01    7.022351E-01 
   479   -3.355125E-03    5.369100E-01    4.164797E-01    6.974861E-01 
   480   -1.491775E-03    5.386470E-01    4.182911E-01    6.913813E-01 
   481    3.780128E-04    5.404718E-01    4.201669E-01    6.850942E-01 
   482    2.218631E-03    5.422579E-01    4.219974E-01    6.807586E-01 
   483    4.051451E-03    5.438293E-01    4.235967E-01    6.785463E-01 
   484    5.901073E-03    5.451591E-01    4.249229E-01    6.776371E-01 
   485    7.738595E-03    5.462135E-01    4.259399E-01    6.774825E-01 
   486    9.553811E-03    5.469386E-01    4.266068E-01    6.776617E-01 
   487    1.138476E-02    5.474053E-01    4.269623E-01    6.774729E-01 
   488    1.322758E-02    5.477603E-01    4.270701E-01    6.770779E-01 
   489    1.504759E-02    5.480859E-01    4.269368E-01    6.761408E-01 
   490    1.685381E-02    5.485924E-01    4.267363E-01    6.742017E-01 
   491    1.870829E-02    5.493314E-01    4.265482E-01    6.726835E-01 
   492    2.053603E-02    5.494673E-01    4.257401E-01    6.754261E-01 
   493    2.231245E-02    5.482438E-01    4.238509E-01    6.760905E-01 
   494    2.413105E-02    5.448797E-01    4.212617E-01    6.741102E-01 
   495    2.601915E-02    5.387354E-01    4.205825E-01    6.738126E-01 
   496    2.788366E-02    5.295838E-01    4.229907E-01    6.757342E-01 
   497    2.961223E-02    5.195150E-01    4.278342E-01    6.709340E-01 
   498    3.182030E-02    5.074888E-01    4.330925E-01    6.708461E-01 
   499    3.401373E-02    4.959842E-01    4.488263E-01    6.776504E-01 
   500    3.372888E-02    4.974854E-01    3.460408E-01    6.561886E-01 
   501    3.517967E-02    4.889946E-01    3.697217E-01    6.707986E-01 
   502    3.612028E-02    4.833943E-01    3.940187E-01    6.743373E-01 
   503    3.672654E-02    4.797278E-01    4.160444E-01    6.745472E-01 
   504    3.711232E-02    4.775388E-01    4.327652E-01    6.718438E-01 
   505    3.767758E-02    4.744925E-01    4.413975E-01    6.738116E-01 
   506    3.832401E-02    4.710265E-01    4.439379E-01    6.791652E-01 
   507    3.875326E-02    4.688015E-01    4.438008E-01    6.786380E-01 
   508    3.900672E-02    4.675844E-01    4.425685E-01    6.753680E-01 
   509    3.941621E-02    4.658304E-01    4.402849E-01    6.726521E-01 
   510    4.004727E-02    4.634234E-01    4.374794E-01    6.734669E-01 
   511    4.071579E-02    4.612028E-01    4.349106E-01    6.734822E-01 
   512    4.138915E-02    4.593279E-01    4.326731E-01    6.730530E-01 
   513    4.205266E-02    4.578271E-01    4.308076E-01    6.729058E-01 
   514    4.258584E-02    4.568368E-01    4.294097E-01    6.722283E-01 
   515    4.306745E-02    4.560981E-01    4.282510E-01    6.714206E-01 
   516    4.355025E-02    4.554921E-01    4.272517E-01    6.701154E-01 
   517    4.408165E-02    4.549801E-01    4.264273E-01    6.686718E-01 
   518    4.459769E-02    4.546095E-01    4.257782E-01    6.672951E-01 
   519    4.512806E-02    4.543428E-01    4.252643E-01    6.662872E-01 
   520    4.568582E-02    4.541641E-01    4.248664E-01    6.661499E-01 
   521    4.627316E-02    4.540794E-01    4.246077E-01    6.672779E-01 
   522    4.687290E-02    4.540843E-01    4.244722E-01    6.695966E-01 
   523    4.745150E-02    4.541710E-01    4.244537E-01    6.706529E-01 
   524    4.800284E-02    4.543473E-01    4.245526E-01    6.698789E-01 
   525    4.854789E-02    4.546090E-01    4.247684E-01    6.692649E-01 
   526    4.909703E-02    4.549198E-01    4.250472E-01    6.699215E-01 
   527    4.963468E-02    4.552333E-01    4.253308E-01    6.703577E-01 
   528    5.016406E-02    4.555365E-01    4.255981E-01    6.705953E-01 
   529    5.069601E-02    4.558150E-01    4.258391E-01    6.709883E-01 
   530    5.123612E-02    4.560451E-01    4.260255E-01    6.716232E-01 
   531    5.178600E-02    4.562013E-01    4.261271E-01    6.723278E-01 
   532    5.234446E-02    4.562619E-01    4.261150E-01    6.729312E-01 
   533    5.290583E-02    4.562110E-01    4.259654E-01    6.733511E-01 
   534    5.346394E-02    4.560445E-01    4.256689E-01    6.735220E-01 
   535    5.401513E-02    4.557681E-01    4.252299E-01    6.734294E-01 
   536    5.455998E-02    4.553943E-01    4.246633E-01    6.729989E-01 
   537    5.510017E-02    4.549410E-01    4.239939E-01    6.721437E-01 
   538    5.563907E-02    4.544285E-01    4.232471E-01    6.708356E-01 
   539    5.618022E-02    4.538783E-01    4.224563E-01    6.691111E-01 
   540    5.672657E-02    4.533140E-01    4.216495E-01    6.670516E-01 
   541    5.727948E-02    4.527630E-01    4.208692E-01    6.647771E-01 
   542    5.783821E-02    4.522570E-01    4.201498E-01    6.623631E-01 
   543    5.840023E-02    4.518317E-01    4.195451E-01    6.597842E-01 
   544    5.896227E-02    4.515222E-01    4.190896E-01    6.570624E-01 
   545    5.952319E-02    4.513564E-01    4.188286E-01    6.543946E-01 
   546    6.008219E-02    4.513516E-01    4.187720E-01    6.521910E-01 
   547    6.063999E-02    4.515137E-01    4.189393E-01    6.508662E-01 
   548    6.119629E-02    4.518361E-01    4.193094E-01    6.507976E-01 
   549    6.175215E-02    4.522994E-01    4.198700E-01    6.521478E-01 
   550    6.230706E-02    4.528698E-01    4.205666E-01    6.548058E-01 
   551    6.286111E-02    4.535017E-01    4.213500E-01    6.583751E-01 
   552    6.341359E-02    4.541375E-01    4.221378E-01    6.624445E-01 
   553    6.396437E-02    4.547128E-01    4.228519E-01    6.665502E-01 
   554    6.451285E-02    4.551572E-01    4.233962E-01    6.702812E-01 
   555    6.505933E-02    4.553986E-01    4.236764E-01    6.734346E-01 
   556    6.560387E-02    4.553635E-01    4.235964E-01    6.758643E-01 
   557    6.614688E-02    4.549792E-01    4.230543E-01    6.775598E-01 
   558    6.668902E-02    4.541745E-01    4.219633E-01    6.784075E-01 
   559    6.723066E-02    4.528835E-01    4.202254E-01    6.782887E-01 
   560    6.777295E-02    4.510425E-01    4.177687E-01    6.772195E-01 
   561    6.831641E-02    4.485942E-01    4.145047E-01    6.750362E-01 
   562    6.886241E-02    4.454850E-01    4.103811E-01    6.713951E-01 
   563    6.941165E-02    4.416737E-01    4.053323E-01    6.661091E-01 
   564    6.996592E-02    4.371190E-01    3.993246E-01    6.587574E-01 
   565    7.052620E-02    4.317970E-01    3.923270E-01    6.489777E-01 
   566    7.109465E-02    4.256878E-01    3.843361E-01    6.365537E-01 
   567    7.167274E-02    4.187873E-01    3.753565E-01    6.209379E-01 
   568    7.226277E-02    4.110985E-01    3.654230E-01    6.021161E-01 
   569    7.286678E-02    4.026460E-01    3.545873E-01    5.803816E-01 
   570    7.348701E-02    3.934709E-01    3.429366E-01    5.551494E-01 
   571    7.412557E-02    3.836449E-01    3.305949E-01    5.259203E-01 
   572    7.478486E-02    3.732581E-01    3.177010E-01    4.929518E-01 
   573    7.546735E-02    3.624232E-01    3.044340E-01    4.570124E-01 
   574    7.617473E-02    3.512983E-01    2.910086E-01    4.182864E-01 
   575    7.690883E-02    3.400650E-01    2.776698E-01    3.767199E-01 
   576    7.767061E-02    3.289312E-01    2.646641E-01    3.331987E-01 
   577    7.846137E-02    3.181028E-01    2.522379E-01    2.892553E-01 
   578    7.928071E-02    3.078026E-01    2.406229E-01    2.459265E-01 
   579    8.012813E-02    2.982248E-01    2.300133E-01    2.043312E-01 
   580    8.100189E-02    2.895331E-01    2.205463E-01    1.657266E-01 
   581    8.190005E-02    2.818387E-01    2.123012E-01    1.314597E-01 
   582    8.281964E-02    2.752010E-01    2.052897E-01    1.020544E-01 
   583    8.375758E-02    2.696149E-01    1.994638E-01    7.771116E-02 
   584    8.471066E-02    2.650259E-01    1.947275E-01    5.807537E-02 
   585    8.567586E-02    2.613399E-01    1.909552E-01    4.273386E-02 
   586    8.665058E-02    2.584413E-01    1.880082E-01    3.105544E-02 
   587    8.763251E-02    2.562058E-01    1.857454E-01    2.227966E-02 
   588    8.861985E-02    2.545103E-01    1.840349E-01    1.580465E-02 
   589    8.961117E-02    2.532442E-01    1.827602E-01    1.110350E-02 
   590    9.060538E-02    2.523118E-01    1.818226E-01    7.735030E-03 
   591    9.160167E-02    2.516333E-01    1.811409E-01    5.348096E-03 
   592    9.259941E-02    2.511449E-01    1.806503E-01    3.672597E-03 
   593    9.359818E-02    2.507967E-01    1.803005E-01    2.506074E-03 
   594    9.459766E-02    2.505506E-01    1.800533E-01    1.699778E-03 
   595    9.559763E-02    2.503781E-01    1.798799E-01    1.146241E-03 
   596    9.659794E-02    2.502580E-01    1.797593E-01    7.686111E-04 
   597    9.759848E-02    2.501750E-01    1.796759E-01    5.125015E-04 
   598    9.859918E-02    2.501181E-01    1.796187E-01    3.397922E-04 
   599    9.959997E-02    2.500792E-01    1.795796E-01    2.239749E-04 
   600    1.006008E-01    2.500528E-01    1.795531E-01    1.467433E-04 
   601    1.016018E-01    2.500350E-01    1.795352E-01    9.553502E-05 
   602    1.026027E-01    2.500231E-01    1.795232E-01    6.178033E-05 
   603    1.036037E-01    2.500151E-01    1.795152E-01    3.966604E-05 
   604    1.046046E-01    2.500099E-01    1.795099E-01    2.527077E-05 
   605    1.056056E-01    2.500064E-01    1.795064E-01    1.596415E-05 
   606    1.066066E-01    2.500041E-01    1.795041E-01    9.991441E-06 
   607    1.076076E-01    2.500026E-01    1.795026E-01    6.188721E-06 
   608    1.086086E-01    2.500017E-01    1.795017E-01    3.788714E-06 
   609    1.096096E-01    2.500010E-01    1.795010E-01    2.288546E-06 
   610    1.106106E-01    2.500006E-01    1.795006E-01    1.360943E-06 
   611    1.116116E-01    2.500004E-01    1.795004E-01    7.944206E-07 
   612    1.126126E-01    2.500002E-01    1.795002E-01    4.531972E-07 
   613    1.136136E-01    2.500001E-01    1.795001E-01    2.511689E-07 
   614    1.146146E-01    2.500001E-01    1.795001E-01    1.340223E-07 
   615    1.156156E-01    2.500000E-01    1.795000E-01    6.778579E-08 
   616    1.166166E-01    2.500000E-01    1.795000E-01    3.154029E-08 
   617    1.176176E-01    2.500000E-01    1.795000E-01    1.229241E-08 
   618    1.186186E-01    2.500000E-01    1.795000E-01    2.765467E-09 
   619    1.196196E-01    2.500000E-01    1.795000E-01   -1.223758E-09 
   620    1.206206E-01    2.500000E-01    1.795000E-01   -2.362484E-09 
   621    1.216216E-01    2.500000E-01    1.795000E-01   -2.250269E-09 
   622    1.226226E-01    2.500000E-01    1.795000E-01   -1.719342E-09 
   623    1.236236E-01    2.500000E-01    1.795000E-01   -1.160832E-09 
   624    1.246246E-01    2.500000E-01    1.795000E-01   -7.139447E-10 
   625    1.256256E-01    2.500000E-01    1.795000E-01   -4.025721E-10 
   626    1.266266E-01    2.500000E-01    1.795000E-01   -2.068174E-10 
   627    1.276276E-01    2.500000E-01    1.795000E-01   -9.285745E-11 
   628    1.286286E-01    2.500000E-01    1.795000E-01   -3.223958E-11 
   629    1.296296E-01    2.500000E-01    1.795000E-01   -3.176996E-12 
   630    1.306306E-01    2.500000E-01    1.795000E-01    9.030480E-12 
   631    1.316316E-01    2.500000E-01    1.795000E-01    1.286890E-11 
   632    1.326326E-01    2.500000E-01    1.795000E-01    1.274538E-11 
   633    1.336336E-01    2.500000E-01    1.795000E-01    1.101536E-11 
   634    1.346346E-01    2.500000E-01    1.795000E-01    8.837711E-12 
   635    1.356356E-01    2.500000E-01    1.795000E-01    6.730972E-12 
   636    1.366366E-01    2.500000E-01    1.795000E-01    4.935199E-12 
   637    1.376376E-01    2.500000E-01    1.795000E-01    3.509210E-12 
   638    1.386386E-01    2.500000E-01    1.795000E-01    2.433090E-12 
   639    1.396396E-01    2.500000E-01    1.795000E-01    1.650244E-12 
   640    1.406406E-01    2.500000E-01    1.795000E-01    1.097425E-12 
   641    1.416416E-01    2.500000E-01    1.795000E-01    7.149850E-13 
   642    1.426426E-01    2.500000E-01    1.795000E-01    4.567905E-13 
   643    1.436436E-01    2.500000E-01    1.795000E-01    2.863545E-13 
   644    1.446446E-01    2.500000E-01    1.795000E-01    1.761374E-13 
   645    1.456456E-01    2.500000E-01    1.795000E-01    1.060420E-13 
   646    1.466466E-01    2.500000E-01    1.795000E-01    6.273484E-14 
   647    1.476476E-01    2.500000E-01    1.795000E-01    3.613755E-14 
   648    1.486486E-01    2.500000E-01    1.795000E-01    1.992649E-14 
   649    1.496496E-01    2.500000E-01    1.795000E-01    1.028015E-14 
   650    1.506507E-01    2.500000E-01    1.795000E-01    4.973329E-15 
   651    1.516517E-01    2.500000E-01    1.795000E-01    1.581977E-15 
   652    1.526527E-01    2.500000E-01    1.795000E-01   -1.833317E-18 
   653    1.536537E-01    2.500000E-01    1.795000E-01    3.991565E-16 
   654    1.546547E-01    2.500000E-01    1.795000E-01   -5.867292E-17 
   655    1.556557E-01    2.500000E-01    1.795000E-01    5.648110E-16 
   656    1.566567E-01    2.500000E-01    1.795000E-01    3.061106E-16 
   657    1.576577E-01    2.500000E-01    1.795000E-01    5.801054E-16 
   658    1.586587E-01    2.500000E-01    1.795000E-01    4.890663E-16 
   659    1.596597E-01    2.500000E-01    1.795000E-01    2.804635E-16 
   660    1.606607E-01    2.500000E-01    1.795000E-01    6.556908E-16 
   661    1.616617E-01    2.500000E-01    1.795000E-01    6.443736E-16 
   662    1.626627E-01    2.500000E-01    1.795000E-01    9.118174E-16 
   663    1.636637E-01    2.500000E-01    1.795000E-01    1.165560E-15 
   664    1.646647E-01    2.500000E-01    1.795000E-01    8.627671E-16 
   665    1.656657E-01    2.500000E-01    1.795000E-01    6.500097E-16 
   666    1.666667E-01    2.500000E-01    1.795000E-01    1.701044E-17 
   667    1.676677E-01    2.500000E-01    1.795000E-01   -7.802207E-16 
   668    1.686687E-01    2.500000E-01    1.795000E-01   -9.775674E-16 
   669    1.696697E-01    2.500000E-01    1.795000E-01   -1.423558E-15 
   670    1.706707E-01    2.500000E-01    1.795000E-01   -1.067650E-15 
   671    1.716717E-01    2.500000E-01    1.795000E-01    6.324213E-16 
   672    1.726727E-01    2.500000E-01    1.795000E-01    2.389180E-15 
   673    1.736737E-01    2.500000E-01    1.795000E-01    9.159017E-16 
   674    1.746747E-01    2.500000E-01    1.795000E-01    1.888154E-16 
   675    1.756757E-01    2.500000E-01    1.795000E-01   -3.333237E-16 
   676    1.766767E-01    2.500000E-01    1.795000E-01   -9.948550E-16 
   677    1.776777E-01    2.500000E-01    1.795000E-01   -2.441249E-15 
   678    1.786787E-01    2.500000E-01    1.795000E-01   -7.101225E-16 
   679    1.796797E-01    2.500000E-01    1.795000E-01    7.735717E-16 
   680    1.806807E-01    2.500000E-01    1.795000E-01    1.096668E-15 
   681    1.816817E-01    2.500000E-01    1.795000E-01    4.843702E-16 
   682    1.826827E-01    2.500000E-01    1.795000E-01    4.155234E-16 
   683    1.836837E-01    2.500000E-01    1.795000E-01   -5.058150E-16 
   684    1.846847E-01    2.500000E-01    1.795000E-01   -9.073564E-16 
   685    1.856857E-01    2.500000E-01    1.795000E-01   -1.077938E-15 
   686    1.866867E-01    2.500000E-01    1.795000E-01   -1.387122E-15 
   687    1.876877E-01    2.500000E-01    1.795000E-01   -1.104320E-15 
   688    1.886887E-01    2.500000E-01    1.795000E-01   -1.316299E-15 
   689    1.896897E-01    2.500000E-01    1.795000E-01   -9.209781E-16 
   690    1.906907E-01    2.500000E-01    1.795000E-01   -9.682118E-16 
   691    1.916917E-01    2.500000E-01    1.795000E-01   -7.014737E-16 
   692    1.926927E-01    2.500000E-01    1.795000E-01   -7.565621E-16 
   693    1.936937E-01    2.500000E-01    1.795000E-01   -1.099071E-15 
   694    1.946947E-01    2.500000E-01    1.795000E-01   -5.698702E-16 
   695    1.956957E-01    2.500000E-01    1.795000E-01   -6.214123E-16 
   696    1.966967E-01    2.500000E-01    1.795000E-01   -7.644636E-16 
   697    1.976977E-01    2.500000E-01    1.795000E-01   -4.183075E-16 
   698    1.986987E-01    2.500000E-01    1.795000E-01   -7.387842E-16 
   699    1.996997E-01    2.500000E-01    1.795000E-01    5.294604E-17 
   700    2.007007E-01    2.500000E-01    1.795000E-01   -3.421459E-16 
   701    2.017017E-01    2.500000E-01    1.795000E-01   -5.482600E-16 
   702    2.027027E-01    2.500000E-01    1.795000E-01    3.267726E-17 
   703    2.037037E-01    2.500000E-01    1.795000E-01   -5.225572E-16 
   704    2.047047E-01    2.500000E-01    1.795000E-01    4.690395E-17 
   705    2.057057E-01    2.500000E-01    1.795000E-01   -4.142038E-16 
   706    2.067067E-01    2.500000E-01    1.795000E-01   -5.482352E-16 
   707    2.077077E-01    2.500000E-01    1.795000E-01    9.474782E-17 
   708    2.087087E-01    2.500000E-01    1.795000E-01   -3.891156E-16 
   709    2.097097E-01    2.500000E-01    1.795000E-01    3.815986E-16 
   710    2.107107E-01    2.500000E-01    1.795000E-01   -1.473481E-16 
   711    2.117117E-01    2.500000E-01    1.795000E-01   -2.228221E-16 
   712    2.127127E-01    2.500000E-01    1.795000E-01    8.428147E-16 
   713    2.137137E-01    2.500000E-01    1.795000E-01    3.376941E-16 
   714    2.147147E-01    2.500000E-01    1.795000E-01    9.273967E-16 
   715    2.157157E-01    2.500000E-01    1.795000E-01    4.682609E-16 
   716    2.167167E-01    2.500000E-01    1.795000E-01    7.062214E-16 
   717    2.177177E-01    2.500000E-01    1.795000E-01    4.890663E-16 
   718    2.187187E-01    2.500000E-01    1.795000E-01    2.804635E-16 
   719    2.197197E-01    2.500000E-01    1.795000E-01    6.556908E-16 
   720    2.207207E-01    2.500000E-01    1.795000E-01    6.443736E-16 
   721    2.217217E-01    2.500000E-01    1.795000E-01    9.118174E-16 
   722    2.227227E-01    2.500000E-01    1.795000E-01    1.165560E-15 
   723    2.237237E-01    2.500000E-01    1.795000E-01    8.627671E-16 
   724    2.247247E-01    2.500000E-01    1.795000E-01    6.500097E-16 
   725    2.257257E-01    2.500000E-01    1.795000E-01    1.701044E-17 
   726    2.267267E-01    2.500000E-01    1.795000E-01   -7.802207E-16 
   727    2.277277E-01    2.500000E-01    1.795000E-01   -9.775674E-16 
   728    2.287287E-01    2.500000E-01    1.795000E-01   -1.423558E-15 
   729    2.297297E-01    2.500000E-01    1.795000E-01   -1.067650E-15 
   730    2.307307E-01    2.500000E-01    1.795000E-01    6.324213E-16 
   731    2.317317E-01    2.500000E-01    1.795000E-01    2.389180E-15 
   732    2.327327E-01    2.500000E-01    1.795000E-01    9.159017E-16 
   733    2.337337E-01    2.500000E-01    1.795000E-01    1.888154E-16 
   734    2.347347E-01    2.500000E-01    1.795000E-01   -3.333237E-16 
   735    2.357357E-01    2.500000E-01    1.795000E-01   -9.948550E-16 
   736    2.367367E-01    2.500000E-01    1.795000E-01   -2.441249E-15 
   737    2.377377E-01    2.500000E-01    1.795000E-01   -7.101225E-16 
   738    2.387387E-01    2.500000E-01    1.795000E-01    7.735717E-16 
   739    2.397397E-01    2.500000E-01    1.795000E-01    1.096668E-15 
   740    2.407407E-01    2.500000E-01    1.795000E-01    4.843702E-16 
   741    2.417417E-01    2.500000E-01    1.795000E-01    4.155234E-16 
   742    2.427427E-01    2.500000E-01    1.795000E-01   -5.058150E-16 
   743    2.437437E-01    2.500000E-01    1.795000E-01   -9.073564E-16 
   744    2.447447E-01    2.500000E-01    1.795000E-01   -1.077938E-15 
   745    2.457457E-01    2.500000E-01    1.795000E-01   -1.387122E-15 
   746    2.467467E-01    2.500000E-01    1.795000E-01   -1.104320E-15 
   747    2.477477E-01    2.500000E-01    1.795000E-01   -1.316299E-15 
   748    2.487487E-01    2.500000E-01    1.795000E-01   -9.209781E-16 
   749    2.497497E-01    2.500000E-01    1.795000E-01   -9.682118E-16 
   750    2.507508E-01    2.500000E-01    1.795000E-01   -7.014737E-16 
   751    2.517518E-01    2.500000E-01    1.795000E-01   -7.565621E-16 
   752    2.527528E-01    2.500000E-01    1.795000E-01   -1.099071E-15 
   753    2.537538E-01    2.500000E-01    1.795000E-01   -5.698702E-16 
   754    2.547548E-01    2.500000E-01    1.795000E-01   -6.214123E-16 
   755    2.557558E-01    2.500000E-01    1.795000E-01   -7.644636E-16 
   756    2.567568E-01    2.500000E-01    1.795000E-01   -4.194336E-16 
   757    2.577578E-01    2.500000E-01    1.795000E-01   -7.387842E-16 
   758    2.587588E-01    2.500000E-01    1.795000E-01    5.294604E-17 
   759    2.597598E-01    2.500000E-01    1.795000E-01   -3.601625E-16 
   760    2.607608E-01    2.500000E-01    1.795000E-01   -5.482600E-16 
   761    2.617618E-01    2.500000E-01    1.795000E-01    2.465434E-17 
   762    2.627628E-01    2.500000E-01    1.795000E-01   -5.225567E-16 
   763    2.637638E-01    2.500000E-01    1.795000E-01    3.719197E-17 
   764    2.647648E-01    2.500000E-01    1.795000E-01   -4.502362E-16 
   765    2.657658E-01    2.500000E-01    1.795000E-01   -5.482352E-16 
   766    2.667668E-01    2.500000E-01    1.795000E-01    2.465434E-17 
   767    2.677678E-01    2.500000E-01    1.795000E-01   -5.225501E-16 
   768    2.687688E-01    2.500000E-01    1.795000E-01    3.719197E-17 
   769    2.697698E-01    2.500000E-01    1.795000E-01   -4.322196E-16 
   770    2.707708E-01    2.500000E-01    1.795000E-01   -5.482336E-16 
   771    2.717718E-01    2.500000E-01    1.795000E-01    3.267726E-17 
   772    2.727728E-01    2.500000E-01    1.795000E-01   -5.225506E-16 
   773    2.737738E-01    2.500000E-01    1.795000E-01    4.690395E-17 
   774    2.747748E-01    2.500000E-01    1.795000E-01   -4.142038E-16 
   775    2.757758E-01    2.500000E-01    1.795000E-01   -5.482336E-16 
   776    2.767768E-01    2.500000E-01    1.795000E-01    9.474782E-17 
   777    2.777778E-01    2.500000E-01    1.795000E-01   -3.891156E-16 
   778    2.787788E-01    2.500000E-01    1.795000E-01    3.815986E-16 
   779    2.797798E-01    2.500000E-01    1.795000E-01   -1.473481E-16 
   780    2.807808E-01    2.500000E-01    1.795000E-01   -2.228221E-16 
   781    2.817818E-01    2.500000E-01    1.795000E-01    8.428147E-16 
   782    2.827828E-01    2.500000E-01    1.795000E-01    3.376941E-16 
   783    2.837838E-01    2.500000E-01    1.795000E-01    9.273967E-16 
   784    2.847848E-01    2.500000E-01    1.795000E-01    4.682609E-16 
   785    2.857858E-01    2.500000E-01    1.795000E-01    7.062214E-16 
   786    2.867868E-01    2.500000E-01    1.795000E-01    4.890663E-16 
   787    2.877878E-01    2.500000E-01    1.795000E-01    2.804635E-16 
   788    2.887888E-01    2.500000E-01    1.795000E-01    6.556908E-16 
   789    2.897898E-01    2.500000E-01    1.795000E-01    6.443736E-16 
   790    2.907908E-01    2.500000E-01    1.795000E-01    9.118174E-16 
   791    2.917918E-01    2.500000E-01    1.795000E-01    1.165560E-15 
   792    2.927928E-01    2.500000E-01    1.795000E-01    8.627671E-16 
   793    2.937938E-01    2.500000E-01    1.795000E-01    6.500097E-16 
   794    2.947948E-01    2.500000E-01    1.795000E-01    1.701044E-17 
   795    2.957958E-01    2.500000E-01    1.795000E-01   -7.802207E-16 
   796    2.967968E-01    2.500000E-01    1.795000E-01   -9.775674E-16 
   797    2.977978E-01    2.500000E-01    1.795000E-01   -1.423558E-15 
   798    2.987988E-01    2.500000E-01    1.795000E-01   -1.067650E-15 
   799    2.997998E-01    2.500000E-01    1.795000E-01    6.324213E-16 
   800    3.008008E-01    2.500000E-01    1.795000E-01    2.389180E-15 
   801    3.018018E-01    2.500000E-01    1.795000E-01    9.159017E-16 
   802    3.028028E-01    2.500000E-01    1.795000E-01    1.888154E-16 
   803    3.038038E-01    2.500000E-01    1.795000E-01   -3.333237E-16 
   804    3.048048E-01    2.500000E-01    1.795000E-01   -9.948550E-16 
   805    3.058058E-01    2.500000E-01    1.795000E-01   -2.441249E-15 
   806    3.068068E-01    2.500000E-01    1.795000E-01   -7.101225E-16 
   807    3.078078E-01    2.500000E-01    1.795000E-01    7.735717E-16 
   808    3.088088E-01    2.500000E-01    1.795000E-01    1.096668E-15 
   809    3.098098E-01    2.500000E-01    1.795000E-01    4.843702E-16 
   810    3.108108E-01    2.500000E-01    1.795000E-01    4.155234E-16 
   811    3.118118E-01    2.500000E-01    1.795000E-01   -5.058150E-16 
   812    3.128128E-01    2.500000E-01    1.795000E-01   -9.073564E-16 
   813    3.138138E-01    2.500000E-01    1.795000E-01   -1.077938E-15 
   814    3.148148E-01    2.500000E-01    1.795000E-01   -1.387122E-15 
   815    3.158158E-01    2.500000E-01    1.795000E-01   -1.104320E-15 
   816    3.168168E-01    2.500000E-01    1.795000E-01   -1.316299E-15 
   817    3.178178E-01    2.500000E-01    1.795000E-01   -9.209781E-16 
   818    3.188188E-01    2.500000E-01    1.795000E-01   -9.682118E-16 
   819    3.198198E-01    2.500000E-01    1.795000E-01   -7.014737E-16 
   820    3.208208E-01    2.500000E-01    1.795000E-01   -7.565621E-16 
   821    3.218218E-01    2.500000E-01    1.795000E-01   -1.099071E-15 
   822    3.228228E-01    2.500000E-01    1.795000E-01   -5.698702E-16 
   823    3.238238E-01    2.500000E-01    1.795000E-01   -6.214123E-16 
   824    3.248248E-01    2.500000E-01    1.795000E-01   -7.644636E-16 
   825    3.258258E-01    2.500000E-01    1.795000E-01   -4.183075E-16 
   826    3.268268E-01    2.500000E-01    1.795000E-01   -7.387842E-16 
   827    3.278278E-01    2.500000E-01    1.795000E-01    5.294604E-17 
   828    3.288288E-01    2.500000E-01    1.795000E-01   -3.421459E-16 
   829    3.298298E-01    2.500000E-01    1.795000E-01   -5.482600E-16 
   830    3.308308E-01    2.500000E-01    1.795000E-01    3.267726E-17 
   831    3.318318E-01    2.500000E-01    1.795000E-01   -5.225572E-16 
   832    3.328328E-01    2.500000E-01    1.795000E-01    4.690395E-17 
   833    3.338338E-01    2.500000E-01    1.795000E-01   -4.142038E-16 
   834    3.348348E-01    2.500000E-01    1.795000E-01   -5.482352E-16 
   835    3.358358E-01    2.500000E-01    1.795000E-01    9.474782E-17 
   836    3.368368E-01    2.500000E-01    1.795000E-01   -3.891156E-16 
   837    3.378378E-01    2.500000E-01    1.795000E-01    3.815986E-16 
   838    3.388388E-01    2.500000E-01    1.795000E-01   -1.473481E-16 
   839    3.398398E-01    2.500000E-01    1.795000E-01   -2.228221E-16 
   840    3.408408E-01    2.500000E-01    1.795000E-01    8.428147E-16 
   841    3.418418E-01    2.500000E-01    1.795000E-01    3.360051E-16 
   842    3.428428E-01    2.500000E-01    1.795000E-01    9.245816E-16 
   843    3.438438E-01    2.500000E-01    1.795000E-01    4.626307E-16 
   844    3.448448E-01    2.500000E-01    1.795000E-01    6.946795E-16 
   845    3.458458E-01    2.500000E-01    1.795000E-01    4.870957E-16 
   846    3.468468E-01    2.500000E-01    1.795000E-01    2.725812E-16 
   847    3.478478E-01    2.500000E-01    1.795000E-01    5.913659E-16 
   848    3.488488E-01    2.500000E-01    1.795000E-01    5.982062E-16 
   849    3.498498E-01    2.500000E-01    1.795000E-01    7.873902E-16 
   850    3.508509E-01    2.500000E-01    1.795000E-01    8.729310E-16 
   851    3.518519E-01    2.500000E-01    1.795000E-01    4.982123E-16 
   852    3.528529E-01    2.500000E-01    1.795000E-01    4.286039E-16 
   853    3.538539E-01    2.500000E-01    1.795000E-01    2.494014E-16 
   854    3.548549E-01    2.500000E-01    1.795000E-01    3.468121E-16 
   855    3.558559E-01    2.500000E-01    1.795000E-01    2.325968E-15 
   856    3.568569E-01    2.500000E-01    1.795000E-01    6.621185E-15 
   857    3.578579E-01    2.500000E-01    1.795000E-01    1.440067E-14 
   858    3.588589E-01    2.500000E-01    1.795000E-01    2.763818E-14 
   859    3.598599E-01    2.500000E-01    1.795000E-01    4.505915E-14 
   860    3.608609E-01    2.500000E-01    1.795000E-01    5.790121E-14 
   861    3.618619E-01    2.500000E-01    1.795000E-01    6.327843E-14 
   862    3.628629E-01    2.500000E-01    1.795000E-01    4.182604E-14 
   863    3.638639E-01    2.500000E-01    1.795000E-01   -4.457710E-14 
   864    3.648649E-01    2.500000E-01    1.795000E-01   -2.635669E-13 
   865    3.658659E-01    2.500000E-01    1.795000E-01   -7.150291E-13 
   866    3.668669E-01    2.500000E-01    1.795000E-01   -1.570654E-12 
   867    3.678679E-01    2.500000E-01    1.795000E-01   -3.136703E-12 
   868    3.688689E-01    2.500000E-01    1.795000E-01   -5.901270E-12 
   869    3.698699E-01    2.500000E-01    1.795000E-01   -1.064396E-11 
   870    3.708709E-01    2.500000E-01    1.795000E-01   -1.859079E-11 
   871    3.718719E-01    2.500000E-01    1.795000E-01   -3.163499E-11 
   872    3.728729E-01    2.500000E-01    1.795000E-01   -5.269084E-11 
   873    3.738739E-01    2.500000E-01    1.795000E-01   -8.619206E-11 
   874    3.748749E-01    2.500000E-01    1.795000E-01   -1.387883E-10 
   875    3.758759E-01    2.500000E-01    1.795000E-01   -2.203894E-10 
   876    3.768769E-01    2.500000E-01    1.795000E-01   -3.456244E-10 
   877    3.778779E-01    2.500000E-01    1.795000E-01   -5.358885E-10 
   878    3.788789E-01    2.500000E-01    1.795000E-01   -8.222444E-10 
   879    3.798799E-01    2.500000E-01    1.795000E-01   -1.249442E-09 
   880    3.808809E-01    2.500000E-01    1.795000E-01   -1.881452E-09 
   881    3.818819E-01    2.500000E-01    1.795000E-01   -2.809077E-09 
   882    3.828829E-01    2.500000E-01    1.795000E-01   -4.160300E-09 
   883    3.838839E-01    2.500000E-01    1.795000E-01   -6.114278E-09 
   884    3.848849E-01    2.500000E-01    1.795000E-01   -8.920136E-09 
   885    3.858859E-01    2.500000E-01    1.795000E-01   -1.292201E-08 
   886    3.868869E-01    2.500000E-01    1.795000E-01   -1.859226E-08 
   887    3.878879E-01    2.500000E-01    1.795000E-01   -2.657508E-08 
   888    3.888889E-01    2.500000E-01    1.795000E-01   -3.774357E-08 
   889    3.898899E-01    2.500000E-01    1.795000E-01   -5.327367E-08 
   890    3.908909E-01    2.500000E-01    1.795000E-01   -7.473955E-08 
   891    3.918919E-01    2.500000E-01    1.795000E-01   -1.042355E-07 
   892    3.928929E-01    2.500000E-01    1.795000E-01   -1.445308E-07 
   893    3.938939E-01    2.500001E-01    1.795001E-01   -1.992652E-07 
   894    3.948949E-01    2.500001E-01    1.795001E-01   -2.731932E-07 
   895    3.958959E-01    2.500001E-01    1.795001E-01   -3.724880E-07 
   896    3.968969E-01    2.500001E-01    1.795001E-01   -5.051158E-07 
   897    3.978979E-01    2.500002E-01    1.795002E-01   -6.812937E-07 
   898    3.988989E-01    2.500002E-01    1.795002E-01   -9.140444E-07 
   899    3.998999E-01    2.500003E-01    1.795003E-01   -1.219864E-06 
   900    4.009009E-01    2.500004E-01    1.795004E-01   -1.619517E-06 
   901    4.019019E-01    2.500006E-01    1.795006E-01   -2.138973E-06 
   902    4.029029E-01    2.500007E-01    1.795007E-01   -2.810504E-06 
   903    4.039039E-01    2.500009E-01    1.795009E-01   -3.673952E-06 
   904    4.049049E-01    2.500012E-01    1.795012E-01   -4.778170E-06 
   905    4.059059E-01    2.500016E-01    1.795016E-01   -6.182660E-06 
   906    4.069069E-01    2.500020E-01    1.795020E-01   -7.959379E-06 
   907    4.079079E-01    2.500026E-01    1.795026E-01   -1.019473E-05 
   908    4.089089E-01    2.500032E-01    1.795032E-01   -1.299168E-05 
   909    4.099099E-01    2.500041E-01    1.795041E-01   -1.647204E-05 
   910    4.109108E-01    2.500051E-01    1.795051E-01   -2.077872E-05 
   911    4.119118E-01    2.500064E-01    1.795064E-01   -2.607806E-05 
   912    4.129128E-01    2.500079E-01    1.795080E-01   -3.256196E-05 
   913    4.139138E-01    2.500098E-01    1.795099E-01   -4.044982E-05 
   914    4.149147E-01    2.500121E-01    1.795121E-01   -4.999007E-05 
   915    4.159157E-01    2.500148E-01    1.795149E-01   -6.146114E-05 
   916    4.169166E-01    2.500180E-01    1.795181E-01   -7.517165E-05 
   917    4.179176E-01    2.500219E-01    1.795220E-01   -9.145969E-05 
   918    4.189185E-01    2.500264E-01    1.795265E-01   -1.106908E-04 
   919    4.199194E-01    2.500316E-01    1.795318E-01   -1.332546E-04 
   920    4.209203E-01    2.500378E-01    1.795380E-01   -1.595593E-04 
   921    4.219211E-01    2.500448E-01    1.795451E-01   -1.900247E-04 
   922    4.229219E-01    2.500530E-01    1.795532E-01   -2.250723E-04 
   923    4.239227E-01    2.500622E-01    1.795626E-01   -2.651140E-04 
   924    4.249235E-01    2.500728E-01    1.795731E-01   -3.105381E-04 
   925    4.259242E-01    2.500846E-01    1.795850E-01   -3.616937E-04 
   926    4.269249E-01    2.500978E-01    1.795983E-01   -4.188733E-04 
   927    4.279255E-01    2.501124E-01    1.796130E-01   -4.822919E-04 
   928    4.289260E-01    2.501285E-01    1.796292E-01   -5.520643E-04 
   929    4.299265E-01    2.501461E-01    1.796469E-01   -6.281797E-04 
   930    4.309269E-01    2.501651E-01    1.796660E-01   -7.104776E-04 
   931    4.319272E-01    2.501855E-01    1.796865E-01   -7.986294E-04 
   932    4.329274E-01    2.502072E-01    1.797083E-01   -8.921280E-04 
   933    4.339276E-01    2.502301E-01    1.797313E-01   -9.902865E-04 
   934    4.349276E-01    2.502539E-01    1.797552E-01   -1.092235E-03 
   935    4.359276E-01    2.502784E-01    1.797799E-01   -1.196907E-03 
   936    4.369274E-01    2.503034E-01    1.798050E-01   -1.303002E-03 
   937    4.379272E-01    2.503285E-01    1.798303E-01   -1.408948E-03 
   938    4.389268E-01    2.503534E-01    1.798553E-01   -1.512907E-03 
   939    4.399263E-01    2.503776E-01    1.798797E-01   -1.612885E-03 
   940    4.409258E-01    2.504008E-01    1.799030E-01   -1.706966E-03 
   941    4.419251E-01    2.504223E-01    1.799247E-01   -1.793581E-03 
   942    4.429243E-01    2.504418E-01    1.799443E-01   -1.871577E-03 
   943    4.439235E-01    2.504589E-01    1.799615E-01   -1.939783E-03 
   944    4.449225E-01    2.504733E-01    1.799760E-01   -1.996018E-03 
   945    4.459216E-01    2.504844E-01    1.799871E-01   -2.036540E-03 
   946    4.469206E-01    2.504913E-01    1.799941E-01   -2.057464E-03 
   947    4.479195E-01    2.504928E-01    1.799956E-01   -2.055983E-03 
   948    4.489185E-01    2.504870E-01    1.799898E-01   -2.028349E-03 
   949    4.499175E-01    2.504728E-01    1.799755E-01   -1.979757E-03 
   950    4.509164E-01    2.504500E-01    1.799525E-01   -1.925067E-03 
   951    4.519153E-01    2.504198E-01    1.799221E-01   -1.871997E-03 
   952    4.529143E-01    2.503841E-01    1.798862E-01   -1.794745E-03 
   953    4.539138E-01    2.503442E-01    1.798461E-01   -1.624433E-03 
   954    4.549139E-01    2.502998E-01    1.798014E-01   -1.304185E-03 
   955    4.559144E-01    2.502491E-01    1.797504E-01   -8.626367E-04 
   956    4.569148E-01    2.501909E-01    1.796919E-01   -4.325091E-04 
   957    4.579144E-01    2.501271E-01    1.796278E-01   -1.921110E-04 
   958    4.589134E-01    2.500642E-01    1.795645E-01   -2.077871E-04 
   959    4.599132E-01    2.500102E-01    1.795103E-01   -3.067560E-04 
   960    4.609152E-01    2.499717E-01    1.794716E-01   -2.534651E-04 
   961    4.619196E-01    2.499510E-01    1.794507E-01    1.028149E-04 
   962    4.629240E-01    2.499441E-01    1.794438E-01    5.379054E-04 
   963    4.639245E-01    2.499438E-01    1.794435E-01    6.320861E-04 
   964    4.649220E-01    2.499459E-01    1.794456E-01    4.994280E-04 
   965    4.659194E-01    2.499504E-01    1.794502E-01    2.997669E-04 
   966    4.669196E-01    2.499590E-01    1.794587E-01    4.858726E-05 
   967    4.679257E-01    2.499729E-01    1.794728E-01   -1.306177E-04 
   968    4.689342E-01    2.499890E-01    1.794890E-01   -7.828362E-05 
   969    4.699350E-01    2.500008E-01    1.795009E-01   -4.566036E-05 
   970    4.709294E-01    2.500088E-01    1.795089E-01   -1.620419E-04 
   971    4.719229E-01    2.500169E-01    1.795170E-01   -2.701237E-04 
   972    4.729207E-01    2.500249E-01    1.795250E-01   -3.370095E-04 
   973    4.739313E-01    2.500316E-01    1.795318E-01   -3.884454E-04 
   974    4.749451E-01    2.500320E-01    1.795323E-01   -1.512633E-04 
   975    4.759413E-01    2.500246E-01    1.795248E-01   -2.451690E-05 
   976    4.769363E-01    2.500053E-01    1.795053E-01    3.284933E-04 
   977    4.779273E-01    2.499784E-01    1.794782E-01    2.197651E-04 
   978    4.789192E-01    2.499605E-01    1.794603E-01   -2.065081E-04 
   979    4.799289E-01    2.499590E-01    1.794589E-01   -6.535468E-04 
   980    4.809479E-01    2.499595E-01    1.794595E-01   -2.526436E-04 
   981    4.819727E-01    2.499482E-01    1.794485E-01    6.289466E-04 
   982    4.829639E-01    2.499259E-01    1.794262E-01    7.299902E-04 
   983    4.839232E-01    2.499024E-01    1.794023E-01    1.903899E-04 
   984    4.848577E-01    2.499050E-01    1.794056E-01   -1.534218E-03 
   985    4.859613E-01    2.498895E-01    1.793905E-01    1.686903E-04 
   986    4.870022E-01    2.498153E-01    1.793180E-01    1.981399E-04 
   987    4.880088E-01    2.496817E-01    1.791850E-01    4.074873E-04 
   988    4.889732E-01    2.494511E-01    1.789504E-01    5.269263E-04 
   989    4.897712E-01    2.491510E-01    1.786235E-01   -1.158427E-03 
   990    4.909910E-01    2.486981E-01    1.785652E-01    0.000000E+00 
   991    4.919920E-01    2.484308E-01    1.783733E-01    0.000000E+00 
   992    4.929930E-01    2.478523E-01    1.779579E-01    0.000000E+00 
   993    4.939940E-01    2.461969E-01    1.767694E-01    0.000000E+00 
   994    4.949950E-01    2.422828E-01    1.739590E-01    0.000000E+00 
   995    4.959960E-01    2.343300E-01    1.682489E-01    0.000000E+00 
   996    4.969970E-01    2.204930E-01    1.583140E-01    0.000000E+00 
   997    4.979980E-01    1.999738E-01    1.435812E-01    0.000000E+00 
   998    4.989990E-01    1.731652E-01    1.243326E-01    0.000000E+00 
   999    5.000000E-01    1.416667E-01    1.017167E-01    0.000000E+00 
