     0   -5.000000E-01    5.666667E-01    5.666667E-01    0.000000E+00 
     1   -4.989990E-01    6.926517E-01    6.926517E-01    0.000000E+00 
     2   -4.979980E-01    7.998561E-01    7.998561E-01    0.000000E+00 
     3   -4.969970E-01    8.818945E-01    8.818945E-01    0.000000E+00 
     4   -4.959960E-01    9.372033E-01    9.372033E-01    0.000000E+00 
     5   -4.949950E-01    9.689795E-01    9.689795E-01    0.000000E+00 
     6   -4.939940E-01    9.846248E-01    9.846248E-01    0.000000E+00 
     7   -4.929930E-01    9.912844E-01    9.912844E-01    0.000000E+00 
     8   -4.919920E-01    9.936466E-01    9.936466E-01    0.000000E+00 
     9   -4.909910E-01    9.947586E-01    9.947586E-01    0.000000E+00 
    10   -4.897526E-01    9.966311E-01    9.951423E-01    6.679614E-04 
    11   -4.889829E-01    9.977855E-01    9.969161E-01   -3.260505E-04 
    12   -4.880161E-01    9.987007E-01    9.982112E-01   -2.623762E-04 
    13   -4.870050E-01    9.992372E-01    9.989535E-01   -1.483738E-04 
    14   -4.859637E-01    9.995409E-01    9.993668E-01   -3.567661E-05 
    15   -4.848286E-01    9.996375E-01    9.994993E-01    9.727254E-04 
    16   -4.839286E-01    9.996680E-01    9.995387E-01   -1.778467E-04 
    17   -4.829759E-01    9.997784E-01    9.996948E-01   -4.247137E-04 
    18   -4.819809E-01    9.998716E-01    9.998242E-01   -2.917036E-04 
    19   -4.809442E-01    9.999180E-01    9.998865E-01    7.555894E-05 
    20   -4.799129E-01    9.998964E-01    9.998563E-01    5.705464E-04 
    21   -4.789167E-01    9.998617E-01    9.998070E-01    1.363533E-04 
    22   -4.779350E-01    9.998888E-01    9.998449E-01   -2.350711E-04 
    23   -4.769458E-01    9.999396E-01    9.999160E-01   -2.703485E-04 
    24   -4.759379E-01    9.999672E-01    9.999544E-01    8.161752E-05 
    25   -4.749400E-01    9.999683E-01    9.999560E-01    1.305421E-04 
    26   -4.739261E-01    9.999606E-01    9.999451E-01    1.634397E-04 
    27   -4.729203E-01    9.999543E-01    9.999362E-01    2.956060E-05 
    28   -4.719237E-01    9.999678E-01    9.999551E-01   -6.325723E-05 
    29   -4.709300E-01    9.999849E-01    9.999789E-01   -4.343659E-05 
    30   -4.699359E-01    9.999973E-01    9.999964E-01   -7.126368E-05 
    31   -4.689294E-01    1.000001E+00    1.000002E+00    9.431447E-05 
    32   -4.679210E-01    9.999907E-01    9.999871E-01    1.399057E-04 
    33   -4.669181E-01    9.999807E-01    9.999730E-01    7.230271E-05 
    34   -4.659204E-01    9.999840E-01    9.999776E-01   -2.340748E-05 
    35   -4.649238E-01    9.999977E-01    9.999968E-01   -7.027346E-05 
    36   -4.639246E-01    1.000007E+00    1.000010E+00    1.031297E-05 
    37   -4.629212E-01    1.000006E+00    1.000008E+00    8.759315E-05 
    38   -4.619176E-01    9.999975E-01    9.999966E-01    7.983432E-05 
    39   -4.609151E-01    9.999933E-01    9.999907E-01    2.678355E-05 
    40   -4.599148E-01    9.999970E-01    9.999959E-01   -1.650815E-05 
    41   -4.589162E-01    1.000004E+00    1.000006E+00   -3.279085E-05 
    42   -4.579168E-01    1.000009E+00    1.000013E+00    1.791256E-05 
    43   -4.569150E-01    1.000010E+00    1.000013E+00    6.140225E-05 
    44   -4.559124E-01    1.000008E+00    1.000011E+00    6.217891E-05 
    45   -4.549101E-01    1.000008E+00    1.000012E+00    3.846633E-05 
    46   -4.539093E-01    1.000013E+00    1.000019E+00    1.065444E-05 
    47   -4.529098E-01    1.000021E+00    1.000029E+00    2.148105E-06 
    48   -4.519100E-01    1.000026E+00    1.000036E+00    3.178070E-05 
    49   -4.509087E-01    1.000026E+00    1.000036E+00    5.952902E-05 
    50   -4.499068E-01    1.000023E+00    1.000033E+00    6.440211E-05 
    51   -4.489049E-01    1.000020E+00    1.000029E+00    5.079489E-05 
    52   -4.479039E-01    1.000020E+00    1.000028E+00    3.487462E-05 
    53   -4.469038E-01    1.000021E+00    1.000029E+00    2.613503E-05 
    54   -4.459036E-01    1.000021E+00    1.000029E+00    3.213306E-05 
    55   -4.449026E-01    1.000019E+00    1.000027E+00    4.127764E-05 
    56   -4.439010E-01    1.000017E+00    1.000023E+00    3.613902E-05 
    57   -4.428994E-01    1.000015E+00    1.000021E+00    2.365952E-05 
    58   -4.418983E-01    1.000015E+00    1.000021E+00    9.270239E-06 
    59   -4.408978E-01    1.000017E+00    1.000024E+00    2.580267E-06 
    60   -4.398973E-01    1.000019E+00    1.000027E+00    1.891622E-05 
    61   -4.388965E-01    1.000021E+00    1.000030E+00    5.198828E-05 
    62   -4.378952E-01    1.000023E+00    1.000033E+00    5.509953E-05 
    63   -4.368937E-01    1.000026E+00    1.000037E+00    4.763856E-05 
    64   -4.358925E-01    1.000031E+00    1.000043E+00    4.060853E-05 
    65   -4.348918E-01    1.000036E+00    1.000050E+00    4.031085E-05 
    66   -4.338913E-01    1.000039E+00    1.000055E+00    4.963540E-05 
    67   -4.328906E-01    1.000039E+00    1.000055E+00    6.066508E-05 
    68   -4.318894E-01    1.000037E+00    1.000052E+00    6.364730E-05 
    69   -4.308881E-01    1.000033E+00    1.000046E+00    5.905321E-05 
    70   -4.298869E-01    1.000028E+00    1.000040E+00    5.190717E-05 
    71   -4.288861E-01    1.000023E+00    1.000032E+00    4.539994E-05 
    72   -4.278854E-01    1.000015E+00    1.000021E+00    3.998216E-05 
    73   -4.268846E-01    1.000005E+00    1.000006E+00    3.435150E-05 
    74   -4.258836E-01    9.999911E-01    9.999875E-01    2.554605E-05 
    75   -4.248823E-01    9.999748E-01    9.999647E-01    1.142359E-05 
    76   -4.238811E-01    9.999564E-01    9.999389E-01   -7.858893E-06 
    77   -4.228801E-01    9.999357E-01    9.999099E-01   -2.978474E-05 
    78   -4.218792E-01    9.999123E-01    9.998772E-01   -5.311803E-05 
    79   -4.208783E-01    9.998861E-01    9.998405E-01   -7.910449E-05 
    80   -4.198772E-01    9.998577E-01    9.998007E-01   -1.090126E-04 
    81   -4.188758E-01    9.998287E-01    9.997602E-01   -1.465381E-04 
    82   -4.178745E-01    9.998019E-01    9.997226E-01   -1.923857E-04 
    83   -4.168733E-01    9.997801E-01    9.996921E-01   -2.395992E-04 
    84   -4.158722E-01    9.997668E-01    9.996735E-01   -2.932711E-04 
    85   -4.148710E-01    9.997656E-01    9.996719E-01   -3.467099E-04 
    86   -4.138697E-01    9.997808E-01    9.996931E-01   -3.655375E-04 
    87   -4.128683E-01    9.998161E-01    9.997426E-01   -3.233465E-04 
    88   -4.118669E-01    9.998746E-01    9.998244E-01   -2.392404E-04 
    89   -4.108657E-01    9.999567E-01    9.999393E-01   -1.327491E-04 
    90   -4.098646E-01    1.000061E+00    1.000085E+00   -2.512130E-06 
    91   -4.088637E-01    1.000182E+00    1.000255E+00    1.547628E-04 
    92   -4.078630E-01    1.000316E+00    1.000442E+00    3.368400E-04 
    93   -4.068623E-01    1.000456E+00    1.000638E+00    5.341028E-04 
    94   -4.058618E-01    1.000596E+00    1.000835E+00    7.329022E-04 
    95   -4.048615E-01    1.000733E+00    1.001027E+00    9.208261E-04 
    96   -4.038614E-01    1.000862E+00    1.001207E+00    1.090161E-03 
    97   -4.028614E-01    1.000980E+00    1.001373E+00    1.237897E-03 
    98   -4.018615E-01    1.001084E+00    1.001518E+00    1.363638E-03 
    99   -4.008617E-01    1.001172E+00    1.001641E+00    1.467421E-03 
   100   -3.998620E-01    1.001244E+00    1.001742E+00    1.549019E-03 
   101   -3.988623E-01    1.001299E+00    1.001819E+00    1.608257E-03 
   102   -3.978627E-01    1.001339E+00    1.001875E+00    1.646148E-03 
   103   -3.968631E-01    1.001365E+00    1.001912E+00    1.666718E-03 
   104   -3.958635E-01    1.001380E+00    1.001933E+00    1.675645E-03 
   105   -3.948639E-01    1.001386E+00    1.001941E+00    1.676926E-03 
   106   -3.938643E-01    1.001383E+00    1.001937E+00    1.672978E-03 
   107   -3.928647E-01    1.001374E+00    1.001925E+00    1.664480E-03 
   108   -3.918651E-01    1.001360E+00    1.001905E+00    1.651083E-03 
   109   -3.908655E-01    1.001341E+00    1.001878E+00    1.632808E-03 
   110   -3.898658E-01    1.001318E+00    1.001846E+00    1.609785E-03 
   111   -3.888661E-01    1.001292E+00    1.001810E+00    1.582373E-03 
   112   -3.878664E-01    1.001263E+00    1.001768E+00    1.550881E-03 
   113   -3.868667E-01    1.001230E+00    1.001723E+00    1.515595E-03 
   114   -3.858669E-01    1.001195E+00    1.001674E+00    1.476808E-03 
   115   -3.848671E-01    1.001158E+00    1.001622E+00    1.434842E-03 
   116   -3.838672E-01    1.001119E+00    1.001567E+00    1.390039E-03 
   117   -3.828673E-01    1.001078E+00    1.001509E+00    1.342759E-03 
   118   -3.818674E-01    1.001036E+00    1.001450E+00    1.293369E-03 
   119   -3.808674E-01    1.000992E+00    1.001389E+00    1.242240E-03 
   120   -3.798674E-01    1.000948E+00    1.001327E+00    1.189745E-03 
   121   -3.788673E-01    1.000903E+00    1.001265E+00    1.136247E-03 
   122   -3.778672E-01    1.000858E+00    1.001202E+00    1.082104E-03 
   123   -3.768670E-01    1.000813E+00    1.001139E+00    1.027660E-03 
   124   -3.758668E-01    1.000768E+00    1.001076E+00    9.732422E-04 
   125   -3.748666E-01    1.000724E+00    1.001014E+00    9.191578E-04 
   126   -3.738663E-01    1.000681E+00    1.000953E+00    8.656936E-04 
   127   -3.728659E-01    1.000638E+00    1.000894E+00    8.131123E-04 
   128   -3.718655E-01    1.000597E+00    1.000836E+00    7.616516E-04 
   129   -3.708651E-01    1.000557E+00    1.000779E+00    7.115232E-04 
   130   -3.698646E-01    1.000518E+00    1.000725E+00    6.629121E-04 
   131   -3.688641E-01    1.000480E+00    1.000672E+00    6.159770E-04 
   132   -3.678636E-01    1.000444E+00    1.000622E+00    5.708500E-04 
   133   -3.668630E-01    1.000410E+00    1.000574E+00    5.276377E-04 
   134   -3.658624E-01    1.000378E+00    1.000529E+00    4.864221E-04 
   135   -3.648617E-01    1.000347E+00    1.000485E+00    4.472616E-04 
   136   -3.638611E-01    1.000318E+00    1.000445E+00    4.101928E-04 
   137   -3.628603E-01    1.000290E+00    1.000406E+00    3.752317E-04 
   138   -3.618596E-01    1.000264E+00    1.000370E+00    3.423759E-04 
   139   -3.608589E-01    1.000240E+00    1.000337E+00    3.116059E-04 
   140   -3.598581E-01    1.000218E+00    1.000305E+00    2.828877E-04 
   141   -3.588573E-01    1.000197E+00    1.000276E+00    2.561739E-04 
   142   -3.578565E-01    1.000178E+00    1.000249E+00    2.314060E-04 
   143   -3.568556E-01    1.000160E+00    1.000224E+00    2.085161E-04 
   144   -3.558548E-01    1.000144E+00    1.000202E+00    1.874288E-04 
   145   -3.548539E-01    1.000129E+00    1.000181E+00    1.680625E-04 
   146   -3.538530E-01    1.000115E+00    1.000161E+00    1.503311E-04 
   147   -3.528521E-01    1.000103E+00    1.000144E+00    1.341457E-04 
   148   -3.518512E-01    1.000091E+00    1.000128E+00    1.194152E-04 
   149   -3.508503E-01    1.000081E+00    1.000114E+00    1.060482E-04 
   150   -3.498494E-01    1.000072E+00    1.000101E+00    9.395359E-05 
   151   -3.488484E-01    1.000064E+00    1.000089E+00    8.304142E-05 
   152   -3.478475E-01    1.000056E+00    1.000078E+00    7.322388E-05 
   153   -3.468465E-01    1.000049E+00    1.000069E+00    6.441576E-05 
   154   -3.458456E-01    1.000043E+00    1.000061E+00    5.653506E-05 
   155   -3.448446E-01    1.000038E+00    1.000053E+00    4.950334E-05 
   156   -3.438436E-01    1.000033E+00    1.000046E+00    4.324607E-05 
   157   -3.428427E-01    1.000029E+00    1.000040E+00    3.769280E-05 
   158   -3.418417E-01    1.000025E+00    1.000035E+00    3.277738E-05 
   159   -3.408407E-01    1.000022E+00    1.000030E+00    2.843794E-05 
   160   -3.398397E-01    1.000019E+00    1.000026E+00    2.461693E-05 
   161   -3.388387E-01    1.000016E+00    1.000023E+00    2.126108E-05 
   162   -3.378378E-01    1.000014E+00    1.000020E+00    1.832130E-05 
   163   -3.368368E-01    1.000012E+00    1.000017E+00    1.575251E-05 
   164   -3.358358E-01    1.000010E+00    1.000014E+00    1.351356E-05 
   165   -3.348348E-01    1.000009E+00    1.000012E+00    1.156695E-05 
   166   -3.338338E-01    1.000008E+00    1.000011E+00    9.878712E-06 
   167   -3.328328E-01    1.000006E+00    1.000009E+00    8.418161E-06 
   168   -3.318318E-01    1.000005E+00    1.000008E+00    7.157680E-06 
   169   -3.308308E-01    1.000005E+00    1.000007E+00    6.072508E-06 
   170   -3.298298E-01    1.000004E+00    1.000006E+00    5.140522E-06 
   171   -3.288288E-01    1.000003E+00    1.000005E+00    4.342022E-06 
   172   -3.278278E-01    1.000003E+00    1.000004E+00    3.659526E-06 
   173   -3.268268E-01    1.000002E+00    1.000003E+00    3.077567E-06 
   174   -3.258258E-01    1.000002E+00    1.000003E+00    2.582512E-06 
   175   -3.248248E-01    1.000002E+00    1.000002E+00    2.162375E-06 
   176   -3.238238E-01    1.000001E+00    1.000002E+00    1.806655E-06 
   177   -3.228228E-01    1.000001E+00    1.000002E+00    1.506179E-06 
   178   -3.218218E-01    1.000001E+00    1.000001E+00    1.252958E-06 
   179   -3.208208E-01    1.000001E+00    1.000001E+00    1.040055E-06 
   180   -3.198198E-01    1.000001E+00    1.000001E+00    8.614643E-07 
   181   -3.188188E-01    1.000001E+00    1.000001E+00    7.120005E-07 
   182   -3.178178E-01    1.000000E+00    1.000001E+00    5.872004E-07 
   183   -3.168168E-01    1.000000E+00    1.000001E+00    4.832324E-07 
   184   -3.158158E-01    1.000000E+00    1.000000E+00    3.968169E-07 
   185   -3.148148E-01    1.000000E+00    1.000000E+00    3.251541E-07 
   186   -3.138138E-01    1.000000E+00    1.000000E+00    2.658603E-07 
   187   -3.128128E-01    1.000000E+00    1.000000E+00    2.169117E-07 
   188   -3.118118E-01    1.000000E+00    1.000000E+00    1.765949E-07 
   189   -3.108108E-01    1.000000E+00    1.000000E+00    1.434625E-07 
   190   -3.098098E-01    1.000000E+00    1.000000E+00    1.162958E-07 
   191   -3.088088E-01    1.000000E+00    1.000000E+00    9.407070E-08 
   192   -3.078078E-01    1.000000E+00    1.000000E+00    7.592921E-08 
   193   -3.068068E-01    1.000000E+00    1.000000E+00    6.115428E-08 
   194   -3.058058E-01    1.000000E+00    1.000000E+00    4.914818E-08 
   195   -3.048048E-01    1.000000E+00    1.000000E+00    3.941392E-08 
   196   -3.038038E-01    1.000000E+00    1.000000E+00    3.153932E-08 
   197   -3.028028E-01    1.000000E+00    1.000000E+00    2.518339E-08 
   198   -3.018018E-01    1.000000E+00    1.000000E+00    2.006473E-08 
   199   -3.008008E-01    1.000000E+00    1.000000E+00    1.595176E-08 
   200   -2.997998E-01    1.000000E+00    1.000000E+00    1.265429E-08 
   201   -2.987988E-01    1.000000E+00    1.000000E+00    1.001657E-08 
   202   -2.977978E-01    1.000000E+00    1.000000E+00    7.911329E-09 
   203   -2.967968E-01    1.000000E+00    1.000000E+00    6.234871E-09 
   204   -2.957958E-01    1.000000E+00    1.000000E+00    4.902864E-09 
   205   -2.947948E-01    1.000000E+00    1.000000E+00    3.846928E-09 
   206   -2.937938E-01    1.000000E+00    1.000000E+00    3.011739E-09 
   207   -2.927928E-01    1.000000E+00    1.000000E+00    2.352641E-09 
   208   -2.917918E-01    1.000000E+00    1.000000E+00    1.833691E-09 
   209   -2.907908E-01    1.000000E+00    1.000000E+00    1.426018E-09 
   210   -2.897898E-01    1.000000E+00    1.000000E+00    1.106492E-09 
   211   -2.887888E-01    1.000000E+00    1.000000E+00    8.566249E-10 
   212   -2.877878E-01    1.000000E+00    1.000000E+00    6.616823E-10 
   213   -2.867868E-01    1.000000E+00    1.000000E+00    5.099398E-10 
   214   -2.857858E-01    1.000000E+00    1.000000E+00    3.920970E-10 
   215   -2.847848E-01    1.000000E+00    1.000000E+00    3.007913E-10 
   216   -2.837838E-01    1.000000E+00    1.000000E+00    2.302132E-10 
   217   -2.827828E-01    1.000000E+00    1.000000E+00    1.757860E-10 
   218   -2.817818E-01    1.000000E+00    1.000000E+00    1.339118E-10 
   219   -2.807808E-01    1.000000E+00    1.000000E+00    1.017696E-10 
   220   -2.797798E-01    1.000000E+00    1.000000E+00    7.716153E-11 
   221   -2.787788E-01    1.000000E+00    1.000000E+00    5.836502E-11 
   222   -2.777778E-01    1.000000E+00    1.000000E+00    4.403904E-11 
   223   -2.767768E-01    1.000000E+00    1.000000E+00    3.314787E-11 
   224   -2.757758E-01    1.000000E+00    1.000000E+00    2.489172E-11 
   225   -2.747748E-01    1.000000E+00    1.000000E+00    1.864459E-11 
   226   -2.737738E-01    1.000000E+00    1.000000E+00    1.392994E-11 
   227   -2.727728E-01    1.000000E+00    1.000000E+00    1.038297E-11 
   228   -2.717718E-01    1.000000E+00    1.000000E+00    7.722179E-12 
   229   -2.707708E-01    1.000000E+00    1.000000E+00    5.727542E-12 
   230   -2.697698E-01    1.000000E+00    1.000000E+00    4.237397E-12 
   231   -2.687688E-01    1.000000E+00    1.000000E+00    3.126216E-12 
   232   -2.677678E-01    1.000000E+00    1.000000E+00    2.299272E-12 
   233   -2.667668E-01    1.000000E+00    1.000000E+00    1.684436E-12 
   234   -2.657658E-01    1.000000E+00    1.000000E+00    1.229515E-12 
   235   -2.647648E-01    1.000000E+00    1.000000E+00    8.947414E-13 
   236   -2.637638E-01    1.000000E+00    1.000000E+00    6.501104E-13 
   237   -2.627628E-01    1.000000E+00    1.000000E+00    4.716790E-13 
   238   -2.617618E-01    1.000000E+00    1.000000E+00    3.424899E-13 
   239   -2.607608E-01    1.000000E+00    1.000000E+00    2.489594E-13 
   240   -2.597598E-01    1.000000E+00    1.000000E+00    1.810418E-13 
   241   -2.587588E-01    1.000000E+00    1.000000E+00    1.306939E-13 
   242   -2.577578E-01    1.000000E+00    1.000000E+00    9.358266E-14 
   243   -2.567568E-01    1.000000E+00    1.000000E+00    6.678737E-14 
   244   -2.557558E-01    1.000000E+00    1.000000E+00    4.656330E-14 
   245   -2.547548E-01    1.000000E+00    1.000000E+00    3.142292E-14 
   246   -2.537538E-01    1.000000E+00    1.000000E+00    1.980670E-14 
   247   -2.527528E-01    1.000000E+00    1.000000E+00    1.080349E-14 
   248   -2.517518E-01    1.000000E+00    1.000000E+00    1.962529E-15 
   249   -2.507508E-01    1.000000E+00    1.000000E+00   -5.885603E-15 
   250   -2.497497E-01    1.000000E+00    1.000000E+00   -1.381349E-14 
   251   -2.487487E-01    1.000000E+00    1.000000E+00   -2.300631E-14 
   252   -2.477477E-01    1.000000E+00    1.000000E+00   -3.463108E-14 
   253   -2.467467E-01    1.000000E+00    1.000000E+00   -4.888134E-14 
   254   -2.457457E-01    1.000000E+00    1.000000E+00   -6.969134E-14 
   255   -2.447447E-01    1.000000E+00    1.000000E+00   -9.859328E-14 
   256   -2.437437E-01    1.000000E+00    1.000000E+00   -1.388999E-13 
   257   -2.427427E-01    1.000000E+00    1.000000E+00   -1.952742E-13 
   258   -2.417417E-01    1.000000E+00    1.000000E+00   -2.744397E-13 
   259   -2.407407E-01    1.000000E+00    1.000000E+00   -3.825814E-13 
   260   -2.397397E-01    1.000000E+00    1.000000E+00   -5.317325E-13 
   261   -2.387387E-01    1.000000E+00    1.000000E+00   -7.366784E-13 
   262   -2.377377E-01    1.000000E+00    1.000000E+00   -1.017167E-12 
   263   -2.367367E-01    1.000000E+00    1.000000E+00   -1.400221E-12 
   264   -2.357357E-01    1.000000E+00    1.000000E+00   -1.922526E-12 
   265   -2.347347E-01    1.000000E+00    1.000000E+00   -2.632533E-12 
   266   -2.337337E-01    1.000000E+00    1.000000E+00   -3.594891E-12 
   267   -2.327327E-01    1.000000E+00    1.000000E+00   -4.894369E-12 
   268   -2.317317E-01    1.000000E+00    1.000000E+00   -6.644753E-12 
   269   -2.307307E-01    1.000000E+00    1.000000E+00   -8.995403E-12 
   270   -2.297297E-01    1.000000E+00    1.000000E+00   -1.214442E-11 
   271   -2.287287E-01    1.000000E+00    1.000000E+00   -1.635040E-11 
   272   -2.277277E-01    1.000000E+00    1.000000E+00   -2.195494E-11 
   273   -2.267267E-01    1.000000E+00    1.000000E+00   -2.940392E-11 
   274   -2.257257E-01    1.000000E+00    1.000000E+00   -3.927682E-11 
   275   -2.247247E-01    1.000000E+00    1.000000E+00   -5.232868E-11 
   276   -2.237237E-01    1.000000E+00    1.000000E+00   -6.953933E-11 
   277   -2.227227E-01    1.000000E+00    1.000000E+00   -9.217292E-11 
   278   -2.217217E-01    1.000000E+00    1.000000E+00   -1.218613E-10 
   279   -2.207207E-01    1.000000E+00    1.000000E+00   -1.607048E-10 
   280   -2.197197E-01    1.000000E+00    1.000000E+00   -2.113992E-10 
   281   -2.187187E-01    1.000000E+00    1.000000E+00   -2.773902E-10 
   282   -2.177177E-01    1.000000E+00    1.000000E+00   -3.630800E-10 
   283   -2.167167E-01    1.000000E+00    1.000000E+00   -4.740717E-10 
   284   -2.157157E-01    1.000000E+00    1.000000E+00   -6.174775E-10 
   285   -2.147147E-01    1.000000E+00    1.000000E+00   -8.023005E-10 
   286   -2.137137E-01    1.000000E+00    1.000000E+00   -1.039918E-09 
   287   -2.127127E-01    1.000000E+00    1.000000E+00   -1.344653E-09 
   288   -2.117117E-01    1.000000E+00    1.000000E+00   -1.734503E-09 
   289   -2.107107E-01    1.000000E+00    1.000000E+00   -2.232014E-09 
   290   -2.097097E-01    1.000000E+00    1.000000E+00   -2.865367E-09 
   291   -2.087087E-01    1.000000E+00    1.000000E+00   -3.669671E-09 
   292   -2.077077E-01    1.000000E+00    1.000000E+00   -4.688577E-09 
   293   -2.067067E-01    1.000000E+00    1.000000E+00   -5.976189E-09 
   294   -2.057057E-01    1.000000E+00    1.000000E+00   -7.599402E-09 
   295   -2.047047E-01    1.000000E+00    1.000000E+00   -9.640691E-09 
   296   -2.037037E-01    1.000000E+00    1.000000E+00   -1.220148E-08 
   297   -2.027027E-01    1.000000E+00    1.000000E+00   -1.540612E-08 
   298   -2.017017E-01    1.000000E+00    1.000000E+00   -1.940673E-08 
   299   -2.007007E-01    1.000000E+00    1.000000E+00   -2.438880E-08 
   300   -1.996997E-01    1.000000E+00    1.000000E+00   -3.057791E-08 
   301   -1.986987E-01    1.000000E+00    1.000000E+00   -3.824767E-08 
   302   -1.976977E-01    1.000000E+00    1.000000E+00   -4.772899E-08 
   303   -1.966967E-01    1.000000E+00    1.000000E+00   -5.942090E-08 
   304   -1.956957E-01    1.000000E+00    1.000000E+00   -7.380326E-08 
   305   -1.946947E-01    1.000000E+00    1.000000E+00   -9.145145E-08 
   306   -1.936937E-01    1.000000E+00    1.000000E+00   -1.130533E-07 
   307   -1.926927E-01    1.000000E+00    1.000000E+00   -1.394289E-07 
   308   -1.916917E-01    1.000000E+00    1.000000E+00   -1.715525E-07 
   309   -1.906907E-01    1.000000E+00    1.000000E+00   -2.105789E-07 
   310   -1.896897E-01    1.000000E+00    1.000000E+00   -2.578718E-07 
   311   -1.886887E-01    1.000000E+00    1.000000E+00   -3.150373E-07 
   312   -1.876877E-01    1.000000E+00    1.000000E+00   -3.839606E-07 
   313   -1.866867E-01    1.000000E+00    1.000001E+00   -4.668476E-07 
   314   -1.856857E-01    1.000000E+00    1.000001E+00   -5.662708E-07 
   315   -1.846847E-01    1.000001E+00    1.000001E+00   -6.852207E-07 
   316   -1.836837E-01    1.000001E+00    1.000001E+00   -8.271614E-07 
   317   -1.826827E-01    1.000001E+00    1.000001E+00   -9.960925E-07 
   318   -1.816817E-01    1.000001E+00    1.000001E+00   -1.196615E-06 
   319   -1.806807E-01    1.000001E+00    1.000002E+00   -1.434001E-06 
   320   -1.796797E-01    1.000001E+00    1.000002E+00   -1.714275E-06 
   321   -1.786787E-01    1.000002E+00    1.000002E+00   -2.044287E-06 
   322   -1.776777E-01    1.000002E+00    1.000003E+00   -2.431800E-06 
   323   -1.766767E-01    1.000002E+00    1.000003E+00   -2.885577E-06 
   324   -1.756757E-01    1.000003E+00    1.000004E+00   -3.415464E-06 
   325   -1.746747E-01    1.000003E+00    1.000004E+00   -4.032481E-06 
   326   -1.736737E-01    1.000004E+00    1.000005E+00   -4.748902E-06 
   327   -1.726727E-01    1.000004E+00    1.000006E+00   -5.578336E-06 
   328   -1.716717E-01    1.000005E+00    1.000007E+00   -6.535798E-06 
   329   -1.706707E-01    1.000006E+00    1.000008E+00   -7.637769E-06 
   330   -1.696697E-01    1.000007E+00    1.000010E+00   -8.902237E-06 
   331   -1.686687E-01    1.000008E+00    1.000011E+00   -1.034873E-05 
   332   -1.676677E-01    1.000009E+00    1.000013E+00   -1.199830E-05 
   333   -1.666667E-01    1.000011E+00    1.000015E+00   -1.387351E-05 
   334   -1.656657E-01    1.000012E+00    1.000017E+00   -1.599838E-05 
   335   -1.646647E-01    1.000014E+00    1.000020E+00   -1.839823E-05 
   336   -1.636638E-01    1.000016E+00    1.000023E+00   -2.109957E-05 
   337   -1.626628E-01    1.000018E+00    1.000026E+00   -2.412988E-05 
   338   -1.616618E-01    1.000021E+00    1.000029E+00   -2.751733E-05 
   339   -1.606608E-01    1.000024E+00    1.000033E+00   -3.129044E-05 
   340   -1.596598E-01    1.000027E+00    1.000038E+00   -3.547763E-05 
   341   -1.586589E-01    1.000031E+00    1.000043E+00   -4.010680E-05 
   342   -1.576579E-01    1.000035E+00    1.000048E+00   -4.520466E-05 
   343   -1.566569E-01    1.000039E+00    1.000054E+00   -5.079612E-05 
   344   -1.556560E-01    1.000044E+00    1.000061E+00   -5.690347E-05 
   345   -1.546550E-01    1.000049E+00    1.000068E+00   -6.354557E-05 
   346   -1.536541E-01    1.000054E+00    1.000076E+00   -7.073690E-05 
   347   -1.526531E-01    1.000060E+00    1.000084E+00   -7.848648E-05 
   348   -1.516522E-01    1.000067E+00    1.000093E+00   -8.679685E-05 
   349   -1.506512E-01    1.000073E+00    1.000103E+00   -9.566281E-05 
   350   -1.496503E-01    1.000081E+00    1.000113E+00   -1.050703E-04 
   351   -1.486494E-01    1.000089E+00    1.000124E+00   -1.149949E-04 
   352   -1.476485E-01    1.000097E+00    1.000135E+00   -1.254011E-04 
   353   -1.466476E-01    1.000105E+00    1.000147E+00   -1.362405E-04 
   354   -1.456467E-01    1.000114E+00    1.000160E+00   -1.474508E-04 
   355   -1.446458E-01    1.000123E+00    1.000173E+00   -1.589550E-04 
   356   -1.436449E-01    1.000133E+00    1.000186E+00   -1.706598E-04 
   357   -1.426441E-01    1.000142E+00    1.000199E+00   -1.824550E-04 
   358   -1.416432E-01    1.000152E+00    1.000212E+00   -1.942119E-04 
   359   -1.406424E-01    1.000161E+00    1.000225E+00   -2.057848E-04 
   360   -1.396415E-01    1.000170E+00    1.000238E+00   -2.170102E-04 
   361   -1.386407E-01    1.000179E+00    1.000251E+00   -2.277070E-04 
   362   -1.376399E-01    1.000187E+00    1.000262E+00   -2.376680E-04 
   363   -1.366391E-01    1.000195E+00    1.000273E+00   -2.466343E-04 
   364   -1.356383E-01    1.000201E+00    1.000281E+00   -2.542872E-04 
   365   -1.346375E-01    1.000205E+00    1.000288E+00   -2.603463E-04 
   366   -1.336367E-01    1.000207E+00    1.000290E+00   -2.644564E-04 
   367   -1.326359E-01    1.000205E+00    1.000287E+00   -2.664852E-04 
   368   -1.316352E-01    1.000197E+00    1.000275E+00   -2.654444E-04 
   369   -1.306344E-01    1.000180E+00    1.000252E+00   -2.595516E-04 
   370   -1.296336E-01    1.000152E+00    1.000212E+00   -2.452180E-04 
   371   -1.286328E-01    1.000107E+00    1.000150E+00   -2.168647E-04 
   372   -1.276320E-01    1.000041E+00    1.000057E+00   -1.678070E-04 
   373   -1.266311E-01    9.999462E-01    9.999246E-01   -9.117682E-05 
   374   -1.256301E-01    9.998151E-01    9.997411E-01    2.185189E-05 
   375   -1.246290E-01    9.996381E-01    9.994932E-01    1.821697E-04 
   376   -1.236278E-01    9.994038E-01    9.991652E-01    4.025857E-04 
   377   -1.226264E-01    9.990996E-01    9.987392E-01    6.982977E-04 
   378   -1.216246E-01    9.987109E-01    9.981949E-01    1.086618E-03 
   379   -1.206226E-01    9.982215E-01    9.975098E-01    1.587225E-03 
   380   -1.196200E-01    9.976138E-01    9.966592E-01    2.222204E-03 
   381   -1.186168E-01    9.968690E-01    9.956168E-01    3.015756E-03 
   382   -1.176130E-01    9.959671E-01    9.943548E-01    3.994266E-03 
   383   -1.166082E-01    9.948875E-01    9.928447E-01    5.185526E-03 
   384   -1.156023E-01    9.936095E-01    9.910576E-01    6.617921E-03 
   385   -1.145950E-01    9.921126E-01    9.889655E-01    8.319837E-03 
   386   -1.135863E-01    9.903775E-01    9.865417E-01    1.031848E-02 
   387   -1.125757E-01    9.883864E-01    9.837621E-01    1.263927E-02 
   388   -1.115629E-01    9.861239E-01    9.806062E-01    1.530548E-02 
   389   -1.105478E-01    9.835777E-01    9.770576E-01    1.833725E-02 
   390   -1.095299E-01    9.807387E-01    9.731050E-01    2.175131E-02 
   391   -1.085089E-01    9.776015E-01    9.687423E-01    2.555950E-02 
   392   -1.074844E-01    9.741647E-01    9.639691E-01    2.976715E-02 
   393   -1.064561E-01    9.704306E-01    9.587903E-01    3.437247E-02 
   394   -1.054236E-01    9.664052E-01    9.532163E-01    3.936638E-02 
   395   -1.043866E-01    9.620984E-01    9.472627E-01    4.473394E-02 
   396   -1.033448E-01    9.575231E-01    9.409495E-01    5.045658E-02 
   397   -1.022976E-01    9.526950E-01    9.343004E-01    5.651428E-02 
   398   -1.012450E-01    9.476311E-01    9.273409E-01    6.288681E-02 
   399   -1.001864E-01    9.423480E-01    9.200959E-01    6.955381E-02 
   400   -9.912167E-02    9.368604E-01    9.125874E-01    7.649384E-02 
   401   -9.805051E-02    9.311791E-01    9.048323E-01    8.368410E-02 
   402   -9.697268E-02    9.253109E-01    8.968414E-01    9.110200E-02 
   403   -9.588790E-02    9.192582E-01    8.886202E-01    9.872974E-02 
   404   -9.479585E-02    9.130208E-01    8.801703E-01    1.065833E-01 
   405   -9.369621E-02    9.065965E-01    8.714907E-01    1.146872E-01 
   406   -9.258861E-02    8.999826E-01    8.625803E-01    1.230740E-01 
   407   -9.147270E-02    8.931767E-01    8.534382E-01    1.317800E-01 
   408   -9.034811E-02    8.861776E-01    8.440652E-01    1.408343E-01 
   409   -8.921447E-02    8.789857E-01    8.344646E-01    1.502498E-01 
   410   -8.807139E-02    8.716045E-01    8.246440E-01    1.600201E-01 
   411   -8.691843E-02    8.640424E-01    8.146173E-01    1.701269E-01 
   412   -8.575512E-02    8.563145E-01    8.044072E-01    1.805455E-01 
   413   -8.458100E-02    8.484434E-01    7.940461E-01    1.912292E-01 
   414   -8.339565E-02    8.404577E-01    7.835739E-01    2.021410E-01 
   415   -8.219873E-02    8.323889E-01    7.730334E-01    2.132540E-01 
   416   -8.098999E-02    8.242678E-01    7.624660E-01    2.245383E-01 
   417   -7.976919E-02    8.161218E-01    7.519079E-01    2.359867E-01 
   418   -7.853613E-02    8.079730E-01    7.413885E-01    2.476003E-01 
   419   -7.729056E-02    7.998389E-01    7.309304E-01    2.593250E-01 
   420   -7.603221E-02    7.917351E-01    7.205542E-01    2.710706E-01 
   421   -7.476085E-02    7.836791E-01    7.102817E-01    2.827679E-01 
   422   -7.347632E-02    7.756911E-01    7.001383E-01    2.943675E-01 
   423   -7.217846E-02    7.677926E-01    6.901503E-01    3.058779E-01 
   424   -7.086713E-02    7.600045E-01    6.803424E-01    3.173533E-01 
   425   -6.954230E-02    7.523428E-01    6.707332E-01    3.288014E-01 
   426   -6.820401E-02    7.448131E-01    6.613277E-01    3.401893E-01 
   427   -6.685235E-02    7.374051E-01    6.521110E-01    3.514819E-01 
   428   -6.548734E-02    7.300909E-01    6.430470E-01    3.626388E-01 
   429   -6.410886E-02    7.228274E-01    6.340813E-01    3.736379E-01 
   430   -6.271672E-02    7.155632E-01    6.251502E-01    3.845061E-01 
   431   -6.131056E-02    7.082455E-01    6.161890E-01    3.953904E-01 
   432   -5.988988E-02    7.008247E-01    6.071385E-01    4.064824E-01 
   433   -5.845404E-02    6.932577E-01    5.979484E-01    4.179888E-01 
   434   -5.700233E-02    6.855085E-01    5.885783E-01    4.300858E-01 
   435   -5.553402E-02    6.775499E-01    5.789989E-01    4.428697E-01 
   436   -5.404816E-02    6.693660E-01    5.691954E-01    4.563438E-01 
   437   -5.254372E-02    6.609593E-01    5.591754E-01    4.704264E-01 
   438   -5.101955E-02    6.523584E-01    5.489776E-01    4.849360E-01 
   439   -4.947464E-02    6.436200E-01    5.386730E-01    4.997063E-01 
   440   -4.790806E-02    6.348226E-01    5.283563E-01    5.146104E-01 
   441   -4.631919E-02    6.260517E-01    5.181282E-01    5.295778E-01 
   442   -4.470783E-02    6.173829E-01    5.080754E-01    5.445801E-01 
   443   -4.307390E-02    6.088703E-01    4.982583E-01    5.596973E-01 
   444   -4.141727E-02    6.005423E-01    4.887074E-01    5.749507E-01 
   445   -3.973778E-02    5.924109E-01    4.794337E-01    5.901263E-01 
   446   -3.803534E-02    5.844852E-01    4.704442E-01    6.049683E-01 
   447   -3.630998E-02    5.767860E-01    4.617589E-01    6.192811E-01 
   448   -3.456161E-02    5.693626E-01    4.534294E-01    6.330584E-01 
   449   -3.279025E-02    5.623115E-01    4.455586E-01    6.462150E-01 
   450   -3.099646E-02    5.557728E-01    4.382959E-01    6.586295E-01 
   451   -2.918180E-02    5.499067E-01    4.318091E-01    6.701673E-01 
   452   -2.734856E-02    5.448627E-01    4.262517E-01    6.805946E-01 
   453   -2.549962E-02    5.407703E-01    4.217541E-01    6.894617E-01 
   454   -2.363795E-02    5.377366E-01    4.184234E-01    6.961638E-01 
   455   -2.176715E-02    5.358227E-01    4.163182E-01    7.001492E-01 
   456   -1.989196E-02    5.349946E-01    4.153959E-01    7.005805E-01 
   457   -1.801721E-02    5.351057E-01    4.154940E-01    6.981743E-01 
   458   -1.614503E-02    5.359333E-01    4.163689E-01    6.951858E-01 
   459   -1.427711E-02    5.372174E-01    4.177396E-01    6.921247E-01 
   460   -1.241580E-02    5.386910E-01    4.193183E-01    6.893664E-01 
   461   -1.056128E-02    5.401404E-01    4.208731E-01    6.869239E-01 
   462   -8.710887E-03    5.414622E-01    4.222892E-01    6.846105E-01 
   463   -6.863421E-03    5.426318E-01    4.235372E-01    6.824097E-01 
   464   -5.021063E-03    5.436339E-01    4.245998E-01    6.805267E-01 
   465   -3.182852E-03    5.444572E-01    4.254650E-01    6.790351E-01 
   466   -1.345384E-03    5.451235E-01    4.261568E-01    6.778563E-01 
   467    4.909360E-04    5.456695E-01    4.267168E-01    6.769746E-01 
   468    2.323746E-03    5.461100E-01    4.271621E-01    6.763943E-01 
   469    4.154878E-03    5.464534E-01    4.274995E-01    6.760146E-01 
   470    5.987544E-03    5.467230E-01    4.277487E-01    6.757175E-01 
   471    7.818725E-03    5.469368E-01    4.279286E-01    6.754784E-01 
   472    9.646944E-03    5.471059E-01    4.280578E-01    6.752407E-01 
   473    1.147658E-02    5.472550E-01    4.281711E-01    6.749633E-01 
   474    1.330797E-02    5.474052E-01    4.282901E-01    6.747469E-01 
   475    1.513559E-02    5.475451E-01    4.283875E-01    6.746106E-01 
   476    1.696106E-02    5.476757E-01    4.284528E-01    6.744369E-01 
   477    1.879172E-02    5.478215E-01    4.285221E-01    6.742128E-01 
   478    2.062075E-02    5.479714E-01    4.286123E-01    6.741625E-01 
   479    2.244327E-02    5.480862E-01    4.286783E-01    6.741442E-01 
   480    2.426847E-02    5.481920E-01    4.287154E-01    6.739610E-01 
   481    2.610114E-02    5.483390E-01    4.287634E-01    6.737332E-01 
   482    2.792461E-02    5.484810E-01    4.287994E-01    6.738466E-01 
   483    2.974309E-02    5.485841E-01    4.287941E-01    6.738362E-01 
   484    3.157271E-02    5.487168E-01    4.288118E-01    6.734833E-01 
   485    3.340176E-02    5.489112E-01    4.288888E-01    6.734022E-01 
   486    3.522135E-02    5.490890E-01    4.289568E-01    6.738163E-01 
   487    3.703573E-02    5.492853E-01    4.290167E-01    6.734681E-01 
   488    3.886768E-02    5.496583E-01    4.291436E-01    6.730313E-01 
   489    4.070144E-02    5.501123E-01    4.291475E-01    6.734272E-01 
   490    4.249660E-02    5.505240E-01    4.288422E-01    6.736943E-01 
   491    4.430909E-02    5.508654E-01    4.282210E-01    6.725709E-01 
   492    4.616285E-02    5.507495E-01    4.271350E-01    6.730766E-01 
   493    4.797139E-02    5.493868E-01    4.251079E-01    6.740753E-01 
   494    4.970654E-02    5.460296E-01    4.224784E-01    6.721175E-01 
   495    5.163003E-02    5.398577E-01    4.217910E-01    6.733296E-01 
   496    5.352759E-02    5.310308E-01    4.245916E-01    6.725590E-01 
   497    5.520356E-02    5.216476E-01    4.301142E-01    6.732636E-01 
   498    5.741540E-02    5.092505E-01    4.350583E-01    6.730798E-01 
   499    5.977952E-02    4.954868E-01    4.486020E-01    6.761237E-01 
   500    5.873962E-02    5.013411E-01    3.489396E-01    6.621870E-01 
   501    6.063942E-02    4.901633E-01    3.708535E-01    6.683808E-01 
   502    6.169063E-02    4.836528E-01    3.944439E-01    6.720962E-01 
   503    6.230704E-02    4.797834E-01    4.162718E-01    6.729742E-01 
   504    6.259235E-02    4.780870E-01    4.334187E-01    6.711260E-01 
   505    6.317156E-02    4.748753E-01    4.418799E-01    6.698568E-01 
   506    6.400025E-02    4.705873E-01    4.436728E-01    6.732399E-01 
   507    6.444257E-02    4.684537E-01    4.436469E-01    6.749164E-01 
   508    6.464950E-02    4.675015E-01    4.426672E-01    6.748798E-01 
   509    6.494187E-02    4.662449E-01    4.408442E-01    6.726333E-01 
   510    6.561013E-02    4.637482E-01    4.379575E-01    6.722183E-01 
   511    6.629524E-02    4.616539E-01    4.355556E-01    6.722536E-01 
   512    6.696198E-02    4.600345E-01    4.336324E-01    6.718727E-01 
   513    6.763475E-02    4.588099E-01    4.321234E-01    6.716337E-01 
   514    6.817980E-02    4.580669E-01    4.310471E-01    6.721400E-01 
   515    6.868509E-02    4.575292E-01    4.301539E-01    6.735306E-01 
   516    6.916364E-02    4.571140E-01    4.293973E-01    6.737845E-01 
   517    6.964960E-02    4.568196E-01    4.288447E-01    6.722181E-01 
   518    7.014752E-02    4.566425E-01    4.284455E-01    6.716898E-01 
   519    7.067775E-02    4.565305E-01    4.281335E-01    6.719267E-01 
   520    7.124616E-02    4.564716E-01    4.278921E-01    6.722162E-01 
   521    7.184687E-02    4.564682E-01    4.277390E-01    6.723424E-01 
   522    7.246848E-02    4.564957E-01    4.276321E-01    6.728510E-01 
   523    7.304402E-02    4.565269E-01    4.275401E-01    6.729171E-01 
   524    7.356700E-02    4.565735E-01    4.274690E-01    6.724624E-01 
   525    7.408367E-02    4.566475E-01    4.274403E-01    6.718532E-01 
   526    7.463137E-02    4.567442E-01    4.274384E-01    6.717896E-01 
   527    7.516959E-02    4.568367E-01    4.274323E-01    6.720009E-01 
   528    7.569259E-02    4.569260E-01    4.274196E-01    6.720167E-01 
   529    7.622260E-02    4.570134E-01    4.274101E-01    6.721785E-01 
   530    7.677088E-02    4.570955E-01    4.274020E-01    6.725107E-01 
   531    7.733272E-02    4.571683E-01    4.273934E-01    6.727701E-01 
   532    7.789750E-02    4.572328E-01    4.273860E-01    6.727542E-01 
   533    7.846024E-02    4.572962E-01    4.273855E-01    6.725445E-01 
   534    7.901806E-02    4.573641E-01    4.273956E-01    6.723632E-01 
   535    7.957013E-02    4.574312E-01    4.274059E-01    6.723619E-01 
   536    8.011362E-02    4.574905E-01    4.274059E-01    6.724051E-01 
   537    8.064790E-02    4.575427E-01    4.273972E-01    6.723771E-01 
   538    8.117835E-02    4.575910E-01    4.273832E-01    6.723164E-01 
   539    8.171132E-02    4.576366E-01    4.273701E-01    6.722658E-01 
   540    8.225151E-02    4.576793E-01    4.273549E-01    6.722210E-01 
   541    8.280170E-02    4.577197E-01    4.273450E-01    6.721809E-01 
   542    8.336085E-02    4.577570E-01    4.273328E-01    6.721656E-01 
   543    8.392223E-02    4.577901E-01    4.273242E-01    6.721523E-01 
   544    8.447819E-02    4.578194E-01    4.273089E-01    6.720991E-01 
   545    8.502757E-02    4.578472E-01    4.272992E-01    6.720151E-01 
   546    8.557125E-02    4.578750E-01    4.272843E-01    6.719124E-01 
   547    8.611104E-02    4.579044E-01    4.272784E-01    6.717882E-01 
   548    8.664877E-02    4.579363E-01    4.272701E-01    6.716556E-01 
   549    8.718792E-02    4.579710E-01    4.272724E-01    6.715528E-01 
   550    8.773052E-02    4.580070E-01    4.272728E-01    6.715399E-01 
   551    8.827789E-02    4.580422E-01    4.272790E-01    6.716522E-01 
   552    8.882882E-02    4.580750E-01    4.272812E-01    6.718524E-01 
   553    8.938124E-02    4.581054E-01    4.272856E-01    6.719954E-01 
   554    8.993231E-02    4.581347E-01    4.272894E-01    6.720316E-01 
   555    9.048139E-02    4.581637E-01    4.272946E-01    6.720162E-01 
   556    9.102788E-02    4.581929E-01    4.273026E-01    6.719815E-01 
   557    9.157222E-02    4.582221E-01    4.273082E-01    6.719444E-01 
   558    9.211501E-02    4.582504E-01    4.273175E-01    6.719174E-01 
   559    9.265734E-02    4.582765E-01    4.273189E-01    6.719051E-01 
   560    9.320063E-02    4.582988E-01    4.273226E-01    6.719066E-01 
   561    9.374511E-02    4.583156E-01    4.273133E-01    6.719180E-01 
   562    9.429184E-02    4.583255E-01    4.273036E-01    6.719294E-01 
   563    9.483954E-02    4.583279E-01    4.272785E-01    6.719303E-01 
   564    9.538813E-02    4.583229E-01    4.272520E-01    6.719117E-01 
   565    9.593617E-02    4.583114E-01    4.272120E-01    6.718683E-01 
   566    9.648353E-02    4.582946E-01    4.271710E-01    6.717969E-01 
   567    9.702927E-02    4.582738E-01    4.271214E-01    6.716991E-01 
   568    9.757425E-02    4.582507E-01    4.270723E-01    6.715766E-01 
   569    9.811858E-02    4.582271E-01    4.270213E-01    6.714345E-01 
   570    9.866296E-02    4.582044E-01    4.269723E-01    6.712804E-01 
   571    9.920810E-02    4.581842E-01    4.269287E-01    6.711207E-01 
   572    9.975393E-02    4.581678E-01    4.268879E-01    6.709610E-01 
   573    1.003009E-01    4.581565E-01    4.268590E-01    6.708108E-01 
   574    1.008483E-01    4.581517E-01    4.268337E-01    6.706890E-01 
   575    1.013961E-01    4.581543E-01    4.268255E-01    6.706056E-01 
   576    1.019432E-01    4.581651E-01    4.268214E-01    6.705637E-01 
   577    1.024903E-01    4.581841E-01    4.268358E-01    6.705631E-01 
   578    1.030364E-01    4.582104E-01    4.268531E-01    6.706069E-01 
   579    1.035824E-01    4.582423E-01    4.268845E-01    6.706977E-01 
   580    1.041279E-01    4.582768E-01    4.269139E-01    6.708308E-01 
   581    1.046734E-01    4.583102E-01    4.269472E-01    6.710006E-01 
   582    1.052189E-01    4.583379E-01    4.269698E-01    6.711883E-01 
   583    1.057647E-01    4.583547E-01    4.269811E-01    6.713750E-01 
   584    1.063105E-01    4.583552E-01    4.269709E-01    6.715403E-01 
   585    1.068564E-01    4.583340E-01    4.269321E-01    6.716691E-01 
   586    1.074024E-01    4.582858E-01    4.268610E-01    6.717479E-01 
   587    1.079480E-01    4.582062E-01    4.267455E-01    6.717653E-01 
   588    1.084938E-01    4.580917E-01    4.265898E-01    6.717119E-01 
   589    1.090392E-01    4.579400E-01    4.263799E-01    6.715785E-01 
   590    1.095848E-01    4.577506E-01    4.261276E-01    6.713483E-01 
   591    1.101304E-01    4.575247E-01    4.258211E-01    6.709880E-01 
   592    1.106764E-01    4.572660E-01    4.254791E-01    6.704767E-01 
   593    1.112227E-01    4.569808E-01    4.250964E-01    6.698071E-01 
   594    1.117698E-01    4.566778E-01    4.246968E-01    6.689696E-01 
   595    1.123174E-01    4.563688E-01    4.242850E-01    6.679742E-01 
   596    1.128658E-01    4.560676E-01    4.238876E-01    6.668314E-01 
   597    1.134151E-01    4.557895E-01    4.235184E-01    6.655631E-01 
   598    1.139648E-01    4.555507E-01    4.232017E-01    6.641835E-01 
   599    1.145156E-01    4.553664E-01    4.229568E-01    6.627601E-01 
   600    1.150669E-01    4.552500E-01    4.227985E-01    6.614154E-01 
   601    1.156190E-01    4.552113E-01    4.227450E-01    6.603902E-01 
   602    1.161713E-01    4.552550E-01    4.227941E-01    6.598898E-01 
   603    1.167239E-01    4.553792E-01    4.229540E-01    6.600815E-01 
   604    1.172759E-01    4.555743E-01    4.231999E-01    6.609724E-01 
   605    1.178275E-01    4.558224E-01    4.235220E-01    6.624603E-01 
   606    1.183779E-01    4.560971E-01    4.238717E-01    6.643118E-01 
   607    1.189272E-01    4.563638E-01    4.242178E-01    6.663667E-01 
   608    1.194750E-01    4.565806E-01    4.244931E-01    6.684240E-01 
   609    1.200215E-01    4.566994E-01    4.246452E-01    6.703394E-01 
   610    1.205669E-01    4.566665E-01    4.245952E-01    6.720207E-01 
   611    1.211112E-01    4.564245E-01    4.242737E-01    6.733349E-01 
   612    1.216549E-01    4.559133E-01    4.235975E-01    6.742688E-01 
   613    1.221982E-01    4.550710E-01    4.224854E-01    6.747230E-01 
   614    1.227415E-01    4.538363E-01    4.208590E-01    6.745686E-01 
   615    1.232852E-01    4.521505E-01    4.186355E-01    6.736730E-01 
   616    1.238301E-01    4.499567E-01    4.157483E-01    6.720040E-01 
   617    1.243766E-01    4.472026E-01    4.121191E-01    6.691809E-01 
   618    1.249259E-01    4.438399E-01    4.077011E-01    6.648166E-01 
   619    1.254788E-01    4.398294E-01    4.024325E-01    6.587878E-01 
   620    1.260368E-01    4.351322E-01    3.962836E-01    6.507584E-01 
   621    1.266011E-01    4.297246E-01    3.892228E-01    6.404168E-01 
   622    1.271735E-01    4.235873E-01    3.812476E-01    6.276218E-01 
   623    1.277557E-01    4.167132E-01    3.723572E-01    6.118599E-01 
   624    1.283496E-01    4.091050E-01    3.625848E-01    5.930694E-01 
   625    1.289573E-01    4.007842E-01    3.519752E-01    5.715284E-01 
   626    1.295809E-01    3.917882E-01    3.406091E-01    5.467169E-01 
   627    1.302225E-01    3.821844E-01    3.286009E-01    5.181505E-01 
   628    1.308842E-01    3.720565E-01    3.160799E-01    4.860573E-01 
   629    1.315684E-01    3.615111E-01    3.032129E-01    4.511737E-01 
   630    1.322769E-01    3.506947E-01    2.901985E-01    4.137291E-01 
   631    1.330111E-01    3.397768E-01    2.772649E-01    3.736182E-01 
   632    1.337723E-01    3.289515E-01    2.646415E-01    3.316496E-01 
   633    1.345615E-01    3.184100E-01    2.525573E-01    2.892547E-01 
   634    1.353785E-01    3.083602E-01    2.412291E-01    2.474045E-01 
   635    1.362229E-01    2.989840E-01    2.308400E-01    2.071273E-01 
   636    1.370931E-01    2.904376E-01    2.215232E-01    1.695315E-01 
   637    1.379873E-01    2.828292E-01    2.133590E-01    1.359055E-01 
   638    1.389028E-01    2.762211E-01    2.063666E-01    1.067787E-01 
   639    1.398367E-01    2.706161E-01    2.005093E-01    8.240790E-02 
   640    1.407860E-01    2.659702E-01    1.957044E-01    6.250547E-02 
   641    1.417478E-01    2.622014E-01    1.918395E-01    4.672730E-02 
   642    1.427195E-01    2.592049E-01    1.887871E-01    3.454372E-02 
   643    1.436988E-01    2.568662E-01    1.864161E-01    2.525209E-02 
   644    1.446840E-01    2.550698E-01    1.846010E-01    1.827870E-02 
   645    1.456736E-01    2.537095E-01    1.832299E-01    1.312343E-02 
   646    1.466663E-01    2.526926E-01    1.822065E-01    9.358220E-03 
   647    1.476615E-01    2.519408E-01    1.814505E-01    6.635242E-03 
   648    1.486583E-01    2.513902E-01    1.808970E-01    4.681853E-03 
   649    1.496564E-01    2.509903E-01    1.804952E-01    3.289819E-03 
   650    1.506553E-01    2.507019E-01    1.802054E-01    2.303264E-03 
   651    1.516549E-01    2.504953E-01    1.799978E-01    1.607421E-03 
   652    1.526549E-01    2.503482E-01    1.798499E-01    1.118642E-03 
   653    1.536552E-01    2.502439E-01    1.797451E-01    7.765137E-04 
   654    1.546557E-01    2.501703E-01    1.796711E-01    5.377663E-04 
   655    1.556564E-01    2.501186E-01    1.796192E-01    3.716135E-04 
   656    1.566572E-01    2.500823E-01    1.795827E-01    2.562661E-04 
   657    1.576580E-01    2.500570E-01    1.795573E-01    1.763704E-04 
   658    1.586589E-01    2.500394E-01    1.795396E-01    1.211476E-04 
   659    1.596598E-01    2.500272E-01    1.795273E-01    8.305531E-05 
   660    1.606608E-01    2.500187E-01    1.795188E-01    5.683046E-05 
   661    1.616617E-01    2.500128E-01    1.795129E-01    3.881022E-05 
   662    1.626627E-01    2.500088E-01    1.795088E-01    2.645114E-05 
   663    1.636637E-01    2.500060E-01    1.795060E-01    1.799085E-05 
   664    1.646647E-01    2.500041E-01    1.795041E-01    1.221060E-05 
   665    1.656657E-01    2.500028E-01    1.795028E-01    8.269206E-06 
   666    1.666667E-01    2.500019E-01    1.795019E-01    5.587140E-06 
   667    1.676677E-01    2.500013E-01    1.795013E-01    3.765879E-06 
   668    1.686687E-01    2.500009E-01    1.795009E-01    2.531864E-06 
   669    1.696697E-01    2.500006E-01    1.795006E-01    1.697666E-06 
   670    1.706707E-01    2.500004E-01    1.795004E-01    1.135105E-06 
   671    1.716717E-01    2.500003E-01    1.795003E-01    7.566924E-07 
   672    1.726727E-01    2.500002E-01    1.795002E-01    5.028320E-07 
   673    1.736737E-01    2.500001E-01    1.795001E-01    3.330111E-07 
   674    1.746747E-01    2.500001E-01    1.795001E-01    2.197505E-07 
   675    1.756757E-01    2.500001E-01    1.795001E-01    1.444538E-07 
   676    1.766767E-01    2.500000E-01    1.795000E-01    9.456628E-08 
   677    1.776777E-01    2.500000E-01    1.795000E-01    6.163369E-08 
   678    1.786787E-01    2.500000E-01    1.795000E-01    3.997823E-08 
   679    1.796797E-01    2.500000E-01    1.795000E-01    2.579773E-08 
   680    1.806807E-01    2.500000E-01    1.795000E-01    1.655372E-08 
   681    1.816817E-01    2.500000E-01    1.795000E-01    1.055700E-08 
   682    1.826827E-01    2.500000E-01    1.795000E-01    6.687310E-09 
   683    1.836837E-01    2.500000E-01    1.795000E-01    4.204526E-09 
   684    1.846847E-01    2.500000E-01    1.795000E-01    2.621598E-09 
   685    1.856857E-01    2.500000E-01    1.795000E-01    1.619357E-09 
   686    1.866867E-01    2.500000E-01    1.795000E-01    9.896680E-10 
   687    1.876877E-01    2.500000E-01    1.795000E-01    5.974573E-10 
   688    1.886887E-01    2.500000E-01    1.795000E-01    3.555290E-10 
   689    1.896897E-01    2.500000E-01    1.795000E-01    2.079697E-10 
   690    1.906907E-01    2.500000E-01    1.795000E-01    1.191162E-10 
   691    1.916917E-01    2.500000E-01    1.795000E-01    6.642717E-11 
   692    1.926927E-01    2.500000E-01    1.795000E-01    3.577966E-11 
   693    1.936937E-01    2.500000E-01    1.795000E-01    1.836559E-11 
   694    1.946947E-01    2.500000E-01    1.795000E-01    8.761426E-12 
   695    1.956957E-01    2.500000E-01    1.795000E-01    3.632944E-12 
   696    1.966967E-01    2.500000E-01    1.795000E-01    1.020433E-12 
   697    1.976977E-01    2.500000E-01    1.795000E-01   -1.332598E-13 
   698    1.986987E-01    2.500000E-01    1.795000E-01   -5.134795E-13 
   699    1.996997E-01    2.500000E-01    1.795000E-01   -5.338873E-13 
   700    2.007007E-01    2.500000E-01    1.795000E-01   -4.219845E-13 
   701    2.017017E-01    2.500000E-01    1.795000E-01   -2.914484E-13 
   702    2.027027E-01    2.500000E-01    1.795000E-01   -1.820633E-13 
   703    2.037037E-01    2.500000E-01    1.795000E-01   -1.036551E-13 
   704    2.047047E-01    2.500000E-01    1.795000E-01   -5.338818E-14 
   705    2.057057E-01    2.500000E-01    1.795000E-01   -2.476790E-14 
   706    2.067067E-01    2.500000E-01    1.795000E-01   -9.238953E-15 
   707    2.077077E-01    2.500000E-01    1.795000E-01   -1.384599E-15 
   708    2.087087E-01    2.500000E-01    1.795000E-01    1.594974E-15 
   709    2.097097E-01    2.500000E-01    1.795000E-01    2.669227E-15 
   710    2.107107E-01    2.500000E-01    1.795000E-01    2.819211E-15 
   711    2.117117E-01    2.500000E-01    1.795000E-01    2.159675E-15 
   712    2.127127E-01    2.500000E-01    1.795000E-01    1.929860E-15 
   713    2.137137E-01    2.500000E-01    1.795000E-01    1.381939E-15 
   714    2.147147E-01    2.500000E-01    1.795000E-01    9.638742E-16 
   715    2.157157E-01    2.500000E-01    1.795000E-01    7.604924E-16 
   716    2.167167E-01    2.500000E-01    1.795000E-01    4.871753E-16 
   717    2.177177E-01    2.500000E-01    1.795000E-01    1.975290E-16 
   718    2.187187E-01    2.500000E-01    1.795000E-01    5.522810E-17 
   719    2.197197E-01    2.500000E-01    1.795000E-01   -2.446487E-16 
   720    2.207207E-01    2.500000E-01    1.795000E-01   -2.697533E-16 
   721    2.217217E-01    2.500000E-01    1.795000E-01   -3.222852E-16 
   722    2.227227E-01    2.500000E-01    1.795000E-01    3.316612E-16 
   723    2.237237E-01    2.500000E-01    1.795000E-01    2.784415E-16 
   724    2.247247E-01    2.500000E-01    1.795000E-01    7.905855E-17 
   725    2.257257E-01    2.500000E-01    1.795000E-01   -3.191603E-16 
   726    2.267267E-01    2.500000E-01    1.795000E-01   -1.034751E-15 
   727    2.277277E-01    2.500000E-01    1.795000E-01   -1.162280E-15 
   728    2.287287E-01    2.500000E-01    1.795000E-01   -1.566036E-15 
   729    2.297297E-01    2.500000E-01    1.795000E-01   -1.446197E-15 
   730    2.307307E-01    2.500000E-01    1.795000E-01    7.196878E-16 
   731    2.317317E-01    2.500000E-01    1.795000E-01    2.288526E-15 
   732    2.327327E-01    2.500000E-01    1.795000E-01    8.466394E-16 
   733    2.337337E-01    2.500000E-01    1.795000E-01    2.752457E-16 
   734    2.347347E-01    2.500000E-01    1.795000E-01   -2.255012E-16 
   735    2.357357E-01    2.500000E-01    1.795000E-01   -1.076231E-15 
   736    2.367367E-01    2.500000E-01    1.795000E-01   -2.500375E-15 
   737    2.377377E-01    2.500000E-01    1.795000E-01   -7.699482E-16 
   738    2.387387E-01    2.500000E-01    1.795000E-01    4.182781E-16 
   739    2.397397E-01    2.500000E-01    1.795000E-01    6.061043E-16 
   740    2.407407E-01    2.500000E-01    1.795000E-01    8.263165E-17 
   741    2.417417E-01    2.500000E-01    1.795000E-01    2.813786E-16 
   742    2.427427E-01    2.500000E-01    1.795000E-01   -6.882518E-16 
   743    2.437437E-01    2.500000E-01    1.795000E-01   -8.472508E-16 
   744    2.447447E-01    2.500000E-01    1.795000E-01   -1.114962E-15 
   745    2.457457E-01    2.500000E-01    1.795000E-01   -1.092650E-15 
   746    2.467467E-01    2.500000E-01    1.795000E-01   -2.272059E-16 
   747    2.477477E-01    2.500000E-01    1.795000E-01    1.007952E-16 
   748    2.487487E-01    2.500000E-01    1.795000E-01   -1.328233E-16 
   749    2.497497E-01    2.500000E-01    1.795000E-01   -1.528839E-16 
   750    2.507508E-01    2.500000E-01    1.795000E-01   -2.705823E-16 
   751    2.517518E-01    2.500000E-01    1.795000E-01   -3.284838E-16 
   752    2.527528E-01    2.500000E-01    1.795000E-01   -4.312667E-16 
   753    2.537538E-01    2.500000E-01    1.795000E-01   -5.799790E-16 
   754    2.547548E-01    2.500000E-01    1.795000E-01   -6.090022E-16 
   755    2.557558E-01    2.500000E-01    1.795000E-01   -6.709699E-16 
   756    2.567568E-01    2.500000E-01    1.795000E-01   -5.922853E-16 
   757    2.577578E-01    2.500000E-01    1.795000E-01   -7.916858E-16 
   758    2.587588E-01    2.500000E-01    1.795000E-01   -6.023395E-17 
   759    2.597598E-01    2.500000E-01    1.795000E-01   -5.730030E-16 
   760    2.607608E-01    2.500000E-01    1.795000E-01   -6.890325E-16 
   761    2.617618E-01    2.500000E-01    1.795000E-01   -1.273761E-16 
   762    2.627628E-01    2.500000E-01    1.795000E-01   -6.836034E-16 
   763    2.637638E-01    2.500000E-01    1.795000E-01   -3.994844E-17 
   764    2.647648E-01    2.500000E-01    1.795000E-01   -5.684851E-16 
   765    2.657658E-01    2.500000E-01    1.795000E-01   -6.890073E-16 
   766    2.667668E-01    2.500000E-01    1.795000E-01   -1.078084E-16 
   767    2.677678E-01    2.500000E-01    1.795000E-01   -5.754795E-16 
   768    2.687688E-01    2.500000E-01    1.795000E-01    1.988105E-17 
   769    2.697698E-01    2.500000E-01    1.795000E-01   -5.172432E-16 
   770    2.707708E-01    2.500000E-01    1.795000E-01   -6.569094E-16 
   771    2.717718E-01    2.500000E-01    1.795000E-01    2.367230E-17 
   772    2.727728E-01    2.500000E-01    1.795000E-01   -5.101650E-16 
   773    2.737738E-01    2.500000E-01    1.795000E-01    4.692227E-16 
   774    2.747748E-01    2.500000E-01    1.795000E-01   -6.396071E-17 
   775    2.757758E-01    2.500000E-01    1.795000E-01   -1.304215E-16 
   776    2.767768E-01    2.500000E-01    1.795000E-01    7.435663E-16 
   777    2.777778E-01    2.500000E-01    1.795000E-01    2.212780E-16 
   778    2.787788E-01    2.500000E-01    1.795000E-01    1.968932E-16 
   779    2.797798E-01    2.500000E-01    1.795000E-01    6.758702E-16 
   780    2.807808E-01    2.500000E-01    1.795000E-01    1.404999E-16 
   781    2.817818E-01    2.500000E-01    1.795000E-01    1.079843E-15 
   782    2.827828E-01    2.500000E-01    1.795000E-01    5.941461E-16 
   783    2.837838E-01    2.500000E-01    1.795000E-01    4.549635E-16 
   784    2.847848E-01    2.500000E-01    1.795000E-01    5.580535E-16 
   785    2.857858E-01    2.500000E-01    1.795000E-01    3.062757E-16 
   786    2.867868E-01    2.500000E-01    1.795000E-01    5.646947E-17 
   787    2.877878E-01    2.500000E-01    1.795000E-01   -2.501521E-17 
   788    2.887888E-01    2.500000E-01    1.795000E-01   -2.801246E-16 
   789    2.897898E-01    2.500000E-01    1.795000E-01   -4.351679E-16 
   790    2.907908E-01    2.500000E-01    1.795000E-01   -8.592134E-16 
   791    2.917918E-01    2.500000E-01    1.795000E-01   -1.644019E-15 
   792    2.927928E-01    2.500000E-01    1.795000E-01   -4.248842E-15 
   793    2.937938E-01    2.500000E-01    1.795000E-01   -8.688881E-15 
   794    2.947948E-01    2.500000E-01    1.795000E-01   -1.553896E-14 
   795    2.957958E-01    2.500000E-01    1.795000E-01   -2.670477E-14 
   796    2.967968E-01    2.500000E-01    1.795000E-01   -4.181403E-14 
   797    2.977978E-01    2.500000E-01    1.795000E-01   -6.451615E-14 
   798    2.987988E-01    2.500000E-01    1.795000E-01   -9.697413E-14 
   799    2.997998E-01    2.500000E-01    1.795000E-01   -1.465085E-13 
   800    3.008008E-01    2.500000E-01    1.795000E-01   -2.191104E-13 
   801    3.018018E-01    2.500000E-01    1.795000E-01   -3.311826E-13 
   802    3.028028E-01    2.500000E-01    1.795000E-01   -4.953723E-13 
   803    3.038038E-01    2.500000E-01    1.795000E-01   -7.394497E-13 
   804    3.048048E-01    2.500000E-01    1.795000E-01   -1.094307E-12 
   805    3.058058E-01    2.500000E-01    1.795000E-01   -1.613788E-12 
   806    3.068068E-01    2.500000E-01    1.795000E-01   -2.362167E-12 
   807    3.078078E-01    2.500000E-01    1.795000E-01   -3.442903E-12 
   808    3.088088E-01    2.500000E-01    1.795000E-01   -4.992298E-12 
   809    3.098098E-01    2.500000E-01    1.795000E-01   -7.209474E-12 
   810    3.108108E-01    2.500000E-01    1.795000E-01   -1.036281E-11 
   811    3.118118E-01    2.500000E-01    1.795000E-01   -1.483300E-11 
   812    3.128128E-01    2.500000E-01    1.795000E-01   -2.114102E-11 
   813    3.138138E-01    2.500000E-01    1.795000E-01   -3.000828E-11 
   814    3.148148E-01    2.500000E-01    1.795000E-01   -4.242005E-11 
   815    3.158158E-01    2.500000E-01    1.795000E-01   -5.972739E-11 
   816    3.168168E-01    2.500000E-01    1.795000E-01   -8.376990E-11 
   817    3.178178E-01    2.500000E-01    1.795000E-01   -1.170410E-10 
   818    3.188188E-01    2.500000E-01    1.795000E-01   -1.629129E-10 
   819    3.198198E-01    2.500000E-01    1.795000E-01   -2.259286E-10 
   820    3.208208E-01    2.500000E-01    1.795000E-01   -3.121859E-10 
   821    3.218218E-01    2.500000E-01    1.795000E-01   -4.298321E-10 
   822    3.228228E-01    2.500000E-01    1.795000E-01   -5.897316E-10 
   823    3.238238E-01    2.500000E-01    1.795000E-01   -8.063039E-10 
   824    3.248248E-01    2.500000E-01    1.795000E-01   -1.098624E-09 
   825    3.258258E-01    2.500000E-01    1.795000E-01   -1.491837E-09 
   826    3.268268E-01    2.500000E-01    1.795000E-01   -2.018983E-09 
   827    3.278278E-01    2.500000E-01    1.795000E-01   -2.723299E-09 
   828    3.288288E-01    2.500000E-01    1.795000E-01   -3.661193E-09 
   829    3.298298E-01    2.500000E-01    1.795000E-01   -4.905991E-09 
   830    3.308308E-01    2.500000E-01    1.795000E-01   -6.552680E-09 
   831    3.318318E-01    2.500000E-01    1.795000E-01   -8.723863E-09 
   832    3.328328E-01    2.500000E-01    1.795000E-01   -1.157726E-08 
   833    3.338338E-01    2.500000E-01    1.795000E-01   -1.531506E-08 
   834    3.348348E-01    2.500000E-01    1.795000E-01   -2.019552E-08 
   835    3.358358E-01    2.500000E-01    1.795000E-01   -2.654737E-08 
   836    3.368368E-01    2.500000E-01    1.795000E-01   -3.478759E-08 
   837    3.378378E-01    2.500000E-01    1.795000E-01   -4.544325E-08 
   838    3.388388E-01    2.500000E-01    1.795000E-01   -5.917813E-08 
   839    3.398398E-01    2.500000E-01    1.795000E-01   -7.682534E-08 
   840    3.408408E-01    2.500000E-01    1.795000E-01   -9.942664E-08 
   841    3.418418E-01    2.500000E-01    1.795000E-01   -1.282801E-07 
   842    3.428428E-01    2.500000E-01    1.795000E-01   -1.649973E-07 
   843    3.438438E-01    2.500001E-01    1.795001E-01   -2.115717E-07 
   844    3.448448E-01    2.500001E-01    1.795001E-01   -2.704600E-07 
   845    3.458458E-01    2.500001E-01    1.795001E-01   -3.446788E-07 
   846    3.468468E-01    2.500001E-01    1.795001E-01   -4.379180E-07 
   847    3.478478E-01    2.500001E-01    1.795001E-01   -5.546743E-07 
   848    3.488488E-01    2.500002E-01    1.795002E-01   -7.004064E-07 
   849    3.498498E-01    2.500002E-01    1.795002E-01   -8.817155E-07 
   850    3.508508E-01    2.500003E-01    1.795003E-01   -1.106552E-06 
   851    3.518518E-01    2.500003E-01    1.795003E-01   -1.384457E-06 
   852    3.528528E-01    2.500004E-01    1.795004E-01   -1.726826E-06 
   853    3.538538E-01    2.500005E-01    1.795005E-01   -2.147225E-06 
   854    3.548548E-01    2.500007E-01    1.795007E-01   -2.661726E-06 
   855    3.558558E-01    2.500008E-01    1.795008E-01   -3.289298E-06 
   856    3.568568E-01    2.500010E-01    1.795010E-01   -4.052225E-06 
   857    3.578578E-01    2.500012E-01    1.795012E-01   -4.976575E-06 
   858    3.588588E-01    2.500015E-01    1.795015E-01   -6.092702E-06 
   859    3.598598E-01    2.500018E-01    1.795018E-01   -7.435790E-06 
   860    3.608608E-01    2.500022E-01    1.795022E-01   -9.046425E-06 
   861    3.618618E-01    2.500026E-01    1.795027E-01   -1.097120E-05 
   862    3.628628E-01    2.500032E-01    1.795032E-01   -1.326334E-05 
   863    3.638638E-01    2.500038E-01    1.795039E-01   -1.598331E-05 
   864    3.648648E-01    2.500046E-01    1.795046E-01   -1.919948E-05 
   865    3.658658E-01    2.500055E-01    1.795055E-01   -2.298866E-05 
   866    3.668667E-01    2.500065E-01    1.795066E-01   -2.743671E-05 
   867    3.678677E-01    2.500078E-01    1.795078E-01   -3.263898E-05 
   868    3.688687E-01    2.500092E-01    1.795093E-01   -3.870074E-05 
   869    3.698697E-01    2.500109E-01    1.795109E-01   -4.573736E-05 
   870    3.708706E-01    2.500128E-01    1.795128E-01   -5.387448E-05 
   871    3.718716E-01    2.500150E-01    1.795151E-01   -6.324782E-05 
   872    3.728725E-01    2.500175E-01    1.795176E-01   -7.400284E-05 
   873    3.738734E-01    2.500204E-01    1.795205E-01   -8.629410E-05 
   874    3.748744E-01    2.500237E-01    1.795238E-01   -1.002842E-04 
   875    3.758753E-01    2.500274E-01    1.795275E-01   -1.161426E-04 
   876    3.768762E-01    2.500316E-01    1.795317E-01   -1.340436E-04 
   877    3.778770E-01    2.500363E-01    1.795365E-01   -1.541643E-04 
   878    3.788779E-01    2.500415E-01    1.795418E-01   -1.766816E-04 
   879    3.798787E-01    2.500474E-01    1.795477E-01   -2.017696E-04 
   880    3.808795E-01    2.500539E-01    1.795542E-01   -2.295953E-04 
   881    3.818803E-01    2.500611E-01    1.795614E-01   -2.603146E-04 
   882    3.828811E-01    2.500690E-01    1.795694E-01   -2.940678E-04 
   883    3.838818E-01    2.500776E-01    1.795780E-01   -3.309745E-04 
   884    3.848825E-01    2.500870E-01    1.795875E-01   -3.711282E-04 
   885    3.858831E-01    2.500972E-01    1.795977E-01   -4.145902E-04 
   886    3.868837E-01    2.501082E-01    1.796088E-01   -4.613848E-04 
   887    3.878843E-01    2.501200E-01    1.796206E-01   -5.114924E-04 
   888    3.888848E-01    2.501325E-01    1.796332E-01   -5.648448E-04 
   889    3.898852E-01    2.501458E-01    1.796466E-01   -6.213196E-04 
   890    3.908856E-01    2.501598E-01    1.796607E-01   -6.807356E-04 
   891    3.918860E-01    2.501745E-01    1.796755E-01   -7.428489E-04 
   892    3.928863E-01    2.501898E-01    1.796908E-01   -8.073502E-04 
   893    3.938865E-01    2.502057E-01    1.797068E-01   -8.738628E-04 
   894    3.948866E-01    2.502219E-01    1.797231E-01   -9.419431E-04 
   895    3.958867E-01    2.502385E-01    1.797398E-01   -1.011082E-03 
   896    3.968867E-01    2.502552E-01    1.797566E-01   -1.080709E-03 
   897    3.978867E-01    2.502720E-01    1.797735E-01   -1.150197E-03 
   898    3.988866E-01    2.502888E-01    1.797903E-01   -1.218870E-03 
   899    3.998864E-01    2.503052E-01    1.798069E-01   -1.286011E-03 
   900    4.008861E-01    2.503212E-01    1.798230E-01   -1.350867E-03 
   901    4.018858E-01    2.503366E-01    1.798385E-01   -1.412668E-03 
   902    4.028854E-01    2.503512E-01    1.798531E-01   -1.470638E-03 
   903    4.038850E-01    2.503648E-01    1.798669E-01   -1.524032E-03 
   904    4.048844E-01    2.503773E-01    1.798794E-01   -1.572151E-03 
   905    4.058839E-01    2.503884E-01    1.798906E-01   -1.614337E-03 
   906    4.068833E-01    2.503980E-01    1.799002E-01   -1.649922E-03 
   907    4.078827E-01    2.504058E-01    1.799081E-01   -1.678195E-03 
   908    4.088820E-01    2.504116E-01    1.799139E-01   -1.698504E-03 
   909    4.098813E-01    2.504151E-01    1.799174E-01   -1.710697E-03 
   910    4.108806E-01    2.504157E-01    1.799180E-01   -1.714517E-03 
   911    4.118799E-01    2.504130E-01    1.799153E-01   -1.708820E-03 
   912    4.128792E-01    2.504063E-01    1.799086E-01   -1.691434E-03 
   913    4.138785E-01    2.503952E-01    1.798974E-01   -1.658814E-03 
   914    4.148778E-01    2.503793E-01    1.798814E-01   -1.606712E-03 
   915    4.158773E-01    2.503584E-01    1.798603E-01   -1.530166E-03 
   916    4.168768E-01    2.503323E-01    1.798341E-01   -1.423785E-03 
   917    4.178764E-01    2.503010E-01    1.798026E-01   -1.283680E-03 
   918    4.188763E-01    2.502647E-01    1.797662E-01   -1.113091E-03 
   919    4.198762E-01    2.502240E-01    1.797252E-01   -9.237448E-04 
   920    4.208763E-01    2.501800E-01    1.796810E-01   -7.322195E-04 
   921    4.218766E-01    2.501346E-01    1.796353E-01   -5.492169E-04 
   922    4.228770E-01    2.500900E-01    1.795905E-01   -3.724538E-04 
   923    4.238779E-01    2.500486E-01    1.795489E-01   -1.902239E-04 
   924    4.248790E-01    2.500123E-01    1.795123E-01    4.815654E-06 
   925    4.258804E-01    2.499819E-01    1.794818E-01    1.993877E-04 
   926    4.268818E-01    2.499579E-01    1.794577E-01    3.577083E-04 
   927    4.278829E-01    2.499402E-01    1.794399E-01    4.314640E-04 
   928    4.288839E-01    2.499291E-01    1.794287E-01    4.082138E-04 
   929    4.298850E-01    2.499247E-01    1.794243E-01    3.387488E-04 
   930    4.308867E-01    2.499267E-01    1.794264E-01    2.678214E-04 
   931    4.318886E-01    2.499344E-01    1.794340E-01    2.117323E-04 
   932    4.328904E-01    2.499457E-01    1.794454E-01    1.633599E-04 
   933    4.338913E-01    2.499583E-01    1.794581E-01    1.143705E-04 
   934    4.348917E-01    2.499708E-01    1.794706E-01    6.550669E-05 
   935    4.358921E-01    2.499821E-01    1.794820E-01    1.760513E-05 
   936    4.368933E-01    2.499922E-01    1.794922E-01   -2.729090E-05 
   937    4.378952E-01    2.500011E-01    1.795011E-01   -6.329943E-05 
   938    4.388969E-01    2.500084E-01    1.795084E-01   -8.277863E-05 
   939    4.398977E-01    2.500135E-01    1.795135E-01   -8.577597E-05 
   940    4.408976E-01    2.500161E-01    1.795161E-01   -8.418415E-05 
   941    4.418976E-01    2.500168E-01    1.795169E-01   -8.917449E-05 
   942    4.428985E-01    2.500166E-01    1.795167E-01   -1.021799E-04 
   943    4.439006E-01    2.500161E-01    1.795162E-01   -1.167793E-04 
   944    4.449027E-01    2.500153E-01    1.795154E-01   -1.110986E-04 
   945    4.459037E-01    2.500133E-01    1.795134E-01   -5.491741E-05 
   946    4.469034E-01    2.500095E-01    1.795095E-01    1.375222E-05 
   947    4.479030E-01    2.500043E-01    1.795044E-01    3.179602E-05 
   948    4.489036E-01    2.499994E-01    1.794994E-01    7.170794E-06 
   949    4.499059E-01    2.499961E-01    1.794961E-01   -3.521679E-05 
   950    4.509087E-01    2.499948E-01    1.794947E-01   -6.256253E-05 
   951    4.519104E-01    2.499947E-01    1.794947E-01    5.361255E-06 
   952    4.529102E-01    2.499949E-01    1.794949E-01    7.751756E-05 
   953    4.539090E-01    2.499952E-01    1.794951E-01    6.225114E-05 
   954    4.549090E-01    2.499964E-01    1.794964E-01    1.420469E-05 
   955    4.559115E-01    2.499990E-01    1.794990E-01   -3.711452E-05 
   956    4.569151E-01    2.500024E-01    1.795024E-01   -7.735269E-05 
   957    4.579176E-01    2.500052E-01    1.795052E-01   -5.304150E-05 
   958    4.589170E-01    2.500059E-01    1.795060E-01    7.573612E-07 
   959    4.599146E-01    2.500047E-01    1.795048E-01   -5.991172E-06 
   960    4.609139E-01    2.500034E-01    1.795034E-01   -4.942771E-05 
   961    4.619161E-01    2.500040E-01    1.795040E-01   -1.266280E-04 
   962    4.629207E-01    2.500061E-01    1.795061E-01   -1.557284E-04 
   963    4.639253E-01    2.500066E-01    1.795066E-01   -3.990705E-05 
   964    4.649252E-01    2.500032E-01    1.795032E-01    1.196269E-04 
   965    4.659205E-01    2.499977E-01    1.794977E-01    9.155641E-05 
   966    4.669162E-01    2.499942E-01    1.794942E-01   -2.725331E-05 
   967    4.679184E-01    2.499945E-01    1.794945E-01   -1.294851E-04 
   968    4.689285E-01    2.499963E-01    1.794963E-01   -1.228989E-04 
   969    4.699380E-01    2.499963E-01    1.794963E-01    5.767834E-05 
   970    4.709313E-01    2.499955E-01    1.794954E-01    1.855705E-05 
   971    4.719244E-01    2.499926E-01    1.794926E-01    1.331944E-04 
   972    4.729186E-01    2.499888E-01    1.794888E-01    1.728205E-05 
   973    4.739231E-01    2.499905E-01    1.794905E-01   -1.860936E-04 
   974    4.749387E-01    2.499941E-01    1.794941E-01   -2.080876E-04 
   975    4.759372E-01    2.499954E-01    1.794954E-01   -1.325142E-04 
   976    4.769508E-01    2.499893E-01    1.794894E-01    3.173769E-04 
   977    4.779391E-01    2.499766E-01    1.794765E-01    3.174280E-04 
   978    4.789133E-01    2.499680E-01    1.794679E-01   -1.068375E-04 
   979    4.799026E-01    2.499760E-01    1.794762E-01   -7.164622E-04 
   980    4.809430E-01    2.499814E-01    1.794816E-01   -5.126346E-05 
   981    4.819872E-01    2.499710E-01    1.794716E-01    3.007793E-04 
   982    4.829844E-01    2.499507E-01    1.794515E-01    4.583668E-04 
   983    4.839315E-01    2.499250E-01    1.794253E-01    2.488665E-04 
   984    4.848092E-01    2.499152E-01    1.794161E-01   -1.046722E-03 
   985    4.859644E-01    2.498886E-01    1.793897E-01    5.284789E-05 
   986    4.870087E-01    2.498131E-01    1.793160E-01    1.452429E-04 
   987    4.880213E-01    2.496800E-01    1.791840E-01    2.528137E-04 
   988    4.889895E-01    2.494518E-01    1.789525E-01    3.291109E-04 
   989    4.897388E-01    2.491699E-01    1.786384E-01   -6.622544E-04 
   990    4.909910E-01    2.486874E-01    1.785576E-01    0.000000E+00 
   991    4.919920E-01    2.483993E-01    1.783507E-01    0.000000E+00 
   992    4.929930E-01    2.477978E-01    1.779188E-01    0.000000E+00 
   993    4.939940E-01    2.461252E-01    1.767179E-01    0.000000E+00 
   994    4.949950E-01    2.422161E-01    1.739111E-01    0.000000E+00 
   995    4.959960E-01    2.342787E-01    1.682121E-01    0.000000E+00 
   996    4.969970E-01    2.204590E-01    1.582896E-01    0.000000E+00 
   997    4.979980E-01    1.999568E-01    1.435690E-01    0.000000E+00 
   998    4.989990E-01    1.731614E-01    1.243299E-01    0.000000E+00 
   999    5.000000E-01    1.416667E-01    1.017167E-01    0.000000E+00 
