     0   -5.000000E-01    5.666667E-01    5.666667E-01    0.000000E+00 
     1   -4.989990E-01    6.926823E-01    6.926823E-01    0.000000E+00 
     2   -4.979980E-01    7.999924E-01    7.999924E-01    0.000000E+00 
     3   -4.969970E-01    8.821716E-01    8.821716E-01    0.000000E+00 
     4   -4.959960E-01    9.376260E-01    9.376260E-01    0.000000E+00 
     5   -4.949950E-01    9.695414E-01    9.695414E-01    0.000000E+00 
     6   -4.939940E-01    9.852401E-01    9.852401E-01    0.000000E+00 
     7   -4.929930E-01    9.917550E-01    9.917550E-01    0.000000E+00 
     8   -4.919920E-01    9.939100E-01    9.939100E-01    0.000000E+00 
     9   -4.909910E-01    9.948310E-01    9.948310E-01    0.000000E+00 
    10   -4.898134E-01    9.964292E-01    9.949004E-01    1.814043E-03 
    11   -4.889571E-01    9.976891E-01    9.967669E-01   -7.154234E-04 
    12   -4.879909E-01    9.986603E-01    9.981457E-01   -8.781131E-04 
    13   -4.869917E-01    9.992502E-01    9.989681E-01   -4.800993E-04 
    14   -4.859629E-01    9.995857E-01    9.994282E-01    1.245337E-04 
    15   -4.848990E-01    9.996646E-01    9.995341E-01    1.770093E-03 
    16   -4.839254E-01    9.996541E-01    9.995172E-01    4.932748E-04 
    17   -4.829469E-01    9.997773E-01    9.996898E-01   -1.984978E-04 
    18   -4.819565E-01    9.999221E-01    9.998926E-01   -2.982866E-04 
    19   -4.809523E-01    9.999895E-01    9.999861E-01    1.298804E-04 
    20   -4.799444E-01    9.999613E-01    9.999463E-01    3.534430E-04 
    21   -4.789298E-01    9.998968E-01    9.998557E-01    1.945521E-04 
    22   -4.779296E-01    9.998384E-01    9.997738E-01   -9.561999E-05 
    23   -4.769341E-01    9.997993E-01    9.997191E-01   -3.199210E-04 
    24   -4.759390E-01    9.997762E-01    9.996867E-01   -5.018832E-04 
    25   -4.749425E-01    9.997734E-01    9.996830E-01   -6.961757E-04 
    26   -4.739368E-01    9.997921E-01    9.997092E-01   -2.120370E-04 
    27   -4.729278E-01    9.998521E-01    9.997931E-01    6.048731E-04 
    28   -4.719250E-01    9.999895E-01    9.999853E-01    4.967681E-04 
    29   -4.709267E-01    1.000203E+00    1.000284E+00    1.941656E-04 
    30   -4.699287E-01    1.000467E+00    1.000654E+00    2.597270E-05 
    31   -4.689298E-01    1.000740E+00    1.001036E+00    1.794058E-04 
    32   -4.679291E-01    1.000981E+00    1.001373E+00    8.465259E-04 
    33   -4.669279E-01    1.001178E+00    1.001649E+00    1.572063E-03 
    34   -4.659275E-01    1.001346E+00    1.001885E+00    2.030201E-03 
    35   -4.649280E-01    1.001499E+00    1.002099E+00    2.212719E-03 
    36   -4.639291E-01    1.001641E+00    1.002298E+00    2.239616E-03 
    37   -4.629303E-01    1.001766E+00    1.002473E+00    2.258296E-03 
    38   -4.619314E-01    1.001861E+00    1.002606E+00    2.303453E-03 
    39   -4.609325E-01    1.001917E+00    1.002684E+00    2.355787E-03 
    40   -4.599334E-01    1.001933E+00    1.002707E+00    2.388234E-03 
    41   -4.589344E-01    1.001916E+00    1.002683E+00    2.390782E-03 
    42   -4.579353E-01    1.001876E+00    1.002628E+00    2.361103E-03 
    43   -4.569362E-01    1.001822E+00    1.002552E+00    2.306005E-03 
    44   -4.559371E-01    1.001757E+00    1.002461E+00    2.233379E-03 
    45   -4.549378E-01    1.001683E+00    1.002357E+00    2.148565E-03 
    46   -4.539385E-01    1.001601E+00    1.002242E+00    2.053959E-03 
    47   -4.529391E-01    1.001513E+00    1.002118E+00    1.950431E-03 
    48   -4.519396E-01    1.001419E+00    1.001987E+00    1.838988E-03 
    49   -4.509399E-01    1.001322E+00    1.001851E+00    1.721367E-03 
    50   -4.499402E-01    1.001224E+00    1.001713E+00    1.599820E-03 
    51   -4.489404E-01    1.001125E+00    1.001576E+00    1.476661E-03 
    52   -4.479404E-01    1.001029E+00    1.001441E+00    1.353957E-03 
    53   -4.469404E-01    1.000935E+00    1.001309E+00    1.233412E-03 
    54   -4.459403E-01    1.000844E+00    1.001182E+00    1.116413E-03 
    55   -4.449401E-01    1.000757E+00    1.001061E+00    1.004092E-03 
    56   -4.439397E-01    1.000676E+00    1.000946E+00    8.973729E-04 
    57   -4.429394E-01    1.000599E+00    1.000839E+00    7.969875E-04 
    58   -4.419389E-01    1.000529E+00    1.000740E+00    7.034682E-04 
    59   -4.409384E-01    1.000463E+00    1.000649E+00    6.171474E-04 
    60   -4.399378E-01    1.000404E+00    1.000566E+00    5.381692E-04 
    61   -4.389371E-01    1.000350E+00    1.000490E+00    4.665120E-04 
    62   -4.379364E-01    1.000302E+00    1.000423E+00    4.020175E-04 
    63   -4.369357E-01    1.000259E+00    1.000362E+00    3.444185E-04 
    64   -4.359349E-01    1.000221E+00    1.000309E+00    2.933641E-04 
    65   -4.349341E-01    1.000187E+00    1.000262E+00    2.484423E-04 
    66   -4.339332E-01    1.000158E+00    1.000221E+00    2.091991E-04 
    67   -4.329324E-01    1.000132E+00    1.000185E+00    1.751562E-04 
    68   -4.319315E-01    1.000110E+00    1.000155E+00    1.458263E-04 
    69   -4.309306E-01    1.000092E+00    1.000128E+00    1.207262E-04 
    70   -4.299296E-01    1.000076E+00    1.000106E+00    9.938740E-05 
    71   -4.289287E-01    1.000062E+00    1.000087E+00    8.136375E-05 
    72   -4.279277E-01    1.000051E+00    1.000071E+00    6.623763E-05 
    73   -4.269268E-01    1.000041E+00    1.000058E+00    5.362348E-05 
    74   -4.259258E-01    1.000033E+00    1.000047E+00    4.316997E-05 
    75   -4.249248E-01    1.000027E+00    1.000038E+00    3.456074E-05 
    76   -4.239239E-01    1.000021E+00    1.000030E+00    2.751404E-05 
    77   -4.229229E-01    1.000017E+00    1.000024E+00    2.178154E-05 
    78   -4.219219E-01    1.000014E+00    1.000019E+00    1.714653E-05 
    79   -4.209209E-01    1.000011E+00    1.000015E+00    1.342163E-05 
    80   -4.199199E-01    1.000008E+00    1.000012E+00    1.044625E-05 
    81   -4.189189E-01    1.000006E+00    1.000009E+00    8.083955E-06 
    82   -4.179179E-01    1.000005E+00    1.000007E+00    6.219778E-06 
    83   -4.169169E-01    1.000004E+00    1.000005E+00    4.757613E-06 
    84   -4.159159E-01    1.000003E+00    1.000004E+00    3.617752E-06 
    85   -4.149149E-01    1.000002E+00    1.000003E+00    2.734592E-06 
    86   -4.139139E-01    1.000002E+00    1.000002E+00    2.054538E-06 
    87   -4.129129E-01    1.000001E+00    1.000002E+00    1.534135E-06 
    88   -4.119119E-01    1.000001E+00    1.000001E+00    1.138399E-06 
    89   -4.109109E-01    1.000001E+00    1.000001E+00    8.393739E-07 
    90   -4.099099E-01    1.000001E+00    1.000001E+00    6.148777E-07 
    91   -4.089089E-01    1.000000E+00    1.000001E+00    4.474346E-07 
    92   -4.079079E-01    1.000000E+00    1.000000E+00    3.233749E-07 
    93   -4.069069E-01    1.000000E+00    1.000000E+00    2.320804E-07 
    94   -4.059059E-01    1.000000E+00    1.000000E+00    1.653617E-07 
    95   -4.049049E-01    1.000000E+00    1.000000E+00    1.169481E-07 
    96   -4.039039E-01    1.000000E+00    1.000000E+00    8.207140E-08 
    97   -4.029029E-01    1.000000E+00    1.000000E+00    5.713392E-08 
    98   -4.019019E-01    1.000000E+00    1.000000E+00    3.944066E-08 
    99   -4.009009E-01    1.000000E+00    1.000000E+00    2.698748E-08 
   100   -3.998999E-01    1.000000E+00    1.000000E+00    1.829600E-08 
   101   -3.988989E-01    1.000000E+00    1.000000E+00    1.228279E-08 
   102   -3.978979E-01    1.000000E+00    1.000000E+00    8.160565E-09 
   103   -3.968969E-01    1.000000E+00    1.000000E+00    5.361623E-09 
   104   -3.958959E-01    1.000000E+00    1.000000E+00    3.480002E-09 
   105   -3.948949E-01    1.000000E+00    1.000000E+00    2.228661E-09 
   106   -3.938939E-01    1.000000E+00    1.000000E+00    1.406030E-09 
   107   -3.928929E-01    1.000000E+00    1.000000E+00    8.722660E-10 
   108   -3.918919E-01    1.000000E+00    1.000000E+00    5.311543E-10 
   109   -3.908909E-01    1.000000E+00    1.000000E+00    3.166673E-10 
   110   -3.898899E-01    1.000000E+00    1.000000E+00    1.843009E-10 
   111   -3.888889E-01    1.000000E+00    1.000000E+00    1.040498E-10 
   112   -3.878879E-01    1.000000E+00    1.000000E+00    5.631562E-11 
   113   -3.868869E-01    1.000000E+00    1.000000E+00    2.866506E-11 
   114   -3.858859E-01    1.000000E+00    1.000000E+00    1.298433E-11 
   115   -3.848849E-01    1.000000E+00    1.000000E+00    4.776641E-12 
   116   -3.838839E-01    1.000000E+00    1.000000E+00    9.847798E-13 
   117   -3.828829E-01    1.000000E+00    1.000000E+00   -4.599101E-13 
   118   -3.818819E-01    1.000000E+00    1.000000E+00   -7.856765E-13 
   119   -3.808809E-01    1.000000E+00    1.000000E+00   -6.842778E-13 
   120   -3.798799E-01    1.000000E+00    1.000000E+00   -4.746692E-13 
   121   -3.788789E-01    1.000000E+00    1.000000E+00   -2.828176E-13 
   122   -3.778779E-01    1.000000E+00    1.000000E+00   -1.446802E-13 
   123   -3.768769E-01    1.000000E+00    1.000000E+00   -6.233826E-14 
   124   -3.758759E-01    1.000000E+00    1.000000E+00   -1.856820E-14 
   125   -3.748749E-01    1.000000E+00    1.000000E+00    1.151614E-15 
   126   -3.738739E-01    1.000000E+00    1.000000E+00    9.053299E-15 
   127   -3.728729E-01    1.000000E+00    1.000000E+00    1.048685E-14 
   128   -3.718719E-01    1.000000E+00    1.000000E+00    9.142983E-15 
   129   -3.708709E-01    1.000000E+00    1.000000E+00    7.031225E-15 
   130   -3.698699E-01    1.000000E+00    1.000000E+00    5.101861E-15 
   131   -3.688689E-01    1.000000E+00    1.000000E+00    3.190012E-15 
   132   -3.678679E-01    1.000000E+00    1.000000E+00    1.953363E-15 
   133   -3.668669E-01    1.000000E+00    1.000000E+00    1.456975E-15 
   134   -3.658659E-01    1.000000E+00    1.000000E+00    9.663112E-16 
   135   -3.648649E-01    1.000000E+00    1.000000E+00    1.264334E-15 
   136   -3.638639E-01    1.000000E+00    1.000000E+00    1.656154E-15 
   137   -3.628629E-01    1.000000E+00    1.000000E+00    9.383767E-16 
   138   -3.618619E-01    1.000000E+00    1.000000E+00    3.627434E-16 
   139   -3.608609E-01    1.000000E+00    1.000000E+00   -7.864855E-17 
   140   -3.598599E-01    1.000000E+00    1.000000E+00   -5.079489E-16 
   141   -3.588589E-01    1.000000E+00    1.000000E+00   -1.215443E-15 
   142   -3.578579E-01    1.000000E+00    1.000000E+00   -5.924797E-16 
   143   -3.568569E-01    1.000000E+00    1.000000E+00    9.382853E-17 
   144   -3.558559E-01    1.000000E+00    1.000000E+00    3.715471E-16 
   145   -3.548549E-01    1.000000E+00    1.000000E+00    4.768382E-16 
   146   -3.538539E-01    1.000000E+00    1.000000E+00    3.274766E-16 
   147   -3.528529E-01    1.000000E+00    1.000000E+00    3.328073E-16 
   148   -3.518519E-01    1.000000E+00    1.000000E+00    6.037106E-17 
   149   -3.508509E-01    1.000000E+00    1.000000E+00    1.207932E-17 
   150   -3.498498E-01    1.000000E+00    1.000000E+00   -1.779073E-16 
   151   -3.488488E-01    1.000000E+00    1.000000E+00   -1.705067E-16 
   152   -3.478478E-01    1.000000E+00    1.000000E+00    4.472646E-17 
   153   -3.468468E-01    1.000000E+00    1.000000E+00   -1.367924E-16 
   154   -3.458458E-01    1.000000E+00    1.000000E+00   -1.630323E-16 
   155   -3.448448E-01    1.000000E+00    1.000000E+00   -2.408498E-16 
   156   -3.438438E-01    1.000000E+00    1.000000E+00   -2.783203E-16 
   157   -3.428428E-01    1.000000E+00    1.000000E+00   -3.349972E-17 
   158   -3.418418E-01    1.000000E+00    1.000000E+00   -2.223415E-16 
   159   -3.408408E-01    1.000000E+00    1.000000E+00   -1.944998E-16 
   160   -3.398398E-01    1.000000E+00    1.000000E+00   -3.488781E-16 
   161   -3.388388E-01    1.000000E+00    1.000000E+00   -2.783168E-16 
   162   -3.378378E-01    1.000000E+00    1.000000E+00   -4.305729E-17 
   163   -3.368368E-01    1.000000E+00    1.000000E+00   -2.853710E-16 
   164   -3.358358E-01    1.000000E+00    1.000000E+00   -3.276268E-16 
   165   -3.348348E-01    1.000000E+00    1.000000E+00   -3.636513E-16 
   166   -3.338338E-01    1.000000E+00    1.000000E+00   -2.392997E-16 
   167   -3.328328E-01    1.000000E+00    1.000000E+00    4.863342E-17 
   168   -3.318318E-01    1.000000E+00    1.000000E+00   -3.862289E-17 
   169   -3.308308E-01    1.000000E+00    1.000000E+00   -7.386852E-17 
   170   -3.298298E-01    1.000000E+00    1.000000E+00   -1.397339E-16 
   171   -3.288288E-01    1.000000E+00    1.000000E+00   -2.414733E-16 
   172   -3.278278E-01    1.000000E+00    1.000000E+00   -8.693847E-17 
   173   -3.268268E-01    1.000000E+00    1.000000E+00   -5.041765E-16 
   174   -3.258258E-01    1.000000E+00    1.000000E+00   -6.867469E-16 
   175   -3.248248E-01    1.000000E+00    1.000000E+00   -7.154874E-16 
   176   -3.238238E-01    1.000000E+00    1.000000E+00   -3.980455E-16 
   177   -3.228228E-01    1.000000E+00    1.000000E+00    3.843804E-16 
   178   -3.218218E-01    1.000000E+00    1.000000E+00    7.290579E-16 
   179   -3.208208E-01    1.000000E+00    1.000000E+00    1.344078E-15 
   180   -3.198198E-01    1.000000E+00    1.000000E+00    4.380697E-16 
   181   -3.188188E-01    1.000000E+00    1.000000E+00    5.601759E-17 
   182   -3.178178E-01    1.000000E+00    1.000000E+00   -4.267805E-16 
   183   -3.168168E-01    1.000000E+00    1.000000E+00   -7.015176E-16 
   184   -3.158158E-01    1.000000E+00    1.000000E+00   -1.521907E-15 
   185   -3.148148E-01    1.000000E+00    1.000000E+00   -1.053446E-15 
   186   -3.138138E-01    1.000000E+00    1.000000E+00   -2.108579E-16 
   187   -3.128128E-01    1.000000E+00    1.000000E+00   -3.822658E-16 
   188   -3.118118E-01    1.000000E+00    1.000000E+00    7.073864E-16 
   189   -3.108108E-01    1.000000E+00    1.000000E+00    1.076750E-15 
   190   -3.098098E-01    1.000000E+00    1.000000E+00    4.897005E-16 
   191   -3.088088E-01    1.000000E+00    1.000000E+00    3.189690E-16 
   192   -3.078078E-01    1.000000E+00    1.000000E+00    1.442490E-16 
   193   -3.068068E-01    1.000000E+00    1.000000E+00   -2.708802E-17 
   194   -3.058058E-01    1.000000E+00    1.000000E+00   -1.870391E-16 
   195   -3.048048E-01    1.000000E+00    1.000000E+00   -6.932169E-16 
   196   -3.038038E-01    1.000000E+00    1.000000E+00   -5.818661E-16 
   197   -3.028028E-01    1.000000E+00    1.000000E+00    6.172432E-16 
   198   -3.018018E-01    1.000000E+00    1.000000E+00    5.775219E-16 
   199   -3.008008E-01    1.000000E+00    1.000000E+00    9.421695E-16 
   200   -2.997998E-01    1.000000E+00    1.000000E+00    1.641618E-15 
   201   -2.987988E-01    1.000000E+00    1.000000E+00    8.716117E-16 
   202   -2.977978E-01    1.000000E+00    1.000000E+00    5.912503E-16 
   203   -2.967968E-01    1.000000E+00    1.000000E+00    5.669789E-17 
   204   -2.957958E-01    1.000000E+00    1.000000E+00   -4.381818E-16 
   205   -2.947948E-01    1.000000E+00    1.000000E+00   -1.129900E-15 
   206   -2.937938E-01    1.000000E+00    1.000000E+00   -5.744957E-16 
   207   -2.927928E-01    1.000000E+00    1.000000E+00   -3.908211E-16 
   208   -2.917918E-01    1.000000E+00    1.000000E+00    4.094133E-16 
   209   -2.907908E-01    1.000000E+00    1.000000E+00    5.297568E-16 
   210   -2.897898E-01    1.000000E+00    1.000000E+00    8.230767E-16 
   211   -2.887888E-01    1.000000E+00    1.000000E+00    3.913360E-16 
   212   -2.877878E-01    1.000000E+00    1.000000E+00    6.936113E-17 
   213   -2.867868E-01    1.000000E+00    1.000000E+00   -1.945257E-17 
   214   -2.857858E-01    1.000000E+00    1.000000E+00   -6.982265E-17 
   215   -2.847848E-01    1.000000E+00    1.000000E+00    3.690870E-17 
   216   -2.837838E-01    1.000000E+00    1.000000E+00    8.384861E-17 
   217   -2.827828E-01    1.000000E+00    1.000000E+00   -8.276932E-17 
   218   -2.817818E-01    1.000000E+00    1.000000E+00    2.610599E-17 
   219   -2.807808E-01    1.000000E+00    1.000000E+00   -1.687974E-16 
   220   -2.797798E-01    1.000000E+00    1.000000E+00   -1.882709E-16 
   221   -2.787788E-01    1.000000E+00    1.000000E+00    6.466681E-18 
   222   -2.777778E-01    1.000000E+00    1.000000E+00   -7.824088E-17 
   223   -2.767768E-01    1.000000E+00    1.000000E+00   -1.584833E-16 
   224   -2.757758E-01    1.000000E+00    1.000000E+00   -2.047852E-16 
   225   -2.747748E-01    1.000000E+00    1.000000E+00   -2.062699E-16 
   226   -2.737738E-01    1.000000E+00    1.000000E+00   -4.305729E-17 
   227   -2.727728E-01    1.000000E+00    1.000000E+00   -2.493498E-16 
   228   -2.717718E-01    1.000000E+00    1.000000E+00   -2.555764E-16 
   229   -2.707708E-01    1.000000E+00    1.000000E+00   -2.879452E-16 
   230   -2.697698E-01    1.000000E+00    1.000000E+00   -2.545054E-16 
   231   -2.687688E-01    1.000000E+00    1.000000E+00    1.484048E-16 
   232   -2.677678E-01    1.000000E+00    1.000000E+00    4.299322E-17 
   233   -2.667668E-01    1.000000E+00    1.000000E+00    4.546621E-17 
   234   -2.657658E-01    1.000000E+00    1.000000E+00   -2.278997E-17 
   235   -2.647648E-01    1.000000E+00    1.000000E+00   -6.190395E-17 
   236   -2.637638E-01    1.000000E+00    1.000000E+00    7.291812E-17 
   237   -2.627628E-01    1.000000E+00    1.000000E+00   -4.321281E-16 
   238   -2.617618E-01    1.000000E+00    1.000000E+00   -4.827148E-16 
   239   -2.607608E-01    1.000000E+00    1.000000E+00   -6.363964E-16 
   240   -2.597598E-01    1.000000E+00    1.000000E+00   -3.901679E-16 
   241   -2.587588E-01    1.000000E+00    1.000000E+00    2.847554E-16 
   242   -2.577578E-01    1.000000E+00    1.000000E+00    3.682549E-16 
   243   -2.567568E-01    1.000000E+00    1.000000E+00    1.283684E-15 
   244   -2.557558E-01    1.000000E+00    1.000000E+00    3.387169E-16 
   245   -2.547548E-01    1.000000E+00    1.000000E+00   -1.154906E-17 
   246   -2.537538E-01    1.000000E+00    1.000000E+00   -4.589973E-16 
   247   -2.527528E-01    1.000000E+00    1.000000E+00   -7.938357E-16 
   248   -2.517518E-01    1.000000E+00    1.000000E+00   -1.616483E-15 
   249   -2.507508E-01    1.000000E+00    1.000000E+00   -1.161532E-15 
   250   -2.497497E-01    1.000000E+00    1.000000E+00   -2.708221E-17 
   251   -2.487487E-01    1.000000E+00    1.000000E+00    1.161514E-17 
   252   -2.477477E-01    1.000000E+00    1.000000E+00    6.682950E-16 
   253   -2.467467E-01    1.000000E+00    1.000000E+00    8.963294E-16 
   254   -2.457457E-01    1.000000E+00    1.000000E+00    4.514111E-16 
   255   -2.447447E-01    1.000000E+00    1.000000E+00    2.674370E-16 
   256   -2.437437E-01    1.000000E+00    1.000000E+00    1.494807E-16 
   257   -2.427427E-01    1.000000E+00    1.000000E+00    1.769784E-16 
   258   -2.417417E-01    1.000000E+00    1.000000E+00   -5.216720E-17 
   259   -2.407407E-01    1.000000E+00    1.000000E+00   -4.806840E-17 
   260   -2.397397E-01    1.000000E+00    1.000000E+00    8.140640E-17 
   261   -2.387387E-01    1.000000E+00    1.000000E+00    5.404936E-17 
   262   -2.377377E-01    1.000000E+00    1.000000E+00    7.939751E-17 
   263   -2.367367E-01    1.000000E+00    1.000000E+00    1.548380E-16 
   264   -2.357357E-01    1.000000E+00    1.000000E+00    1.070906E-16 
   265   -2.347347E-01    1.000000E+00    1.000000E+00   -4.636389E-17 
   266   -2.337337E-01    1.000000E+00    1.000000E+00   -3.901141E-16 
   267   -2.327327E-01    1.000000E+00    1.000000E+00   -7.782726E-16 
   268   -2.317317E-01    1.000000E+00    1.000000E+00   -7.277369E-16 
   269   -2.307307E-01    1.000000E+00    1.000000E+00    1.916935E-16 
   270   -2.297297E-01    1.000000E+00    1.000000E+00    1.625474E-16 
   271   -2.287287E-01    1.000000E+00    1.000000E+00    6.128319E-16 
   272   -2.277277E-01    1.000000E+00    1.000000E+00    1.235649E-15 
   273   -2.267267E-01    1.000000E+00    1.000000E+00    4.929449E-16 
   274   -2.257257E-01    1.000000E+00    1.000000E+00    1.240285E-16 
   275   -2.247247E-01    1.000000E+00    1.000000E+00   -2.209359E-16 
   276   -2.237237E-01    1.000000E+00    1.000000E+00   -5.403101E-16 
   277   -2.227227E-01    1.000000E+00    1.000000E+00   -1.407539E-15 
   278   -2.217217E-01    1.000000E+00    1.000000E+00   -7.472736E-16 
   279   -2.207207E-01    1.000000E+00    1.000000E+00   -4.223710E-16 
   280   -2.197197E-01    1.000000E+00    1.000000E+00   -1.872364E-16 
   281   -2.187187E-01    1.000000E+00    1.000000E+00    5.133937E-16 
   282   -2.177177E-01    1.000000E+00    1.000000E+00    6.869948E-16 
   283   -2.167167E-01    1.000000E+00    1.000000E+00    2.973994E-16 
   284   -2.157157E-01    1.000000E+00    1.000000E+00    3.230693E-16 
   285   -2.147147E-01    1.000000E+00    1.000000E+00   -5.074290E-17 
   286   -2.137137E-01    1.000000E+00    1.000000E+00   -9.202975E-17 
   287   -2.127127E-01    1.000000E+00    1.000000E+00   -5.470606E-17 
   288   -2.117117E-01    1.000000E+00    1.000000E+00   -1.192872E-16 
   289   -2.107107E-01    1.000000E+00    1.000000E+00   -1.975732E-17 
   290   -2.097097E-01    1.000000E+00    1.000000E+00    6.924012E-17 
   291   -2.087087E-01    1.000000E+00    1.000000E+00   -1.541098E-16 
   292   -2.077077E-01    1.000000E+00    1.000000E+00   -1.199911E-16 
   293   -2.067067E-01    1.000000E+00    1.000000E+00   -3.193881E-16 
   294   -2.057057E-01    1.000000E+00    1.000000E+00   -7.971471E-16 
   295   -2.047047E-01    1.000000E+00    1.000000E+00   -8.743723E-16 
   296   -2.037037E-01    1.000000E+00    1.000000E+00    2.127980E-16 
   297   -2.027027E-01    1.000000E+00    1.000000E+00    5.208226E-16 
   298   -2.017017E-01    1.000000E+00    1.000000E+00    9.187547E-16 
   299   -2.007007E-01    1.000000E+00    1.000000E+00    1.338638E-15 
   300   -1.996997E-01    1.000000E+00    1.000000E+00    7.172614E-16 
   301   -1.986987E-01    1.000000E+00    1.000000E+00    3.120417E-16 
   302   -1.976977E-01    1.000000E+00    1.000000E+00   -9.541256E-17 
   303   -1.966967E-01    1.000000E+00    1.000000E+00   -3.962130E-16 
   304   -1.956957E-01    1.000000E+00    1.000000E+00   -1.047272E-15 
   305   -1.946947E-01    1.000000E+00    1.000000E+00   -5.671350E-16 
   306   -1.936937E-01    1.000000E+00    1.000000E+00   -1.701778E-16 
   307   -1.926927E-01    1.000000E+00    1.000000E+00   -1.872364E-16 
   308   -1.916917E-01    1.000000E+00    1.000000E+00    4.649820E-16 
   309   -1.906907E-01    1.000000E+00    1.000000E+00    5.687812E-16 
   310   -1.896897E-01    1.000000E+00    1.000000E+00    1.847957E-16 
   311   -1.886887E-01    1.000000E+00    1.000000E+00    1.647203E-16 
   312   -1.876877E-01    1.000000E+00    1.000000E+00   -9.311013E-17 
   313   -1.866867E-01    1.000000E+00    1.000000E+00   -1.263813E-16 
   314   -1.856857E-01    1.000000E+00    1.000000E+00   -2.162986E-16 
   315   -1.846847E-01    1.000000E+00    1.000000E+00   -1.274670E-16 
   316   -1.836837E-01    1.000000E+00    1.000000E+00   -3.348761E-16 
   317   -1.826827E-01    1.000000E+00    1.000000E+00   -2.267915E-16 
   318   -1.816817E-01    1.000000E+00    1.000000E+00   -2.912313E-16 
   319   -1.806807E-01    1.000000E+00    1.000000E+00   -2.352870E-16 
   320   -1.796797E-01    1.000000E+00    1.000000E+00   -3.819013E-16 
   321   -1.786787E-01    1.000000E+00    1.000000E+00   -4.704163E-16 
   322   -1.776777E-01    1.000000E+00    1.000000E+00   -4.205534E-16 
   323   -1.766767E-01    1.000000E+00    1.000000E+00   -4.399526E-16 
   324   -1.756757E-01    1.000000E+00    1.000000E+00    1.799099E-16 
   325   -1.746747E-01    1.000000E+00    1.000000E+00   -9.556868E-17 
   326   -1.736737E-01    1.000000E+00    1.000000E+00   -6.466108E-17 
   327   -1.726727E-01    1.000000E+00    1.000000E+00    5.350036E-17 
   328   -1.716717E-01    1.000000E+00    1.000000E+00   -1.448506E-17 
   329   -1.706707E-01    1.000000E+00    1.000000E+00   -2.355128E-16 
   330   -1.696697E-01    1.000000E+00    1.000000E+00   -4.075585E-16 
   331   -1.686687E-01    1.000000E+00    1.000000E+00   -8.106099E-16 
   332   -1.676677E-01    1.000000E+00    1.000000E+00   -3.909965E-16 
   333   -1.666667E-01    1.000000E+00    1.000000E+00   -7.453159E-16 
   334   -1.656657E-01    1.000000E+00    1.000000E+00    3.640934E-16 
   335   -1.646647E-01    1.000000E+00    1.000000E+00    8.726125E-16 
   336   -1.636637E-01    1.000000E+00    1.000000E+00    1.149540E-15 
   337   -1.626627E-01    1.000000E+00    1.000000E+00    5.782488E-16 
   338   -1.616617E-01    1.000000E+00    1.000000E+00    2.411469E-16 
   339   -1.606607E-01    1.000000E+00    1.000000E+00   -2.659482E-16 
   340   -1.596597E-01    1.000000E+00    1.000000E+00   -5.402971E-16 
   341   -1.586587E-01    1.000000E+00    1.000000E+00   -1.407527E-15 
   342   -1.576577E-01    1.000000E+00    1.000000E+00   -8.193178E-16 
   343   -1.566567E-01    1.000000E+00    1.000000E+00   -4.223728E-16 
   344   -1.556557E-01    1.000000E+00    1.000000E+00   -2.592837E-16 
   345   -1.546547E-01    1.000000E+00    1.000000E+00    5.133937E-16 
   346   -1.536537E-01    1.000000E+00    1.000000E+00    6.869948E-16 
   347   -1.526527E-01    1.000000E+00    1.000000E+00    2.973994E-16 
   348   -1.516517E-01    1.000000E+00    1.000000E+00    3.230693E-16 
   349   -1.506507E-01    1.000000E+00    1.000000E+00   -5.074290E-17 
   350   -1.496496E-01    1.000000E+00    1.000000E+00   -9.202975E-17 
   351   -1.486486E-01    1.000000E+00    1.000000E+00   -5.470606E-17 
   352   -1.476476E-01    1.000000E+00    1.000000E+00   -1.192872E-16 
   353   -1.466466E-01    1.000000E+00    1.000000E+00   -1.975732E-17 
   354   -1.456456E-01    1.000000E+00    1.000000E+00    6.839571E-17 
   355   -1.446446E-01    1.000000E+00    1.000000E+00   -1.553764E-16 
   356   -1.436436E-01    1.000000E+00    1.000000E+00   -1.323758E-16 
   357   -1.426426E-01    1.000000E+00    1.000000E+00   -3.354319E-16 
   358   -1.416416E-01    1.000000E+00    1.000000E+00   -8.123467E-16 
   359   -1.406406E-01    1.000000E+00    1.000000E+00   -8.797202E-16 
   360   -1.396396E-01    1.000000E+00    1.000000E+00    5.278176E-17 
   361   -1.386386E-01    1.000000E+00    1.000000E+00    4.065456E-16 
   362   -1.376376E-01    1.000000E+00    1.000000E+00    5.874635E-16 
   363   -1.366366E-01    1.000000E+00    1.000000E+00    4.269535E-16 
   364   -1.356356E-01    1.000000E+00    1.000000E+00   -1.119334E-15 
   365   -1.346346E-01    1.000000E+00    1.000000E+00   -3.208451E-15 
   366   -1.336336E-01    1.000000E+00    1.000000E+00   -6.209513E-15 
   367   -1.326326E-01    1.000000E+00    1.000000E+00   -9.893440E-15 
   368   -1.316316E-01    1.000000E+00    1.000000E+00   -1.454939E-14 
   369   -1.306306E-01    1.000000E+00    1.000000E+00   -1.995619E-14 
   370   -1.296296E-01    1.000000E+00    1.000000E+00   -2.602949E-14 
   371   -1.286286E-01    1.000000E+00    1.000000E+00   -3.202943E-14 
   372   -1.276276E-01    1.000000E+00    1.000000E+00   -3.718200E-14 
   373   -1.266266E-01    1.000000E+00    1.000000E+00   -3.859307E-14 
   374   -1.256256E-01    1.000000E+00    1.000000E+00   -2.969268E-14 
   375   -1.246246E-01    1.000000E+00    1.000000E+00   -1.834232E-15 
   376   -1.236236E-01    1.000000E+00    1.000000E+00    6.306999E-14 
   377   -1.226226E-01    1.000000E+00    1.000000E+00    1.972412E-13 
   378   -1.216216E-01    1.000000E+00    1.000000E+00    4.520920E-13 
   379   -1.206206E-01    1.000000E+00    1.000000E+00    8.874276E-13 
   380   -1.196196E-01    1.000000E+00    1.000000E+00    1.522411E-12 
   381   -1.186186E-01    1.000000E+00    1.000000E+00    2.265126E-12 
   382   -1.176176E-01    1.000000E+00    1.000000E+00    2.753944E-12 
   383   -1.166166E-01    1.000000E+00    1.000000E+00    2.041641E-12 
   384   -1.156156E-01    1.000000E+00    1.000000E+00   -1.967724E-12 
   385   -1.146146E-01    1.000000E+00    1.000000E+00   -1.336557E-11 
   386   -1.136136E-01    1.000000E+00    1.000000E+00   -3.875628E-11 
   387   -1.126126E-01    1.000000E+00    1.000000E+00   -8.841952E-11 
   388   -1.116116E-01    1.000000E+00    1.000000E+00   -1.766666E-10 
   389   -1.106106E-01    1.000000E+00    1.000000E+00   -3.294113E-10 
   390   -1.096096E-01    1.000000E+00    1.000000E+00   -5.868406E-10 
   391   -1.086086E-01    1.000000E+00    1.000000E+00   -1.011626E-09 
   392   -1.076076E-01    1.000000E+00    1.000000E+00   -1.700723E-09 
   393   -1.066066E-01    1.000000E+00    1.000000E+00   -2.796818E-09 
   394   -1.056056E-01    1.000000E+00    1.000000E+00   -4.511484E-09 
   395   -1.046046E-01    1.000000E+00    1.000000E+00   -7.151801E-09 
   396   -1.036036E-01    1.000000E+00    1.000000E+00   -1.116035E-08 
   397   -1.026026E-01    1.000000E+00    1.000000E+00   -1.717356E-08 
   398   -1.016016E-01    1.000000E+00    1.000000E+00   -2.609165E-08 
   399   -1.006006E-01    1.000000E+00    1.000000E+00   -3.917979E-08 
   400   -9.959960E-02    1.000000E+00    1.000000E+00   -5.819680E-08 
   401   -9.859860E-02    1.000000E+00    1.000000E+00   -8.556207E-08 
   402   -9.759760E-02    1.000000E+00    1.000000E+00   -1.245775E-07 
   403   -9.659660E-02    1.000000E+00    1.000000E+00   -1.797078E-07 
   404   -9.559560E-02    1.000000E+00    1.000000E+00   -2.569434E-07 
   405   -9.459460E-02    1.000000E+00    1.000000E+00   -3.642558E-07 
   406   -9.359359E-02    1.000000E+00    1.000001E+00   -5.121622E-07 
   407   -9.259259E-02    1.000001E+00    1.000001E+00   -7.144287E-07 
   408   -9.159159E-02    1.000001E+00    1.000001E+00   -9.889170E-07 
   409   -9.059059E-02    1.000001E+00    1.000002E+00   -1.358611E-06 
   410   -8.958959E-02    1.000002E+00    1.000002E+00   -1.852842E-06 
   411   -8.858859E-02    1.000002E+00    1.000003E+00   -2.508722E-06 
   412   -8.758759E-02    1.000003E+00    1.000004E+00   -3.372820E-06 
   413   -8.658660E-02    1.000004E+00    1.000005E+00   -4.503060E-06 
   414   -8.558560E-02    1.000005E+00    1.000007E+00   -5.970854E-06 
   415   -8.458460E-02    1.000006E+00    1.000009E+00   -7.863451E-06 
   416   -8.358361E-02    1.000008E+00    1.000012E+00   -1.028643E-05 
   417   -8.258261E-02    1.000011E+00    1.000015E+00   -1.336631E-05 
   418   -8.158162E-02    1.000014E+00    1.000019E+00   -1.725315E-05 
   419   -8.058063E-02    1.000017E+00    1.000024E+00   -2.212303E-05 
   420   -7.957965E-02    1.000022E+00    1.000031E+00   -2.818019E-05 
   421   -7.857867E-02    1.000028E+00    1.000039E+00   -3.565865E-05 
   422   -7.757769E-02    1.000035E+00    1.000048E+00   -4.482301E-05 
   423   -7.657672E-02    1.000043E+00    1.000060E+00   -5.596809E-05 
   424   -7.557576E-02    1.000053E+00    1.000074E+00   -6.941693E-05 
   425   -7.457481E-02    1.000065E+00    1.000091E+00   -8.551688E-05 
   426   -7.357387E-02    1.000079E+00    1.000111E+00   -1.046331E-04 
   427   -7.257295E-02    1.000096E+00    1.000134E+00   -1.271392E-04 
   428   -7.157204E-02    1.000115E+00    1.000161E+00   -1.534043E-04 
   429   -7.057115E-02    1.000137E+00    1.000192E+00   -1.837771E-04 
   430   -6.957029E-02    1.000163E+00    1.000228E+00   -2.185647E-04 
   431   -6.856945E-02    1.000192E+00    1.000269E+00   -2.580088E-04 
   432   -6.756864E-02    1.000225E+00    1.000314E+00   -3.022555E-04 
   433   -6.656786E-02    1.000261E+00    1.000365E+00   -3.513195E-04 
   434   -6.556713E-02    1.000300E+00    1.000420E+00   -4.050422E-04 
   435   -6.456643E-02    1.000343E+00    1.000480E+00   -4.630484E-04 
   436   -6.356579E-02    1.000388E+00    1.000544E+00   -5.247057E-04 
   437   -6.256519E-02    1.000436E+00    1.000610E+00   -5.891090E-04 
   438   -6.156464E-02    1.000484E+00    1.000678E+00   -6.550472E-04 
   439   -6.056415E-02    1.000532E+00    1.000745E+00   -7.209227E-04 
   440   -5.956371E-02    1.000577E+00    1.000808E+00   -7.844998E-04 
   441   -5.856333E-02    1.000616E+00    1.000862E+00   -8.426010E-04 
   442   -5.756300E-02    1.000643E+00    1.000901E+00   -8.917537E-04 
   443   -5.656271E-02    1.000650E+00    1.000910E+00   -9.273523E-04 
   444   -5.556245E-02    1.000624E+00    1.000874E+00   -9.447453E-04 
   445   -5.456222E-02    1.000546E+00    1.000765E+00   -9.366737E-04 
   446   -5.356198E-02    1.000391E+00    1.000547E+00   -8.875201E-04 
   447   -5.256170E-02    1.000126E+00    1.000176E+00   -7.681210E-04 
   448   -5.156129E-02    9.997102E-01    9.995928E-01   -5.278819E-04 
   449   -5.056061E-02    9.990932E-01    9.987277E-01   -9.532508E-05 
   450   -4.955944E-02    9.982139E-01    9.974949E-01    6.172723E-04 
   451   -4.855750E-02    9.969990E-01    9.957916E-01    1.720930E-03 
   452   -4.755443E-02    9.953627E-01    9.934980E-01    3.329458E-03 
   453   -4.654988E-02    9.932101E-01    9.904816E-01    5.544250E-03 
   454   -4.554345E-02    9.904441E-01    9.866079E-01    8.446635E-03 
   455   -4.453454E-02    9.869734E-01    9.817517E-01    1.212869E-02 
   456   -4.352221E-02    9.827187E-01    9.758058E-01    1.673183E-02 
   457   -4.250518E-02    9.776123E-01    9.686812E-01    2.246731E-02 
   458   -4.148198E-02    9.715914E-01    9.602972E-01    2.959181E-02 
   459   -4.045142E-02    9.645890E-01    9.505697E-01    3.831556E-02 
   460   -3.941274E-02    9.565292E-01    9.394047E-01    4.870915E-02 
   461   -3.836549E-02    9.473325E-01    9.267067E-01    6.064437E-02 
   462   -3.730874E-02    9.369341E-01    9.124041E-01    7.387254E-02 
   463   -3.624047E-02    9.253048E-01    8.964809E-01    8.829071E-02 
   464   -3.515732E-02    9.124664E-01    8.789966E-01    1.040033E-01 
   465   -3.405571E-02    8.985007E-01    8.600934E-01    1.213531E-01 
   466   -3.293317E-02    8.835358E-01    8.399729E-01    1.407893E-01 
   467   -3.178914E-02    8.677049E-01    8.188369E-01    1.626001E-01 
   468   -3.062456E-02    8.511031E-01    7.968288E-01    1.866694E-01 
   469   -2.943919E-02    8.337476E-01    7.739938E-01    2.127216E-01 
   470   -2.823006E-02    8.155895E-01    7.503042E-01    2.402054E-01 
   471   -2.699201E-02    7.965945E-01    7.257602E-01    2.681633E-01 
   472   -2.572027E-02    7.768628E-01    7.005337E-01    2.957343E-01 
   473   -2.441179E-02    7.566768E-01    6.750114E-01    3.228905E-01 
   474   -2.306630E-02    7.364635E-01    6.497298E-01    3.504167E-01 
   475   -2.168289E-02    7.165854E-01    6.251259E-01    3.799986E-01 
   476   -2.026073E-02    6.972038E-01    6.013769E-01    4.126302E-01 
   477   -1.879986E-02    6.781896E-01    5.783203E-01    4.475478E-01 
   478   -1.730166E-02    6.591516E-01    5.555019E-01    4.828925E-01 
   479   -1.576466E-02    6.396397E-01    5.324129E-01    5.170460E-01 
   480   -1.417995E-02    6.194942E-01    5.088994E-01    5.499680E-01 
   481   -1.253384E-02    5.991769E-01    4.855157E-01    5.814626E-01 
   482   -1.082080E-02    5.799771E-01    4.637074E-01    6.113174E-01 
   483   -9.046805E-03    5.635274E-01    4.452307E-01    6.408663E-01 
   484   -7.227206E-03    5.509129E-01    4.311857E-01    6.704377E-01 
   485   -5.382888E-03    5.423901E-01    4.217466E-01    6.958180E-01 
   486   -3.516230E-03    5.377051E-01    4.165417E-01    7.112625E-01 
   487   -1.625915E-03    5.361008E-01    4.146502E-01    7.134231E-01 
   488    2.485004E-04    5.361650E-01    4.144446E-01    7.057372E-01 
   489    2.087295E-03    5.369078E-01    4.147685E-01    6.941078E-01 
   490    3.951870E-03    5.388677E-01    4.161511E-01    6.801432E-01 
   491    5.867181E-03    5.424221E-01    4.190234E-01    6.695467E-01 
   492    7.687215E-03    5.455372E-01    4.214693E-01    6.737502E-01 
   493    9.442182E-03    5.463137E-01    4.217483E-01    6.825516E-01 
   494    1.129792E-02    5.436480E-01    4.199244E-01    6.848474E-01 
   495    1.319363E-02    5.366664E-01    4.183091E-01    6.836725E-01 
   496    1.498874E-02    5.263235E-01    4.192175E-01    6.807408E-01 
   497    1.682077E-02    5.145850E-01    4.222460E-01    6.695016E-01 
   498    1.903409E-02    5.034837E-01    4.284192E-01    6.590920E-01 
   499    2.117975E-02    4.945319E-01    4.469168E-01    6.647944E-01 
   500    2.117999E-02    4.945308E-01    3.434898E-01    6.532522E-01 
   501    2.242833E-02    4.878668E-01    3.685212E-01    6.720521E-01 
   502    2.329709E-02    4.829687E-01    3.933697E-01    6.839612E-01 
   503    2.391845E-02    4.792744E-01    4.153578E-01    6.874787E-01 
   504    2.438285E-02    4.766388E-01    4.316491E-01    6.844983E-01 
   505    2.490714E-02    4.737140E-01    4.403289E-01    6.878199E-01 
   506    2.546192E-02    4.704760E-01    4.429723E-01    6.925484E-01 
   507    2.591102E-02    4.678256E-01    4.423242E-01    6.910535E-01 
   508    2.626216E-02    4.658736E-01    4.403054E-01    6.848158E-01 
   509    2.672733E-02    4.635514E-01    4.373540E-01    6.800653E-01 
   510    2.732398E-02    4.607415E-01    4.339648E-01    6.781398E-01 
   511    2.795653E-02    4.579259E-01    4.305683E-01    6.753257E-01 
   512    2.859404E-02    4.552933E-01    4.273054E-01    6.717991E-01 
   513    2.922127E-02    4.529253E-01    4.242859E-01    6.682541E-01 
   514    2.976624E-02    4.510671E-01    4.217726E-01    6.632252E-01 
   515    3.027356E-02    4.495709E-01    4.196477E-01    6.570071E-01 
   516    3.079153E-02    4.483138E-01    4.178184E-01    6.501006E-01 
   517    3.135010E-02    4.472725E-01    4.163131E-01    6.444123E-01 
   518    3.189829E-02    4.465593E-01    4.152245E-01    6.387079E-01 
   519    3.245442E-02    4.461906E-01    4.145814E-01    6.348982E-01 
   520    3.302551E-02    4.461888E-01    4.144170E-01    6.344241E-01 
   521    3.361161E-02    4.465790E-01    4.147803E-01    6.385992E-01 
   522    3.420174E-02    4.473431E-01    4.156365E-01    6.460040E-01 
   523    3.478395E-02    4.484205E-01    4.169098E-01    6.537313E-01 
   524    3.535476E-02    4.497321E-01    4.184888E-01    6.606620E-01 
   525    3.591672E-02    4.511696E-01    4.202383E-01    6.672897E-01 
   526    3.647085E-02    4.525918E-01    4.219696E-01    6.734747E-01 
   527    3.701527E-02    4.538643E-01    4.235083E-01    6.784910E-01 
   528    3.755197E-02    4.548778E-01    4.247055E-01    6.824729E-01 
   529    3.808489E-02    4.555253E-01    4.254274E-01    6.857688E-01 
   530    3.861687E-02    4.556939E-01    4.255250E-01    6.884158E-01 
   531    3.914964E-02    4.552730E-01    4.248532E-01    6.902052E-01 
   532    3.968449E-02    4.541610E-01    4.232736E-01    6.910201E-01 
   533    4.022177E-02    4.522705E-01    4.206652E-01    6.906035E-01 
   534    4.076174E-02    4.495384E-01    4.169439E-01    6.884791E-01 
   535    4.130489E-02    4.459273E-01    4.120599E-01    6.843532E-01 
   536    4.185242E-02    4.414138E-01    4.059897E-01    6.778539E-01 
   537    4.240568E-02    4.359902E-01    3.987402E-01    6.685986E-01 
   538    4.296651E-02    4.296624E-01    3.903340E-01    6.561169E-01 
   539    4.353721E-02    4.224394E-01    3.808100E-01    6.397975E-01 
   540    4.412019E-02    4.143416E-01    3.702197E-01    6.199273E-01 
   541    4.471837E-02    4.053957E-01    3.586313E-01    5.967267E-01 
   542    4.533386E-02    3.956582E-01    3.461513E-01    5.694676E-01 
   543    4.596948E-02    3.852048E-01    3.329169E-01    5.378091E-01 
   544    4.662747E-02    3.741432E-01    3.190924E-01    5.021640E-01 
   545    4.731069E-02    3.626015E-01    3.048848E-01    4.632721E-01 
   546    4.802055E-02    3.507710E-01    2.905527E-01    4.211011E-01 
   547    4.875910E-02    3.388616E-01    2.763775E-01    3.759072E-01 
   548    4.952723E-02    3.271151E-01    2.626453E-01    3.288831E-01 
   549    5.032604E-02    3.157719E-01    2.496392E-01    2.817126E-01 
   550    5.115491E-02    3.050844E-01    2.376152E-01    2.355295E-01 
   551    5.201289E-02    2.952644E-01    2.267758E-01    1.917482E-01 
   552    5.289789E-02    2.864783E-01    2.172511E-01    1.520116E-01 
   553    5.380734E-02    2.788286E-01    2.090979E-01    1.175354E-01 
   554    5.473775E-02    2.723515E-01    2.022954E-01    8.874070E-02 
   555    5.568563E-02    2.670107E-01    1.967575E-01    6.554748E-02 
   556    5.664748E-02    2.627195E-01    1.923526E-01    4.743175E-02 
   557    5.762024E-02    2.593533E-01    1.889250E-01    3.376551E-02 
   558    5.860120E-02    2.567725E-01    1.863121E-01    2.366287E-02 
   559    5.958819E-02    2.548339E-01    1.843567E-01    1.633077E-02 
   560    6.057956E-02    2.534041E-01    1.829183E-01    1.111775E-02 
   561    6.157402E-02    2.523674E-01    1.818768E-01    7.475365E-03 
   562    6.257064E-02    2.516273E-01    1.811338E-01    4.968206E-03 
   563    6.356874E-02    2.511061E-01    1.806107E-01    3.265193E-03 
   564    6.456785E-02    2.507438E-01    1.802471E-01    2.122317E-03 
   565    6.556762E-02    2.504949E-01    1.799972E-01    1.363994E-03 
   566    6.656784E-02    2.503259E-01    1.798274E-01    8.664041E-04 
   567    6.756834E-02    2.502123E-01    1.797133E-01    5.435639E-04 
   568    6.856903E-02    2.501369E-01    1.796375E-01    3.364908E-04 
   569    6.956984E-02    2.500873E-01    1.795877E-01    2.052425E-04 
   570    7.057073E-02    2.500550E-01    1.795553E-01    1.231108E-04 
   571    7.157166E-02    2.500342E-01    1.795344E-01    7.242972E-05 
   572    7.257262E-02    2.500210E-01    1.795211E-01    4.163078E-05 
   573    7.357360E-02    2.500127E-01    1.795128E-01    2.325316E-05 
   574    7.457459E-02    2.500076E-01    1.795076E-01    1.252112E-05 
   575    7.557558E-02    2.500044E-01    1.795044E-01    6.411492E-06 
   576    7.657658E-02    2.500025E-01    1.795025E-01    3.044183E-06 
   577    7.757758E-02    2.500014E-01    1.795014E-01    1.248700E-06 
   578    7.857858E-02    2.500008E-01    1.795008E-01    3.438345E-07 
   579    7.957958E-02    2.500004E-01    1.795004E-01   -4.948445E-08 
   580    8.058058E-02    2.500002E-01    1.795002E-01   -1.741976E-07 
   581    8.158158E-02    2.500001E-01    1.795001E-01   -1.788201E-07 
   582    8.258258E-02    2.500000E-01    1.795000E-01   -1.405936E-07 
   583    8.358358E-02    2.500000E-01    1.795000E-01   -9.636711E-08 
   584    8.458458E-02    2.500000E-01    1.795000E-01   -5.989189E-08 
   585    8.558559E-02    2.500000E-01    1.795000E-01   -3.409130E-08 
   586    8.658659E-02    2.500000E-01    1.795000E-01   -1.772635E-08 
   587    8.758759E-02    2.500000E-01    1.795000E-01   -8.154548E-09 
   588    8.858859E-02    2.500000E-01    1.795000E-01   -3.035280E-09 
   589    8.958959E-02    2.500000E-01    1.795000E-01   -5.659184E-10 
   590    9.059059E-02    2.500000E-01    1.795000E-01    4.881505E-10 
   591    9.159159E-02    2.500000E-01    1.795000E-01    8.397522E-10 
   592    9.259259E-02    2.500000E-01    1.795000E-01    8.588840E-10 
   593    9.359359E-02    2.500000E-01    1.795000E-01    7.431489E-10 
   594    9.459459E-02    2.500000E-01    1.795000E-01    5.890545E-10 
   595    9.559560E-02    2.500000E-01    1.795000E-01    4.403915E-10 
   596    9.659660E-02    2.500000E-01    1.795000E-01    3.150088E-10 
   597    9.759760E-02    2.500000E-01    1.795000E-01    2.172773E-10 
   598    9.859860E-02    2.500000E-01    1.795000E-01    1.452710E-10 
   599    9.959960E-02    2.500000E-01    1.795000E-01    9.445815E-11 
   600    1.006006E-01    2.500000E-01    1.795000E-01    5.979428E-11 
   601    1.016016E-01    2.500000E-01    1.795000E-01    3.683044E-11 
   602    1.026026E-01    2.500000E-01    1.795000E-01    2.203209E-11 
   603    1.036036E-01    2.500000E-01    1.795000E-01    1.276021E-11 
   604    1.046046E-01    2.500000E-01    1.795000E-01    7.115499E-12 
   605    1.056056E-01    2.500000E-01    1.795000E-01    3.785068E-12 
   606    1.066066E-01    2.500000E-01    1.795000E-01    1.888493E-12 
   607    1.076076E-01    2.500000E-01    1.795000E-01    8.491323E-13 
   608    1.086086E-01    2.500000E-01    1.795000E-01    3.039336E-13 
   609    1.096096E-01    2.500000E-01    1.795000E-01    5.205419E-14 
   610    1.106106E-01    2.500000E-01    1.795000E-01   -4.418862E-14 
   611    1.116116E-01    2.500000E-01    1.795000E-01   -6.495257E-14 
   612    1.126126E-01    2.500000E-01    1.795000E-01   -5.626528E-14 
   613    1.136136E-01    2.500000E-01    1.795000E-01   -3.992391E-14 
   614    1.146146E-01    2.500000E-01    1.795000E-01   -2.640402E-14 
   615    1.156156E-01    2.500000E-01    1.795000E-01   -1.588103E-14 
   616    1.166166E-01    2.500000E-01    1.795000E-01   -9.025441E-15 
   617    1.176176E-01    2.500000E-01    1.795000E-01   -5.039087E-15 
   618    1.186186E-01    2.500000E-01    1.795000E-01   -2.520145E-15 
   619    1.196196E-01    2.500000E-01    1.795000E-01   -1.632431E-15 
   620    1.206206E-01    2.500000E-01    1.795000E-01   -8.618865E-16 
   621    1.216216E-01    2.500000E-01    1.795000E-01   -5.240119E-16 
   622    1.226226E-01    2.500000E-01    1.795000E-01   -5.140056E-16 
   623    1.236236E-01    2.500000E-01    1.795000E-01   -1.544569E-16 
   624    1.246246E-01    2.500000E-01    1.795000E-01   -5.141341E-16 
   625    1.256256E-01    2.500000E-01    1.795000E-01    7.828782E-17 
   626    1.266266E-01    2.500000E-01    1.795000E-01   -2.762986E-16 
   627    1.276276E-01    2.500000E-01    1.795000E-01   -3.698079E-16 
   628    1.286286E-01    2.500000E-01    1.795000E-01    1.726971E-16 
   629    1.296296E-01    2.500000E-01    1.795000E-01   -2.979583E-16 
   630    1.306306E-01    2.500000E-01    1.795000E-01    1.838399E-16 
   631    1.316316E-01    2.500000E-01    1.795000E-01   -3.753614E-16 
   632    1.326326E-01    2.500000E-01    1.795000E-01   -4.058197E-16 
   633    1.336336E-01    2.500000E-01    1.795000E-01    1.006580E-16 
   634    1.346346E-01    2.500000E-01    1.795000E-01   -3.699861E-16 
   635    1.356356E-01    2.500000E-01    1.795000E-01    1.117880E-16 
   636    1.366366E-01    2.500000E-01    1.795000E-01   -4.023784E-16 
   637    1.376376E-01    2.500000E-01    1.795000E-01   -4.778564E-16 
   638    1.386386E-01    2.500000E-01    1.795000E-01    1.006580E-16 
   639    1.396396E-01    2.500000E-01    1.795000E-01   -3.699806E-16 
   640    1.406406E-01    2.500000E-01    1.795000E-01    1.117880E-16 
   641    1.416416E-01    2.500000E-01    1.795000E-01   -4.023784E-16 
   642    1.426426E-01    2.500000E-01    1.795000E-01   -4.778548E-16 
   643    1.436436E-01    2.500000E-01    1.795000E-01    1.006580E-16 
   644    1.446446E-01    2.500000E-01    1.795000E-01   -3.699806E-16 
   645    1.456456E-01    2.500000E-01    1.795000E-01    1.117880E-16 
   646    1.466466E-01    2.500000E-01    1.795000E-01   -4.023784E-16 
   647    1.476476E-01    2.500000E-01    1.795000E-01   -4.778548E-16 
   648    1.486486E-01    2.500000E-01    1.795000E-01    1.006580E-16 
   649    1.496496E-01    2.500000E-01    1.795000E-01   -3.699806E-16 
   650    1.506507E-01    2.500000E-01    1.795000E-01    1.008069E-16 
   651    1.516517E-01    2.500000E-01    1.795000E-01   -2.796572E-16 
   652    1.526527E-01    2.500000E-01    1.795000E-01   -4.744772E-16 
   653    1.536537E-01    2.500000E-01    1.795000E-01    1.838317E-16 
   654    1.546547E-01    2.500000E-01    1.795000E-01   -3.925003E-16 
   655    1.556557E-01    2.500000E-01    1.795000E-01    2.453351E-16 
   656    1.566567E-01    2.500000E-01    1.795000E-01   -2.268940E-16 
   657    1.576577E-01    2.500000E-01    1.795000E-01   -2.543725E-16 
   658    1.586587E-01    2.500000E-01    1.795000E-01    4.474044E-16 
   659    1.596597E-01    2.500000E-01    1.795000E-01    1.352202E-16 
   660    1.606607E-01    2.500000E-01    1.795000E-01    1.239242E-15 
   661    1.616617E-01    2.500000E-01    1.795000E-01    1.096188E-15 
   662    1.626627E-01    2.500000E-01    1.795000E-01    1.031338E-15 
   663    1.636637E-01    2.500000E-01    1.795000E-01    1.349664E-15 
   664    1.646647E-01    2.500000E-01    1.795000E-01    8.967063E-16 
   665    1.656657E-01    2.500000E-01    1.795000E-01    7.880874E-16 
   666    1.666667E-01    2.500000E-01    1.795000E-01    2.920391E-16 
   667    1.676677E-01    2.500000E-01    1.795000E-01   -9.685329E-16 
   668    1.686687E-01    2.500000E-01    1.795000E-01   -9.412521E-16 
   669    1.696697E-01    2.500000E-01    1.795000E-01   -3.612307E-16 
   670    1.706707E-01    2.500000E-01    1.795000E-01    8.277632E-16 
   671    1.716717E-01    2.500000E-01    1.795000E-01    1.676460E-15 
   672    1.726727E-01    2.500000E-01    1.795000E-01    2.986909E-15 
   673    1.736737E-01    2.500000E-01    1.795000E-01    1.171627E-15 
   674    1.746747E-01    2.500000E-01    1.795000E-01    2.976153E-16 
   675    1.756757E-01    2.500000E-01    1.795000E-01   -3.365599E-16 
   676    1.766767E-01    2.500000E-01    1.795000E-01   -1.187390E-15 
   677    1.776777E-01    2.500000E-01    1.795000E-01   -3.092748E-15 
   678    1.786787E-01    2.500000E-01    1.795000E-01   -1.833122E-15 
   679    1.796797E-01    2.500000E-01    1.795000E-01   -8.628634E-16 
   680    1.806807E-01    2.500000E-01    1.795000E-01    3.369511E-16 
   681    1.816817E-01    2.500000E-01    1.795000E-01    6.577799E-16 
   682    1.826827E-01    2.500000E-01    1.795000E-01    6.680163E-16 
   683    1.836837E-01    2.500000E-01    1.795000E-01   -3.546533E-16 
   684    1.846847E-01    2.500000E-01    1.795000E-01   -9.654836E-16 
   685    1.856857E-01    2.500000E-01    1.795000E-01   -1.230950E-15 
   686    1.866867E-01    2.500000E-01    1.795000E-01   -1.290737E-15 
   687    1.876877E-01    2.500000E-01    1.795000E-01   -1.035946E-15 
   688    1.886887E-01    2.500000E-01    1.795000E-01   -1.452004E-15 
   689    1.896897E-01    2.500000E-01    1.795000E-01   -8.258580E-16 
   690    1.906907E-01    2.500000E-01    1.795000E-01   -5.240119E-16 
   691    1.916917E-01    2.500000E-01    1.795000E-01   -6.220902E-16 
   692    1.926927E-01    2.500000E-01    1.795000E-01   -2.197577E-16 
   693    1.936937E-01    2.500000E-01    1.795000E-01   -6.222187E-16 
   694    1.946947E-01    2.500000E-01    1.795000E-01    7.828782E-17 
   695    1.956957E-01    2.500000E-01    1.795000E-01   -2.762986E-16 
   696    1.966967E-01    2.500000E-01    1.795000E-01   -3.698079E-16 
   697    1.976977E-01    2.500000E-01    1.795000E-01    1.726971E-16 
   698    1.986987E-01    2.500000E-01    1.795000E-01   -2.979583E-16 
   699    1.996997E-01    2.500000E-01    1.795000E-01    1.838399E-16 
   700    2.007007E-01    2.500000E-01    1.795000E-01   -3.753614E-16 
   701    2.017017E-01    2.500000E-01    1.795000E-01   -4.058197E-16 
   702    2.027027E-01    2.500000E-01    1.795000E-01    1.006580E-16 
   703    2.037037E-01    2.500000E-01    1.795000E-01   -3.699861E-16 
   704    2.047047E-01    2.500000E-01    1.795000E-01    1.117880E-16 
   705    2.057057E-01    2.500000E-01    1.795000E-01   -4.023784E-16 
   706    2.067067E-01    2.500000E-01    1.795000E-01   -4.778564E-16 
   707    2.077077E-01    2.500000E-01    1.795000E-01    1.006580E-16 
   708    2.087087E-01    2.500000E-01    1.795000E-01   -3.699806E-16 
   709    2.097097E-01    2.500000E-01    1.795000E-01    1.008069E-16 
   710    2.107107E-01    2.500000E-01    1.795000E-01   -2.796572E-16 
   711    2.117117E-01    2.500000E-01    1.795000E-01   -4.744772E-16 
   712    2.127127E-01    2.500000E-01    1.795000E-01    1.838317E-16 
   713    2.137137E-01    2.500000E-01    1.795000E-01   -3.925003E-16 
   714    2.147147E-01    2.500000E-01    1.795000E-01    2.453351E-16 
   715    2.157157E-01    2.500000E-01    1.795000E-01   -2.268940E-16 
   716    2.167167E-01    2.500000E-01    1.795000E-01   -2.543725E-16 
   717    2.177177E-01    2.500000E-01    1.795000E-01    4.474044E-16 
   718    2.187187E-01    2.500000E-01    1.795000E-01    1.352202E-16 
   719    2.197197E-01    2.500000E-01    1.795000E-01    1.239242E-15 
   720    2.207207E-01    2.500000E-01    1.795000E-01    1.096188E-15 
   721    2.217217E-01    2.500000E-01    1.795000E-01    1.031338E-15 
   722    2.227227E-01    2.500000E-01    1.795000E-01    1.349664E-15 
   723    2.237237E-01    2.500000E-01    1.795000E-01    8.967063E-16 
   724    2.247247E-01    2.500000E-01    1.795000E-01    7.880874E-16 
   725    2.257257E-01    2.500000E-01    1.795000E-01    2.920391E-16 
   726    2.267267E-01    2.500000E-01    1.795000E-01   -9.685329E-16 
   727    2.277277E-01    2.500000E-01    1.795000E-01   -9.412521E-16 
   728    2.287287E-01    2.500000E-01    1.795000E-01   -3.612307E-16 
   729    2.297297E-01    2.500000E-01    1.795000E-01    8.277632E-16 
   730    2.307307E-01    2.500000E-01    1.795000E-01    1.676460E-15 
   731    2.317317E-01    2.500000E-01    1.795000E-01    2.986909E-15 
   732    2.327327E-01    2.500000E-01    1.795000E-01    1.171627E-15 
   733    2.337337E-01    2.500000E-01    1.795000E-01    2.976153E-16 
   734    2.347347E-01    2.500000E-01    1.795000E-01   -3.365599E-16 
   735    2.357357E-01    2.500000E-01    1.795000E-01   -1.187390E-15 
   736    2.367367E-01    2.500000E-01    1.795000E-01   -3.092748E-15 
   737    2.377377E-01    2.500000E-01    1.795000E-01   -1.833122E-15 
   738    2.387387E-01    2.500000E-01    1.795000E-01   -8.628634E-16 
   739    2.397397E-01    2.500000E-01    1.795000E-01    3.369511E-16 
   740    2.407407E-01    2.500000E-01    1.795000E-01    6.577799E-16 
   741    2.417417E-01    2.500000E-01    1.795000E-01    6.680163E-16 
   742    2.427427E-01    2.500000E-01    1.795000E-01   -3.546533E-16 
   743    2.437437E-01    2.500000E-01    1.795000E-01   -9.654836E-16 
   744    2.447447E-01    2.500000E-01    1.795000E-01   -1.230950E-15 
   745    2.457457E-01    2.500000E-01    1.795000E-01   -1.290737E-15 
   746    2.467467E-01    2.500000E-01    1.795000E-01   -1.035946E-15 
   747    2.477477E-01    2.500000E-01    1.795000E-01   -1.452004E-15 
   748    2.487487E-01    2.500000E-01    1.795000E-01   -8.258580E-16 
   749    2.497497E-01    2.500000E-01    1.795000E-01   -5.240119E-16 
   750    2.507508E-01    2.500000E-01    1.795000E-01   -6.220902E-16 
   751    2.517518E-01    2.500000E-01    1.795000E-01   -2.197577E-16 
   752    2.527528E-01    2.500000E-01    1.795000E-01   -6.222187E-16 
   753    2.537538E-01    2.500000E-01    1.795000E-01    7.828782E-17 
   754    2.547548E-01    2.500000E-01    1.795000E-01   -2.762986E-16 
   755    2.557558E-01    2.500000E-01    1.795000E-01   -3.698079E-16 
   756    2.567568E-01    2.500000E-01    1.795000E-01    1.726971E-16 
   757    2.577578E-01    2.500000E-01    1.795000E-01   -2.979583E-16 
   758    2.587588E-01    2.500000E-01    1.795000E-01    1.838399E-16 
   759    2.597598E-01    2.500000E-01    1.795000E-01   -3.753614E-16 
   760    2.607608E-01    2.500000E-01    1.795000E-01   -4.058197E-16 
   761    2.617618E-01    2.500000E-01    1.795000E-01    1.006580E-16 
   762    2.627628E-01    2.500000E-01    1.795000E-01   -3.699861E-16 
   763    2.637638E-01    2.500000E-01    1.795000E-01    1.117880E-16 
   764    2.647648E-01    2.500000E-01    1.795000E-01   -4.023784E-16 
   765    2.657658E-01    2.500000E-01    1.795000E-01   -4.778564E-16 
   766    2.667668E-01    2.500000E-01    1.795000E-01    1.006580E-16 
   767    2.677678E-01    2.500000E-01    1.795000E-01   -3.699806E-16 
   768    2.687688E-01    2.500000E-01    1.795000E-01    1.117880E-16 
   769    2.697698E-01    2.500000E-01    1.795000E-01   -4.023784E-16 
   770    2.707708E-01    2.500000E-01    1.795000E-01   -4.778548E-16 
   771    2.717718E-01    2.500000E-01    1.795000E-01    1.006580E-16 
   772    2.727728E-01    2.500000E-01    1.795000E-01   -3.699806E-16 
   773    2.737738E-01    2.500000E-01    1.795000E-01    1.117880E-16 
   774    2.747748E-01    2.500000E-01    1.795000E-01   -4.023784E-16 
   775    2.757758E-01    2.500000E-01    1.795000E-01   -4.778548E-16 
   776    2.767768E-01    2.500000E-01    1.795000E-01    1.006580E-16 
   777    2.777778E-01    2.500000E-01    1.795000E-01   -3.699806E-16 
   778    2.787788E-01    2.500000E-01    1.795000E-01    1.008069E-16 
   779    2.797798E-01    2.500000E-01    1.795000E-01   -2.796572E-16 
   780    2.807808E-01    2.500000E-01    1.795000E-01   -4.744772E-16 
   781    2.817818E-01    2.500000E-01    1.795000E-01    1.838317E-16 
   782    2.827828E-01    2.500000E-01    1.795000E-01   -3.925003E-16 
   783    2.837838E-01    2.500000E-01    1.795000E-01    2.453351E-16 
   784    2.847848E-01    2.500000E-01    1.795000E-01   -2.268940E-16 
   785    2.857858E-01    2.500000E-01    1.795000E-01   -2.543725E-16 
   786    2.867868E-01    2.500000E-01    1.795000E-01    4.474044E-16 
   787    2.877878E-01    2.500000E-01    1.795000E-01    1.352202E-16 
   788    2.887888E-01    2.500000E-01    1.795000E-01    1.239242E-15 
   789    2.897898E-01    2.500000E-01    1.795000E-01    1.096188E-15 
   790    2.907908E-01    2.500000E-01    1.795000E-01    1.031338E-15 
   791    2.917918E-01    2.500000E-01    1.795000E-01    1.349664E-15 
   792    2.927928E-01    2.500000E-01    1.795000E-01    8.967063E-16 
   793    2.937938E-01    2.500000E-01    1.795000E-01    7.880874E-16 
   794    2.947948E-01    2.500000E-01    1.795000E-01    2.920391E-16 
   795    2.957958E-01    2.500000E-01    1.795000E-01   -9.685329E-16 
   796    2.967968E-01    2.500000E-01    1.795000E-01   -9.412521E-16 
   797    2.977978E-01    2.500000E-01    1.795000E-01   -3.612307E-16 
   798    2.987988E-01    2.500000E-01    1.795000E-01    8.277632E-16 
   799    2.997998E-01    2.500000E-01    1.795000E-01    1.676460E-15 
   800    3.008008E-01    2.500000E-01    1.795000E-01    2.986909E-15 
   801    3.018018E-01    2.500000E-01    1.795000E-01    1.171627E-15 
   802    3.028028E-01    2.500000E-01    1.795000E-01    2.976153E-16 
   803    3.038038E-01    2.500000E-01    1.795000E-01   -3.365599E-16 
   804    3.048048E-01    2.500000E-01    1.795000E-01   -1.187390E-15 
   805    3.058058E-01    2.500000E-01    1.795000E-01   -3.092748E-15 
   806    3.068068E-01    2.500000E-01    1.795000E-01   -1.833122E-15 
   807    3.078078E-01    2.500000E-01    1.795000E-01   -8.628634E-16 
   808    3.088088E-01    2.500000E-01    1.795000E-01    3.369511E-16 
   809    3.098098E-01    2.500000E-01    1.795000E-01    6.577799E-16 
   810    3.108108E-01    2.500000E-01    1.795000E-01    6.680163E-16 
   811    3.118118E-01    2.500000E-01    1.795000E-01   -3.546533E-16 
   812    3.128128E-01    2.500000E-01    1.795000E-01   -9.654836E-16 
   813    3.138138E-01    2.500000E-01    1.795000E-01   -1.230950E-15 
   814    3.148148E-01    2.500000E-01    1.795000E-01   -1.290737E-15 
   815    3.158158E-01    2.500000E-01    1.795000E-01   -1.035946E-15 
   816    3.168168E-01    2.500000E-01    1.795000E-01   -1.452004E-15 
   817    3.178178E-01    2.500000E-01    1.795000E-01   -8.258580E-16 
   818    3.188188E-01    2.500000E-01    1.795000E-01   -5.240119E-16 
   819    3.198198E-01    2.500000E-01    1.795000E-01   -6.220902E-16 
   820    3.208208E-01    2.500000E-01    1.795000E-01   -2.197577E-16 
   821    3.218218E-01    2.500000E-01    1.795000E-01   -6.222187E-16 
   822    3.228228E-01    2.500000E-01    1.795000E-01    7.828782E-17 
   823    3.238238E-01    2.500000E-01    1.795000E-01   -2.762986E-16 
   824    3.248248E-01    2.500000E-01    1.795000E-01   -3.698079E-16 
   825    3.258258E-01    2.500000E-01    1.795000E-01    1.726971E-16 
   826    3.268268E-01    2.500000E-01    1.795000E-01   -2.979583E-16 
   827    3.278278E-01    2.500000E-01    1.795000E-01    1.838399E-16 
   828    3.288288E-01    2.500000E-01    1.795000E-01   -3.753614E-16 
   829    3.298298E-01    2.500000E-01    1.795000E-01   -4.058197E-16 
   830    3.308308E-01    2.500000E-01    1.795000E-01    1.006580E-16 
   831    3.318318E-01    2.500000E-01    1.795000E-01   -3.699861E-16 
   832    3.328328E-01    2.500000E-01    1.795000E-01    1.117880E-16 
   833    3.338338E-01    2.500000E-01    1.795000E-01   -4.023784E-16 
   834    3.348348E-01    2.500000E-01    1.795000E-01   -4.778564E-16 
   835    3.358358E-01    2.500000E-01    1.795000E-01    1.006580E-16 
   836    3.368368E-01    2.500000E-01    1.795000E-01   -3.699806E-16 
   837    3.378378E-01    2.500000E-01    1.795000E-01    1.008069E-16 
   838    3.388388E-01    2.500000E-01    1.795000E-01   -2.796572E-16 
   839    3.398398E-01    2.500000E-01    1.795000E-01   -4.744772E-16 
   840    3.408408E-01    2.500000E-01    1.795000E-01    1.838317E-16 
   841    3.418418E-01    2.500000E-01    1.795000E-01   -3.925003E-16 
   842    3.428428E-01    2.500000E-01    1.795000E-01    2.453351E-16 
   843    3.438438E-01    2.500000E-01    1.795000E-01   -2.268940E-16 
   844    3.448448E-01    2.500000E-01    1.795000E-01   -2.543725E-16 
   845    3.458458E-01    2.500000E-01    1.795000E-01    4.474044E-16 
   846    3.468468E-01    2.500000E-01    1.795000E-01    1.352202E-16 
   847    3.478478E-01    2.500000E-01    1.795000E-01    1.239242E-15 
   848    3.488488E-01    2.500000E-01    1.795000E-01    1.096188E-15 
   849    3.498498E-01    2.500000E-01    1.795000E-01    1.031338E-15 
   850    3.508509E-01    2.500000E-01    1.795000E-01    1.349664E-15 
   851    3.518519E-01    2.500000E-01    1.795000E-01    8.967063E-16 
   852    3.528529E-01    2.500000E-01    1.795000E-01    7.880874E-16 
   853    3.538539E-01    2.500000E-01    1.795000E-01    2.920391E-16 
   854    3.548549E-01    2.500000E-01    1.795000E-01   -9.685329E-16 
   855    3.558559E-01    2.500000E-01    1.795000E-01   -9.412521E-16 
   856    3.568569E-01    2.500000E-01    1.795000E-01   -3.612307E-16 
   857    3.578579E-01    2.500000E-01    1.795000E-01    8.277632E-16 
   858    3.588589E-01    2.500000E-01    1.795000E-01    1.676460E-15 
   859    3.598599E-01    2.500000E-01    1.795000E-01    2.986909E-15 
   860    3.608609E-01    2.500000E-01    1.795000E-01    1.171627E-15 
   861    3.618619E-01    2.500000E-01    1.795000E-01    2.976153E-16 
   862    3.628629E-01    2.500000E-01    1.795000E-01   -3.365599E-16 
   863    3.638639E-01    2.500000E-01    1.795000E-01   -1.187390E-15 
   864    3.648649E-01    2.500000E-01    1.795000E-01   -3.092748E-15 
   865    3.658659E-01    2.500000E-01    1.795000E-01   -1.833122E-15 
   866    3.668669E-01    2.500000E-01    1.795000E-01   -8.628634E-16 
   867    3.678679E-01    2.500000E-01    1.795000E-01    3.369511E-16 
   868    3.688689E-01    2.500000E-01    1.795000E-01    6.577799E-16 
   869    3.698699E-01    2.500000E-01    1.795000E-01    6.680163E-16 
   870    3.708709E-01    2.500000E-01    1.795000E-01   -3.546533E-16 
   871    3.718719E-01    2.500000E-01    1.795000E-01   -9.654836E-16 
   872    3.728729E-01    2.500000E-01    1.795000E-01   -1.230950E-15 
   873    3.738739E-01    2.500000E-01    1.795000E-01   -1.290737E-15 
   874    3.748749E-01    2.500000E-01    1.795000E-01   -1.042279E-15 
   875    3.758759E-01    2.500000E-01    1.795000E-01   -1.448907E-15 
   876    3.768769E-01    2.500000E-01    1.795000E-01   -8.134733E-16 
   877    3.778779E-01    2.500000E-01    1.795000E-01   -4.955834E-16 
   878    3.788789E-01    2.500000E-01    1.795000E-01   -5.821213E-16 
   879    3.798799E-01    2.500000E-01    1.795000E-01   -2.546597E-16 
   880    3.808809E-01    2.500000E-01    1.795000E-01   -8.006710E-16 
   881    3.818819E-01    2.500000E-01    1.795000E-01   -7.437455E-16 
   882    3.828829E-01    2.500000E-01    1.795000E-01   -2.437427E-15 
   883    3.838839E-01    2.500000E-01    1.795000E-01   -4.636754E-15 
   884    3.848849E-01    2.500000E-01    1.795000E-01   -8.113365E-15 
   885    3.858859E-01    2.500000E-01    1.795000E-01   -1.316973E-14 
   886    3.868869E-01    2.500000E-01    1.795000E-01   -2.045579E-14 
   887    3.878879E-01    2.500000E-01    1.795000E-01   -3.083263E-14 
   888    3.888889E-01    2.500000E-01    1.795000E-01   -4.463212E-14 
   889    3.898899E-01    2.500000E-01    1.795000E-01   -6.353116E-14 
   890    3.908909E-01    2.500000E-01    1.795000E-01   -8.698263E-14 
   891    3.918919E-01    2.500000E-01    1.795000E-01   -1.127313E-13 
   892    3.928929E-01    2.500000E-01    1.795000E-01   -1.356311E-13 
   893    3.938939E-01    2.500000E-01    1.795000E-01   -1.447339E-13 
   894    3.948949E-01    2.500000E-01    1.795000E-01   -1.172670E-13 
   895    3.958959E-01    2.500000E-01    1.795000E-01   -1.592791E-14 
   896    3.968969E-01    2.500000E-01    1.795000E-01    2.349838E-13 
   897    3.978979E-01    2.500000E-01    1.795000E-01    7.621190E-13 
   898    3.988989E-01    2.500000E-01    1.795000E-01    1.766385E-12 
   899    3.998999E-01    2.500000E-01    1.795000E-01    3.480000E-12 
   900    4.009009E-01    2.500000E-01    1.795000E-01    6.130544E-12 
   901    4.019019E-01    2.500000E-01    1.795000E-01    9.760750E-12 
   902    4.029029E-01    2.500000E-01    1.795000E-01    1.382949E-11 
   903    4.039039E-01    2.500000E-01    1.795000E-01    1.645305E-11 
   904    4.049049E-01    2.500000E-01    1.795000E-01    1.303111E-11 
   905    4.059059E-01    2.500000E-01    1.795000E-01   -5.958611E-12 
   906    4.069069E-01    2.500000E-01    1.795000E-01   -5.709966E-11 
   907    4.079079E-01    2.500000E-01    1.795000E-01   -1.674173E-10 
   908    4.089089E-01    2.500000E-01    1.795000E-01   -3.773863E-10 
   909    4.099099E-01    2.500000E-01    1.795000E-01   -7.601161E-10 
   910    4.109109E-01    2.500000E-01    1.795000E-01   -1.434242E-09 
   911    4.119119E-01    2.500000E-01    1.795000E-01   -2.584621E-09 
   912    4.129129E-01    2.500000E-01    1.795000E-01   -4.497924E-09 
   913    4.139139E-01    2.500000E-01    1.795000E-01   -7.610989E-09 
   914    4.149149E-01    2.500000E-01    1.795000E-01   -1.257873E-08 
   915    4.159159E-01    2.500000E-01    1.795000E-01   -2.037860E-08 
   916    4.169169E-01    2.500000E-01    1.795000E-01   -3.244394E-08 
   917    4.179179E-01    2.500000E-01    1.795000E-01   -5.085222E-08 
   918    4.189189E-01    2.500000E-01    1.795000E-01   -7.858586E-08 
   919    4.199199E-01    2.500000E-01    1.795000E-01   -1.198765E-07 
   920    4.209209E-01    2.500001E-01    1.795001E-01   -1.806666E-07 
   921    4.219219E-01    2.500001E-01    1.795001E-01   -2.692237E-07 
   922    4.229229E-01    2.500001E-01    1.795001E-01   -3.969321E-07 
   923    4.239239E-01    2.500002E-01    1.795002E-01   -5.793147E-07 
   924    4.249249E-01    2.500002E-01    1.795003E-01   -8.373361E-07 
   925    4.259259E-01    2.500003E-01    1.795004E-01   -1.199031E-06 
   926    4.269269E-01    2.500005E-01    1.795005E-01   -1.701526E-06 
   927    4.279279E-01    2.500007E-01    1.795007E-01   -2.393521E-06 
   928    4.289289E-01    2.500009E-01    1.795009E-01   -3.338299E-06 
   929    4.299299E-01    2.500013E-01    1.795013E-01   -4.617316E-06 
   930    4.309309E-01    2.500017E-01    1.795017E-01   -6.334408E-06 
   931    4.319319E-01    2.500023E-01    1.795023E-01   -8.620603E-06 
   932    4.329329E-01    2.500031E-01    1.795031E-01   -1.163945E-05 
   933    4.339339E-01    2.500041E-01    1.795041E-01   -1.559282E-05 
   934    4.349349E-01    2.500053E-01    1.795054E-01   -2.072706E-05 
   935    4.359359E-01    2.500070E-01    1.795070E-01   -2.733953E-05 
   936    4.369368E-01    2.500090E-01    1.795091E-01   -3.578530E-05 
   937    4.379378E-01    2.500116E-01    1.795117E-01   -4.648371E-05 
   938    4.389388E-01    2.500149E-01    1.795149E-01   -5.992367E-05 
   939    4.399397E-01    2.500189E-01    1.795190E-01   -7.666630E-05 
   940    4.409406E-01    2.500238E-01    1.795239E-01   -9.734357E-05 
   941    4.419416E-01    2.500297E-01    1.795299E-01   -1.226522E-04 
   942    4.429425E-01    2.500369E-01    1.795371E-01   -1.533447E-04 
   943    4.439433E-01    2.500455E-01    1.795457E-01   -1.902200E-04 
   944    4.449441E-01    2.500557E-01    1.795560E-01   -2.341149E-04 
   945    4.459449E-01    2.500676E-01    1.795680E-01   -2.858899E-04 
   946    4.469457E-01    2.500815E-01    1.795819E-01   -3.463965E-04 
   947    4.479463E-01    2.500975E-01    1.795980E-01   -4.164112E-04 
   948    4.489470E-01    2.501157E-01    1.796163E-01   -4.965406E-04 
   949    4.499475E-01    2.501363E-01    1.796370E-01   -5.871252E-04 
   950    4.509480E-01    2.501593E-01    1.796602E-01   -6.881928E-04 
   951    4.519483E-01    2.501847E-01    1.796857E-01   -7.995152E-04 
   952    4.529486E-01    2.502123E-01    1.797134E-01   -9.207391E-04 
   953    4.539487E-01    2.502420E-01    1.797433E-01   -1.051445E-03 
   954    4.549487E-01    2.502735E-01    1.797749E-01   -1.190899E-03 
   955    4.559485E-01    2.503065E-01    1.798082E-01   -1.337397E-03 
   956    4.569483E-01    2.503407E-01    1.798426E-01   -1.487571E-03 
   957    4.579478E-01    2.503755E-01    1.798776E-01   -1.636533E-03 
   958    4.589473E-01    2.504098E-01    1.799121E-01   -1.778800E-03 
   959    4.599466E-01    2.504425E-01    1.799450E-01   -1.910509E-03 
   960    4.609457E-01    2.504722E-01    1.799749E-01   -2.032057E-03 
   961    4.619447E-01    2.504984E-01    1.800012E-01   -2.147520E-03 
   962    4.629435E-01    2.505211E-01    1.800241E-01   -2.259304E-03 
   963    4.639422E-01    2.505407E-01    1.800438E-01   -2.360289E-03 
   964    4.649409E-01    2.505563E-01    1.800594E-01   -2.429475E-03 
   965    4.659397E-01    2.505644E-01    1.800676E-01   -2.423664E-03 
   966    4.669387E-01    2.505599E-01    1.800631E-01   -2.320711E-03 
   967    4.679376E-01    2.505376E-01    1.800406E-01   -2.137189E-03 
   968    4.689360E-01    2.504952E-01    1.799979E-01   -1.970321E-03 
   969    4.699339E-01    2.504377E-01    1.799402E-01   -1.950872E-03 
   970    4.709316E-01    2.503764E-01    1.798785E-01   -2.060729E-03 
   971    4.719302E-01    2.503209E-01    1.798226E-01   -2.156489E-03 
   972    4.729315E-01    2.502731E-01    1.797746E-01   -1.814611E-03 
   973    4.739365E-01    2.502260E-01    1.797272E-01   -6.279962E-04 
   974    4.749401E-01    2.501671E-01    1.796680E-01    5.031448E-04 
   975    4.759365E-01    2.500968E-01    1.795973E-01    6.532153E-04 
   976    4.769312E-01    2.500236E-01    1.795237E-01    4.797550E-04 
   977    4.779263E-01    2.499596E-01    1.794594E-01   -3.166453E-05 
   978    4.789267E-01    2.499206E-01    1.794202E-01   -7.678069E-04 
   979    4.799421E-01    2.499118E-01    1.794114E-01   -6.818536E-04 
   980    4.809525E-01    2.499218E-01    1.794215E-01    1.127482E-04 
   981    4.819607E-01    2.499258E-01    1.794258E-01    9.663889E-04 
   982    4.829510E-01    2.499165E-01    1.794164E-01    7.925529E-04 
   983    4.839245E-01    2.499103E-01    1.794101E-01   -1.528893E-04 
   984    4.848924E-01    2.499334E-01    1.794337E-01   -2.052445E-03 
   985    4.859591E-01    2.499269E-01    1.794278E-01   -2.555461E-05 
   986    4.869959E-01    2.498476E-01    1.793501E-01    4.449174E-04 
   987    4.879973E-01    2.497023E-01    1.792049E-01    6.876234E-04 
   988    4.889603E-01    2.494560E-01    1.789540E-01    6.776405E-04 
   989    4.897994E-01    2.491338E-01    1.786095E-01   -2.165407E-03 
   990    4.909910E-01    2.487034E-01    1.785691E-01    0.000000E+00 
   991    4.919920E-01    2.484549E-01    1.783906E-01    0.000000E+00 
   992    4.929930E-01    2.478994E-01    1.779918E-01    0.000000E+00 
   993    4.939940E-01    2.462623E-01    1.768164E-01    0.000000E+00 
   994    4.949950E-01    2.423445E-01    1.740034E-01    0.000000E+00 
   995    4.959960E-01    2.343773E-01    1.682829E-01    0.000000E+00 
   996    4.969970E-01    2.205244E-01    1.583365E-01    0.000000E+00 
   997    4.979980E-01    1.999895E-01    1.435924E-01    0.000000E+00 
   998    4.989990E-01    1.731687E-01    1.243351E-01    0.000000E+00 
   999    5.000000E-01    1.416667E-01    1.017167E-01    0.000000E+00 
