     0   -5.000000E-01    5.666667E-01    5.666667E-01    0.000000E+00 
     1   -4.989990E-01    6.927007E-01    6.927007E-01    0.000000E+00 
     2   -4.979980E-01    8.000760E-01    8.000760E-01    0.000000E+00 
     3   -4.969970E-01    8.823542E-01    8.823542E-01    0.000000E+00 
     4   -4.959960E-01    9.379268E-01    9.379268E-01    0.000000E+00 
     5   -4.949950E-01    9.699737E-01    9.699737E-01    0.000000E+00 
     6   -4.939940E-01    9.857599E-01    9.857599E-01    0.000000E+00 
     7   -4.929930E-01    9.922302E-01    9.922302E-01    0.000000E+00 
     8   -4.919920E-01    9.942606E-01    9.942606E-01    0.000000E+00 
     9   -4.909910E-01    9.950211E-01    9.950211E-01    0.000000E+00 
    10   -4.898461E-01    9.963500E-01    9.948089E-01    3.253741E-03 
    11   -4.889506E-01    9.975339E-01    9.965448E-01   -6.603613E-04 
    12   -4.879807E-01    9.984450E-01    9.978393E-01   -1.282507E-03 
    13   -4.869840E-01    9.990143E-01    9.986349E-01   -1.336006E-03 
    14   -4.859631E-01    9.993633E-01    9.991158E-01   -1.451213E-04 
    15   -4.849228E-01    9.995260E-01    9.993379E-01    2.775255E-03 
    16   -4.839305E-01    9.996932E-01    9.995709E-01    1.206145E-03 
    17   -4.829403E-01    1.000093E+00    1.000131E+00   -1.422249E-05 
    18   -4.819461E-01    1.000602E+00    1.000843E+00   -4.401657E-04 
    19   -4.809475E-01    1.001064E+00    1.001490E+00    1.140135E-04 
    20   -4.799482E-01    1.001403E+00    1.001965E+00    1.022407E-03 
    21   -4.789443E-01    1.001624E+00    1.002274E+00    2.508544E-03 
    22   -4.779427E-01    1.001758E+00    1.002463E+00    3.078139E-03 
    23   -4.769437E-01    1.001868E+00    1.002616E+00    3.048832E-03 
    24   -4.759460E-01    1.001980E+00    1.002774E+00    2.870571E-03 
    25   -4.749486E-01    1.002097E+00    1.002937E+00    2.703599E-03 
    26   -4.739503E-01    1.002182E+00    1.003057E+00    2.710712E-03 
    27   -4.729514E-01    1.002198E+00    1.003079E+00    2.758360E-03 
    28   -4.719524E-01    1.002145E+00    1.003005E+00    2.758712E-03 
    29   -4.709534E-01    1.002046E+00    1.002866E+00    2.686749E-03 
    30   -4.699544E-01    1.001923E+00    1.002693E+00    2.556860E-03 
    31   -4.689554E-01    1.001791E+00    1.002508E+00    2.388749E-03 
    32   -4.679562E-01    1.001657E+00    1.002321E+00    2.208529E-03 
    33   -4.669568E-01    1.001523E+00    1.002133E+00    2.028881E-03 
    34   -4.659573E-01    1.001386E+00    1.001941E+00    1.852082E-03 
    35   -4.649576E-01    1.001249E+00    1.001749E+00    1.676805E-03 
    36   -4.639577E-01    1.001113E+00    1.001559E+00    1.501818E-03 
    37   -4.629577E-01    1.000983E+00    1.001376E+00    1.329959E-03 
    38   -4.619576E-01    1.000860E+00    1.001205E+00    1.165360E-03 
    39   -4.609573E-01    1.000747E+00    1.001046E+00    1.011392E-03 
    40   -4.599570E-01    1.000643E+00    1.000901E+00    8.700216E-04 
    41   -4.589566E-01    1.000549E+00    1.000769E+00    7.420408E-04 
    42   -4.579560E-01    1.000465E+00    1.000652E+00    6.274369E-04 
    43   -4.569554E-01    1.000391E+00    1.000547E+00    5.258389E-04 
    44   -4.559547E-01    1.000326E+00    1.000456E+00    4.367179E-04 
    45   -4.549540E-01    1.000269E+00    1.000377E+00    3.594287E-04 
    46   -4.539532E-01    1.000221E+00    1.000309E+00    2.931939E-04 
    47   -4.529524E-01    1.000179E+00    1.000251E+00    2.370825E-04 
    48   -4.519515E-01    1.000145E+00    1.000203E+00    1.900571E-04 
    49   -4.509506E-01    1.000116E+00    1.000162E+00    1.510450E-04 
    50   -4.499497E-01    1.000092E+00    1.000129E+00    1.189966E-04 
    51   -4.489487E-01    1.000072E+00    1.000101E+00    9.292298E-05 
    52   -4.479478E-01    1.000057E+00    1.000079E+00    7.191705E-05 
    53   -4.469468E-01    1.000044E+00    1.000061E+00    5.515962E-05 
    54   -4.459459E-01    1.000034E+00    1.000047E+00    4.192250E-05 
    55   -4.449449E-01    1.000026E+00    1.000036E+00    3.156861E-05 
    56   -4.439439E-01    1.000019E+00    1.000027E+00    2.354850E-05 
    57   -4.429429E-01    1.000015E+00    1.000020E+00    1.739684E-05 
    58   -4.419419E-01    1.000011E+00    1.000015E+00    1.272513E-05 
    59   -4.409409E-01    1.000008E+00    1.000011E+00    9.212965E-06 
    60   -4.399399E-01    1.000006E+00    1.000008E+00    6.600049E-06 
    61   -4.389389E-01    1.000004E+00    1.000006E+00    4.676861E-06 
    62   -4.379379E-01    1.000003E+00    1.000004E+00    3.276570E-06 
    63   -4.369369E-01    1.000002E+00    1.000003E+00    2.268341E-06 
    64   -4.359359E-01    1.000002E+00    1.000002E+00    1.550547E-06 
    65   -4.349349E-01    1.000001E+00    1.000001E+00    1.045482E-06 
    66   -4.339339E-01    1.000001E+00    1.000001E+00    6.945799E-07 
    67   -4.329329E-01    1.000000E+00    1.000001E+00    4.539959E-07 
    68   -4.319319E-01    1.000000E+00    1.000000E+00    2.915191E-07 
    69   -4.309309E-01    1.000000E+00    1.000000E+00    1.836467E-07 
    70   -4.299299E-01    1.000000E+00    1.000000E+00    1.132622E-07 
    71   -4.289289E-01    1.000000E+00    1.000000E+00    6.821176E-08 
    72   -4.279279E-01    1.000000E+00    1.000000E+00    3.991300E-08 
    73   -4.269269E-01    1.000000E+00    1.000000E+00    2.246530E-08 
    74   -4.259259E-01    1.000000E+00    1.000000E+00    1.198303E-08 
    75   -4.249249E-01    1.000000E+00    1.000000E+00    5.843721E-09 
    76   -4.239239E-01    1.000000E+00    1.000000E+00    2.438236E-09 
    77   -4.229229E-01    1.000000E+00    1.000000E+00    7.491054E-10 
    78   -4.219219E-01    1.000000E+00    1.000000E+00    3.258362E-11 
    79   -4.209209E-01    1.000000E+00    1.000000E+00   -1.973136E-10 
    80   -4.199199E-01    1.000000E+00    1.000000E+00   -2.167195E-10 
    81   -4.189189E-01    1.000000E+00    1.000000E+00   -1.660692E-10 
    82   -4.179179E-01    1.000000E+00    1.000000E+00   -1.062299E-10 
    83   -4.169169E-01    1.000000E+00    1.000000E+00   -5.911442E-11 
    84   -4.159159E-01    1.000000E+00    1.000000E+00   -2.892492E-11 
    85   -4.149149E-01    1.000000E+00    1.000000E+00   -1.211244E-11 
    86   -4.139139E-01    1.000000E+00    1.000000E+00   -3.440539E-12 
    87   -4.129129E-01    1.000000E+00    1.000000E+00    6.655432E-13 
    88   -4.119119E-01    1.000000E+00    1.000000E+00    2.287128E-12 
    89   -4.109109E-01    1.000000E+00    1.000000E+00    2.626979E-12 
    90   -4.099099E-01    1.000000E+00    1.000000E+00    2.373454E-12 
    91   -4.089089E-01    1.000000E+00    1.000000E+00    1.910373E-12 
    92   -4.079079E-01    1.000000E+00    1.000000E+00    1.420966E-12 
    93   -4.069069E-01    1.000000E+00    1.000000E+00    9.938525E-13 
    94   -4.059059E-01    1.000000E+00    1.000000E+00    6.596190E-13 
    95   -4.049049E-01    1.000000E+00    1.000000E+00    4.165171E-13 
    96   -4.039039E-01    1.000000E+00    1.000000E+00    2.497349E-13 
    97   -4.029029E-01    1.000000E+00    1.000000E+00    1.414183E-13 
    98   -4.019019E-01    1.000000E+00    1.000000E+00    7.466629E-14 
    99   -4.009009E-01    1.000000E+00    1.000000E+00    3.555396E-14 
   100   -3.998999E-01    1.000000E+00    1.000000E+00    1.511982E-14 
   101   -3.988989E-01    1.000000E+00    1.000000E+00    4.123739E-15 
   102   -3.978979E-01    1.000000E+00    1.000000E+00   -6.007385E-16 
   103   -3.968969E-01    1.000000E+00    1.000000E+00   -2.492259E-15 
   104   -3.958959E-01    1.000000E+00    1.000000E+00   -3.058280E-15 
   105   -3.948949E-01    1.000000E+00    1.000000E+00   -3.317774E-15 
   106   -3.938939E-01    1.000000E+00    1.000000E+00   -2.474685E-15 
   107   -3.928929E-01    1.000000E+00    1.000000E+00   -1.656090E-15 
   108   -3.918919E-01    1.000000E+00    1.000000E+00   -1.471169E-15 
   109   -3.908909E-01    1.000000E+00    1.000000E+00   -4.653673E-20 
   110   -3.898899E-01    1.000000E+00    1.000000E+00    4.589626E-16 
   111   -3.888889E-01    1.000000E+00    1.000000E+00    1.190269E-16 
   112   -3.878879E-01    1.000000E+00    1.000000E+00   -1.005475E-17 
   113   -3.868869E-01    1.000000E+00    1.000000E+00   -2.051492E-16 
   114   -3.858859E-01    1.000000E+00    1.000000E+00   -1.487963E-16 
   115   -3.848849E-01    1.000000E+00    1.000000E+00   -2.515754E-16 
   116   -3.838839E-01    1.000000E+00    1.000000E+00   -1.910778E-16 
   117   -3.828829E-01    1.000000E+00    1.000000E+00   -1.274854E-16 
   118   -3.818819E-01    1.000000E+00    1.000000E+00   -8.363637E-17 
   119   -3.808809E-01    1.000000E+00    1.000000E+00   -1.754737E-16 
   120   -3.798799E-01    1.000000E+00    1.000000E+00   -2.155314E-16 
   121   -3.788789E-01    1.000000E+00    1.000000E+00   -2.720868E-16 
   122   -3.778779E-01    1.000000E+00    1.000000E+00    2.268721E-17 
   123   -3.768769E-01    1.000000E+00    1.000000E+00   -1.762836E-16 
   124   -3.758759E-01    1.000000E+00    1.000000E+00   -2.228657E-16 
   125   -3.748749E-01    1.000000E+00    1.000000E+00   -9.703847E-17 
   126   -3.738739E-01    1.000000E+00    1.000000E+00   -3.819809E-17 
   127   -3.728729E-01    1.000000E+00    1.000000E+00    7.660168E-17 
   128   -3.718719E-01    1.000000E+00    1.000000E+00   -1.574479E-16 
   129   -3.708709E-01    1.000000E+00    1.000000E+00   -3.362273E-16 
   130   -3.698699E-01    1.000000E+00    1.000000E+00   -3.842620E-16 
   131   -3.688689E-01    1.000000E+00    1.000000E+00   -5.238572E-16 
   132   -3.678679E-01    1.000000E+00    1.000000E+00   -3.638715E-17 
   133   -3.668669E-01    1.000000E+00    1.000000E+00    1.002468E-15 
   134   -3.658659E-01    1.000000E+00    1.000000E+00    1.020860E-15 
   135   -3.648649E-01    1.000000E+00    1.000000E+00    1.426558E-15 
   136   -3.638639E-01    1.000000E+00    1.000000E+00    1.657827E-15 
   137   -3.628629E-01    1.000000E+00    1.000000E+00    9.111950E-16 
   138   -3.618619E-01    1.000000E+00    1.000000E+00    2.263722E-16 
   139   -3.608609E-01    1.000000E+00    1.000000E+00   -2.327413E-16 
   140   -3.598599E-01    1.000000E+00    1.000000E+00   -7.260679E-16 
   141   -3.588589E-01    1.000000E+00    1.000000E+00   -1.661255E-15 
   142   -3.578579E-01    1.000000E+00    1.000000E+00   -1.354073E-15 
   143   -3.568569E-01    1.000000E+00    1.000000E+00   -1.119223E-15 
   144   -3.558559E-01    1.000000E+00    1.000000E+00   -6.999330E-16 
   145   -3.548549E-01    1.000000E+00    1.000000E+00    2.650576E-16 
   146   -3.538539E-01    1.000000E+00    1.000000E+00    5.531961E-16 
   147   -3.528529E-01    1.000000E+00    1.000000E+00    3.592600E-16 
   148   -3.518519E-01    1.000000E+00    1.000000E+00    7.444110E-17 
   149   -3.508509E-01    1.000000E+00    1.000000E+00    8.806370E-17 
   150   -3.498498E-01    1.000000E+00    1.000000E+00   -9.035942E-18 
   151   -3.488488E-01    1.000000E+00    1.000000E+00   -5.905668E-17 
   152   -3.478478E-01    1.000000E+00    1.000000E+00    5.823591E-17 
   153   -3.468468E-01    1.000000E+00    1.000000E+00   -3.153856E-17 
   154   -3.458458E-01    1.000000E+00    1.000000E+00   -3.750352E-17 
   155   -3.448448E-01    1.000000E+00    1.000000E+00   -7.197846E-17 
   156   -3.438438E-01    1.000000E+00    1.000000E+00   -1.308396E-16 
   157   -3.428428E-01    1.000000E+00    1.000000E+00    8.302148E-17 
   158   -3.418418E-01    1.000000E+00    1.000000E+00   -4.503150E-17 
   159   -3.408408E-01    1.000000E+00    1.000000E+00   -1.455313E-16 
   160   -3.398398E-01    1.000000E+00    1.000000E+00   -1.800068E-16 
   161   -3.388388E-01    1.000000E+00    1.000000E+00   -1.308402E-16 
   162   -3.378378E-01    1.000000E+00    1.000000E+00    1.886220E-17 
   163   -3.368368E-01    1.000000E+00    1.000000E+00   -1.801054E-16 
   164   -3.358358E-01    1.000000E+00    1.000000E+00   -1.525625E-16 
   165   -3.348348E-01    1.000000E+00    1.000000E+00   -2.043494E-16 
   166   -3.338338E-01    1.000000E+00    1.000000E+00   -1.315132E-16 
   167   -3.328328E-01    1.000000E+00    1.000000E+00    2.780532E-17 
   168   -3.318318E-01    1.000000E+00    1.000000E+00   -1.072967E-16 
   169   -3.308308E-01    1.000000E+00    1.000000E+00   -1.132682E-16 
   170   -3.298298E-01    1.000000E+00    1.000000E+00   -1.757554E-16 
   171   -3.288288E-01    1.000000E+00    1.000000E+00   -7.302172E-17 
   172   -3.278278E-01    1.000000E+00    1.000000E+00   -7.413126E-17 
   173   -3.268268E-01    1.000000E+00    1.000000E+00   -4.114335E-16 
   174   -3.258258E-01    1.000000E+00    1.000000E+00   -6.821019E-16 
   175   -3.248248E-01    1.000000E+00    1.000000E+00   -4.495286E-16 
   176   -3.238238E-01    1.000000E+00    1.000000E+00    7.383187E-16 
   177   -3.228228E-01    1.000000E+00    1.000000E+00    1.399289E-15 
   178   -3.218218E-01    1.000000E+00    1.000000E+00    1.386665E-15 
   179   -3.208208E-01    1.000000E+00    1.000000E+00    1.564449E-15 
   180   -3.198198E-01    1.000000E+00    1.000000E+00    8.448986E-16 
   181   -3.188188E-01    1.000000E+00    1.000000E+00    2.911590E-16 
   182   -3.178178E-01    1.000000E+00    1.000000E+00   -3.229226E-16 
   183   -3.168168E-01    1.000000E+00    1.000000E+00   -8.844600E-16 
   184   -3.158158E-01    1.000000E+00    1.000000E+00   -1.878217E-15 
   185   -3.148148E-01    1.000000E+00    1.000000E+00   -1.583115E-15 
   186   -3.138138E-01    1.000000E+00    1.000000E+00   -1.001029E-15 
   187   -3.128128E-01    1.000000E+00    1.000000E+00   -1.169767E-15 
   188   -3.118118E-01    1.000000E+00    1.000000E+00    4.478963E-16 
   189   -3.108108E-01    1.000000E+00    1.000000E+00    6.959554E-16 
   190   -3.098098E-01    1.000000E+00    1.000000E+00    3.399743E-16 
   191   -3.088088E-01    1.000000E+00    1.000000E+00    1.928827E-16 
   192   -3.078078E-01    1.000000E+00    1.000000E+00    4.090963E-18 
   193   -3.068068E-01    1.000000E+00    1.000000E+00    1.117962E-16 
   194   -3.058058E-01    1.000000E+00    1.000000E+00   -2.897676E-16 
   195   -3.048048E-01    1.000000E+00    1.000000E+00   -5.420807E-16 
   196   -3.038038E-01    1.000000E+00    1.000000E+00   -1.199963E-16 
   197   -3.028028E-01    1.000000E+00    1.000000E+00    1.323825E-15 
   198   -3.018018E-01    1.000000E+00    1.000000E+00    1.193196E-15 
   199   -3.008008E-01    1.000000E+00    1.000000E+00    1.502814E-15 
   200   -2.997998E-01    1.000000E+00    1.000000E+00    2.057869E-15 
   201   -2.987988E-01    1.000000E+00    1.000000E+00    1.085924E-15 
   202   -2.977978E-01    1.000000E+00    1.000000E+00    3.130324E-16 
   203   -2.967968E-01    1.000000E+00    1.000000E+00   -2.305140E-16 
   204   -2.957958E-01    1.000000E+00    1.000000E+00   -6.720621E-16 
   205   -2.947948E-01    1.000000E+00    1.000000E+00   -1.593723E-15 
   206   -2.937938E-01    1.000000E+00    1.000000E+00   -1.228014E-15 
   207   -2.927928E-01    1.000000E+00    1.000000E+00   -1.317348E-15 
   208   -2.917918E-01    1.000000E+00    1.000000E+00   -6.461681E-16 
   209   -2.907908E-01    1.000000E+00    1.000000E+00    2.615398E-16 
   210   -2.897898E-01    1.000000E+00    1.000000E+00    8.168847E-16 
   211   -2.887888E-01    1.000000E+00    1.000000E+00    3.547497E-16 
   212   -2.877878E-01    1.000000E+00    1.000000E+00    8.344926E-17 
   213   -2.867868E-01    1.000000E+00    1.000000E+00    7.005432E-17 
   214   -2.857858E-01    1.000000E+00    1.000000E+00   -9.035942E-18 
   215   -2.847848E-01    1.000000E+00    1.000000E+00   -2.276099E-17 
   216   -2.837838E-01    1.000000E+00    1.000000E+00    1.615281E-16 
   217   -2.827828E-01    1.000000E+00    1.000000E+00   -6.756818E-17 
   218   -2.817818E-01    1.000000E+00    1.000000E+00   -1.499512E-17 
   219   -2.807808E-01    1.000000E+00    1.000000E+00   -7.197846E-17 
   220   -2.797798E-01    1.000000E+00    1.000000E+00   -5.880088E-17 
   221   -2.787788E-01    1.000000E+00    1.000000E+00    8.302148E-17 
   222   -2.777778E-01    1.000000E+00    1.000000E+00   -8.105995E-17 
   223   -2.767768E-01    1.000000E+00    1.000000E+00   -5.547418E-17 
   224   -2.757758E-01    1.000000E+00    1.000000E+00   -1.079681E-16 
   225   -2.747748E-01    1.000000E+00    1.000000E+00   -2.276890E-17 
   226   -2.737738E-01    1.000000E+00    1.000000E+00    1.886220E-17 
   227   -2.727728E-01    1.000000E+00    1.000000E+00   -1.801054E-16 
   228   -2.717718E-01    1.000000E+00    1.000000E+00   -1.525625E-16 
   229   -2.707708E-01    1.000000E+00    1.000000E+00   -2.043494E-16 
   230   -2.697698E-01    1.000000E+00    1.000000E+00   -1.315132E-16 
   231   -2.687688E-01    1.000000E+00    1.000000E+00    3.343389E-17 
   232   -2.677678E-01    1.000000E+00    1.000000E+00   -8.253067E-17 
   233   -2.667668E-01    1.000000E+00    1.000000E+00   -7.724501E-17 
   234   -2.657658E-01    1.000000E+00    1.000000E+00   -1.606987E-16 
   235   -2.647648E-01    1.000000E+00    1.000000E+00   -9.384844E-17 
   236   -2.637638E-01    1.000000E+00    1.000000E+00    4.668844E-18 
   237   -2.627628E-01    1.000000E+00    1.000000E+00   -3.573978E-16 
   238   -2.617618E-01    1.000000E+00    1.000000E+00   -5.594042E-16 
   239   -2.607608E-01    1.000000E+00    1.000000E+00   -4.543125E-16 
   240   -2.597598E-01    1.000000E+00    1.000000E+00    7.394420E-16 
   241   -2.587588E-01    1.000000E+00    1.000000E+00    1.290654E-15 
   242   -2.577578E-01    1.000000E+00    1.000000E+00    1.274091E-15 
   243   -2.567568E-01    1.000000E+00    1.000000E+00    1.682354E-15 
   244   -2.557558E-01    1.000000E+00    1.000000E+00    8.170309E-16 
   245   -2.547548E-01    1.000000E+00    1.000000E+00    2.292302E-16 
   246   -2.537538E-01    1.000000E+00    1.000000E+00   -2.756371E-16 
   247   -2.527528E-01    1.000000E+00    1.000000E+00   -8.439337E-16 
   248   -2.517518E-01    1.000000E+00    1.000000E+00   -1.846701E-15 
   249   -2.507508E-01    1.000000E+00    1.000000E+00   -1.547100E-15 
   250   -2.497497E-01    1.000000E+00    1.000000E+00   -1.043682E-15 
   251   -2.487487E-01    1.000000E+00    1.000000E+00   -1.088298E-15 
   252   -2.477477E-01    1.000000E+00    1.000000E+00    2.199523E-16 
   253   -2.467467E-01    1.000000E+00    1.000000E+00    6.852392E-16 
   254   -2.457457E-01    1.000000E+00    1.000000E+00    3.136392E-16 
   255   -2.447447E-01    1.000000E+00    1.000000E+00    1.424761E-16 
   256   -2.437437E-01    1.000000E+00    1.000000E+00   -2.727348E-17 
   257   -2.427427E-01    1.000000E+00    1.000000E+00   -4.422375E-18 
   258   -2.417417E-01    1.000000E+00    1.000000E+00   -1.630601E-16 
   259   -2.407407E-01    1.000000E+00    1.000000E+00   -1.472885E-16 
   260   -2.397397E-01    1.000000E+00    1.000000E+00    1.723319E-17 
   261   -2.387387E-01    1.000000E+00    1.000000E+00   -6.415064E-17 
   262   -2.377377E-01    1.000000E+00    1.000000E+00   -5.457051E-17 
   263   -2.367367E-01    1.000000E+00    1.000000E+00   -1.178153E-17 
   264   -2.357357E-01    1.000000E+00    1.000000E+00   -5.109108E-17 
   265   -2.347347E-01    1.000000E+00    1.000000E+00   -1.849762E-16 
   266   -2.337337E-01    1.000000E+00    1.000000E+00   -2.734515E-16 
   267   -2.327327E-01    1.000000E+00    1.000000E+00   -7.902297E-16 
   268   -2.317317E-01    1.000000E+00    1.000000E+00   -4.329322E-16 
   269   -2.307307E-01    1.000000E+00    1.000000E+00    1.171000E-15 
   270   -2.297297E-01    1.000000E+00    1.000000E+00    1.461990E-15 
   271   -2.287287E-01    1.000000E+00    1.000000E+00    1.476727E-15 
   272   -2.277277E-01    1.000000E+00    1.000000E+00    1.610809E-15 
   273   -2.267267E-01    1.000000E+00    1.000000E+00    8.564377E-16 
   274   -2.257257E-01    1.000000E+00    1.000000E+00    4.154645E-16 
   275   -2.247247E-01    1.000000E+00    1.000000E+00   -3.083256E-16 
   276   -2.237237E-01    1.000000E+00    1.000000E+00   -7.422493E-16 
   277   -2.227227E-01    1.000000E+00    1.000000E+00   -1.625923E-15 
   278   -2.217217E-01    1.000000E+00    1.000000E+00   -1.493102E-15 
   279   -2.207207E-01    1.000000E+00    1.000000E+00   -1.402939E-15 
   280   -2.197197E-01    1.000000E+00    1.000000E+00   -1.148673E-15 
   281   -2.187187E-01    1.000000E+00    1.000000E+00    2.620644E-16 
   282   -2.177177E-01    1.000000E+00    1.000000E+00    6.064993E-16 
   283   -2.167167E-01    1.000000E+00    1.000000E+00    1.796132E-16 
   284   -2.157157E-01    1.000000E+00    1.000000E+00    1.606611E-16 
   285   -2.147147E-01    1.000000E+00    1.000000E+00   -4.174178E-17 
   286   -2.137137E-01    1.000000E+00    1.000000E+00   -1.681587E-16 
   287   -2.127127E-01    1.000000E+00    1.000000E+00   -5.245124E-17 
   288   -2.117117E-01    1.000000E+00    1.000000E+00    1.468143E-17 
   289   -2.107107E-01    1.000000E+00    1.000000E+00   -9.743721E-17 
   290   -2.097097E-01    1.000000E+00    1.000000E+00    5.122800E-17 
   291   -2.087087E-01    1.000000E+00    1.000000E+00   -1.681742E-16 
   292   -2.077077E-01    1.000000E+00    1.000000E+00   -1.129496E-16 
   293   -2.067067E-01    1.000000E+00    1.000000E+00   -3.995977E-16 
   294   -2.057057E-01    1.000000E+00    1.000000E+00   -7.219987E-16 
   295   -2.047047E-01    1.000000E+00    1.000000E+00   -4.509419E-16 
   296   -2.037037E-01    1.000000E+00    1.000000E+00    1.171000E-15 
   297   -2.027027E-01    1.000000E+00    1.000000E+00    1.525029E-15 
   298   -2.017017E-01    1.000000E+00    1.000000E+00    1.512748E-15 
   299   -2.007007E-01    1.000000E+00    1.000000E+00    1.669340E-15 
   300   -1.996997E-01    1.000000E+00    1.000000E+00    9.805496E-16 
   301   -1.986987E-01    1.000000E+00    1.000000E+00    3.614332E-16 
   302   -1.976977E-01    1.000000E+00    1.000000E+00   -3.083256E-16 
   303   -1.966967E-01    1.000000E+00    1.000000E+00   -7.782778E-16 
   304   -1.956957E-01    1.000000E+00    1.000000E+00   -1.517852E-15 
   305   -1.946947E-01    1.000000E+00    1.000000E+00   -1.493102E-15 
   306   -1.936937E-01    1.000000E+00    1.000000E+00   -1.402939E-15 
   307   -1.926927E-01    1.000000E+00    1.000000E+00   -1.148673E-15 
   308   -1.916917E-01    1.000000E+00    1.000000E+00    3.552211E-16 
   309   -1.906907E-01    1.000000E+00    1.000000E+00    6.132485E-16 
   310   -1.896897E-01    1.000000E+00    1.000000E+00    2.481226E-16 
   311   -1.886887E-01    1.000000E+00    1.000000E+00    2.513909E-16 
   312   -1.876877E-01    1.000000E+00    1.000000E+00   -1.074636E-16 
   313   -1.866867E-01    1.000000E+00    1.000000E+00   -2.091267E-16 
   314   -1.856857E-01    1.000000E+00    1.000000E+00   -1.296048E-16 
   315   -1.846847E-01    1.000000E+00    1.000000E+00   -2.794500E-16 
   316   -1.836837E-01    1.000000E+00    1.000000E+00   -1.575612E-16 
   317   -1.826827E-01    1.000000E+00    1.000000E+00   -2.155396E-16 
   318   -1.816817E-01    1.000000E+00    1.000000E+00   -1.730327E-16 
   319   -1.806807E-01    1.000000E+00    1.000000E+00   -1.125216E-17 
   320   -1.796797E-01    1.000000E+00    1.000000E+00   -2.344201E-16 
   321   -1.786787E-01    1.000000E+00    1.000000E+00   -2.987305E-16 
   322   -1.776777E-01    1.000000E+00    1.000000E+00   -2.713838E-16 
   323   -1.766767E-01    1.000000E+00    1.000000E+00   -3.009153E-16 
   324   -1.756757E-01    1.000000E+00    1.000000E+00    3.552279E-17 
   325   -1.746747E-01    1.000000E+00    1.000000E+00   -1.906923E-16 
   326   -1.736737E-01    1.000000E+00    1.000000E+00   -2.301512E-16 
   327   -1.726727E-01    1.000000E+00    1.000000E+00    1.973353E-17 
   328   -1.716717E-01    1.000000E+00    1.000000E+00   -1.726617E-16 
   329   -1.706707E-01    1.000000E+00    1.000000E+00   -7.691022E-17 
   330   -1.696697E-01    1.000000E+00    1.000000E+00   -3.288874E-16 
   331   -1.686687E-01    1.000000E+00    1.000000E+00   -8.660610E-16 
   332   -1.676677E-01    1.000000E+00    1.000000E+00   -4.329322E-16 
   333   -1.666667E-01    1.000000E+00    1.000000E+00    5.751019E-16 
   334   -1.656657E-01    1.000000E+00    1.000000E+00    1.260363E-15 
   335   -1.646647E-01    1.000000E+00    1.000000E+00    1.456470E-15 
   336   -1.636637E-01    1.000000E+00    1.000000E+00    1.430701E-15 
   337   -1.626627E-01    1.000000E+00    1.000000E+00    6.434025E-16 
   338   -1.616617E-01    1.000000E+00    1.000000E+00    6.424700E-17 
   339   -1.606607E-01    1.000000E+00    1.000000E+00   -2.497718E-16 
   340   -1.596597E-01    1.000000E+00    1.000000E+00   -9.223664E-16 
   341   -1.586587E-01    1.000000E+00    1.000000E+00   -1.697966E-15 
   342   -1.576577E-01    1.000000E+00    1.000000E+00   -1.493102E-15 
   343   -1.566567E-01    1.000000E+00    1.000000E+00   -1.402939E-15 
   344   -1.556557E-01    1.000000E+00    1.000000E+00   -1.148673E-15 
   345   -1.546547E-01    1.000000E+00    1.000000E+00    2.620644E-16 
   346   -1.536537E-01    1.000000E+00    1.000000E+00    6.064993E-16 
   347   -1.526527E-01    1.000000E+00    1.000000E+00    1.796132E-16 
   348   -1.516517E-01    1.000000E+00    1.000000E+00    1.606611E-16 
   349   -1.506507E-01    1.000000E+00    1.000000E+00   -4.174178E-17 
   350   -1.496496E-01    1.000000E+00    1.000000E+00   -1.681587E-16 
   351   -1.486486E-01    1.000000E+00    1.000000E+00   -5.245124E-17 
   352   -1.476476E-01    1.000000E+00    1.000000E+00    1.468143E-17 
   353   -1.466466E-01    1.000000E+00    1.000000E+00   -9.743721E-17 
   354   -1.456456E-01    1.000000E+00    1.000000E+00    5.122800E-17 
   355   -1.446446E-01    1.000000E+00    1.000000E+00   -1.681742E-16 
   356   -1.436436E-01    1.000000E+00    1.000000E+00   -1.129496E-16 
   357   -1.426426E-01    1.000000E+00    1.000000E+00   -3.995977E-16 
   358   -1.416416E-01    1.000000E+00    1.000000E+00   -7.219987E-16 
   359   -1.406406E-01    1.000000E+00    1.000000E+00   -4.509419E-16 
   360   -1.396396E-01    1.000000E+00    1.000000E+00    1.171000E-15 
   361   -1.386386E-01    1.000000E+00    1.000000E+00    1.525029E-15 
   362   -1.376376E-01    1.000000E+00    1.000000E+00    1.512748E-15 
   363   -1.366366E-01    1.000000E+00    1.000000E+00    1.669340E-15 
   364   -1.356356E-01    1.000000E+00    1.000000E+00    9.805496E-16 
   365   -1.346346E-01    1.000000E+00    1.000000E+00    3.614332E-16 
   366   -1.336336E-01    1.000000E+00    1.000000E+00   -3.083256E-16 
   367   -1.326326E-01    1.000000E+00    1.000000E+00   -7.782778E-16 
   368   -1.316316E-01    1.000000E+00    1.000000E+00   -1.517852E-15 
   369   -1.306306E-01    1.000000E+00    1.000000E+00   -1.493102E-15 
   370   -1.296296E-01    1.000000E+00    1.000000E+00   -1.402939E-15 
   371   -1.286286E-01    1.000000E+00    1.000000E+00   -1.148673E-15 
   372   -1.276276E-01    1.000000E+00    1.000000E+00    3.552211E-16 
   373   -1.266266E-01    1.000000E+00    1.000000E+00    6.132485E-16 
   374   -1.256256E-01    1.000000E+00    1.000000E+00    2.481226E-16 
   375   -1.246246E-01    1.000000E+00    1.000000E+00    2.513909E-16 
   376   -1.236236E-01    1.000000E+00    1.000000E+00   -1.074636E-16 
   377   -1.226226E-01    1.000000E+00    1.000000E+00   -2.091267E-16 
   378   -1.216216E-01    1.000000E+00    1.000000E+00   -1.296048E-16 
   379   -1.206206E-01    1.000000E+00    1.000000E+00   -2.794500E-16 
   380   -1.196196E-01    1.000000E+00    1.000000E+00   -1.575612E-16 
   381   -1.186186E-01    1.000000E+00    1.000000E+00   -2.155396E-16 
   382   -1.176176E-01    1.000000E+00    1.000000E+00   -1.730327E-16 
   383   -1.166166E-01    1.000000E+00    1.000000E+00   -1.125216E-17 
   384   -1.156156E-01    1.000000E+00    1.000000E+00   -2.335758E-16 
   385   -1.146146E-01    1.000000E+00    1.000000E+00   -2.978862E-16 
   386   -1.136136E-01    1.000000E+00    1.000000E+00   -2.730724E-16 
   387   -1.126126E-01    1.000000E+00    1.000000E+00   -2.882507E-16 
   388   -1.116116E-01    1.000000E+00    1.000000E+00    2.060673E-17 
   389   -1.106106E-01    1.000000E+00    1.000000E+00   -1.349678E-16 
   390   -1.096096E-01    1.000000E+00    1.000000E+00   -1.925794E-16 
   391   -1.086086E-01    1.000000E+00    1.000000E+00    8.699782E-17 
   392   -1.076076E-01    1.000000E+00    1.000000E+00    1.491626E-16 
   393   -1.066066E-01    1.000000E+00    1.000000E+00    6.427224E-16 
   394   -1.056056E-01    1.000000E+00    1.000000E+00    1.244483E-15 
   395   -1.046046E-01    1.000000E+00    1.000000E+00    2.215519E-15 
   396   -1.036036E-01    1.000000E+00    1.000000E+00    4.451803E-15 
   397   -1.026026E-01    1.000000E+00    1.000000E+00    7.441256E-15 
   398   -1.016016E-01    1.000000E+00    1.000000E+00    8.585055E-15 
   399   -1.006006E-01    1.000000E+00    1.000000E+00    3.919236E-15 
   400   -9.959960E-02    1.000000E+00    1.000000E+00   -1.540902E-14 
   401   -9.859860E-02    1.000000E+00    1.000000E+00   -6.722342E-14 
   402   -9.759760E-02    1.000000E+00    1.000000E+00   -1.764907E-13 
   403   -9.659660E-02    1.000000E+00    1.000000E+00   -3.826619E-13 
   404   -9.559560E-02    1.000000E+00    1.000000E+00   -7.321329E-13 
   405   -9.459459E-02    1.000000E+00    1.000000E+00   -1.290607E-12 
   406   -9.359359E-02    1.000000E+00    1.000000E+00   -2.137556E-12 
   407   -9.259259E-02    1.000000E+00    1.000000E+00   -3.348196E-12 
   408   -9.159159E-02    1.000000E+00    1.000000E+00   -4.970195E-12 
   409   -9.059059E-02    1.000000E+00    1.000000E+00   -6.965559E-12 
   410   -8.958959E-02    1.000000E+00    1.000000E+00   -9.118466E-12 
   411   -8.858859E-02    1.000000E+00    1.000000E+00   -1.090026E-11 
   412   -8.758759E-02    1.000000E+00    1.000000E+00   -1.118152E-11 
   413   -8.658659E-02    1.000000E+00    1.000000E+00   -7.798248E-12 
   414   -8.558559E-02    1.000000E+00    1.000000E+00    2.833849E-12 
   415   -8.458458E-02    1.000000E+00    1.000000E+00    2.725385E-11 
   416   -8.358358E-02    1.000000E+00    1.000000E+00    7.669759E-11 
   417   -8.258258E-02    1.000000E+00    1.000000E+00    1.693465E-10 
   418   -8.158158E-02    1.000000E+00    1.000000E+00    3.269803E-10 
   419   -8.058058E-02    1.000000E+00    1.000000E+00    5.514637E-10 
   420   -7.957958E-02    1.000000E+00    1.000000E+00    7.971257E-10 
   421   -7.857858E-02    1.000000E+00    1.000000E+00    9.078982E-10 
   422   -7.757758E-02    1.000000E+00    1.000000E+00    4.992183E-10 
   423   -7.657658E-02    1.000000E+00    1.000000E+00   -1.266962E-09 
   424   -7.557558E-02    1.000000E+00    1.000000E+00   -5.958776E-09 
   425   -7.457457E-02    1.000000E+00    1.000000E+00   -1.606615E-08 
   426   -7.357357E-02    1.000000E+00    1.000000E+00   -3.528378E-08 
   427   -7.257257E-02    1.000000E+00    1.000000E+00   -6.853436E-08 
   428   -7.157157E-02    1.000000E+00    1.000000E+00   -1.243642E-07 
   429   -7.057057E-02    1.000000E+00    1.000000E+00   -2.154900E-07 
   430   -6.956957E-02    1.000000E+00    1.000001E+00   -3.607777E-07 
   431   -6.856857E-02    1.000001E+00    1.000001E+00   -5.884449E-07 
   432   -6.756757E-02    1.000001E+00    1.000001E+00   -9.379985E-07 
   433   -6.656657E-02    1.000002E+00    1.000002E+00   -1.464772E-06 
   434   -6.556557E-02    1.000002E+00    1.000003E+00   -2.244598E-06 
   435   -6.456457E-02    1.000003E+00    1.000005E+00   -3.378890E-06 
   436   -6.356357E-02    1.000005E+00    1.000007E+00   -5.004282E-06 
   437   -6.256257E-02    1.000007E+00    1.000009E+00   -7.300641E-06 
   438   -6.156158E-02    1.000009E+00    1.000013E+00   -1.050177E-05 
   439   -6.056058E-02    1.000013E+00    1.000018E+00   -1.490855E-05 
   440   -5.955959E-02    1.000018E+00    1.000025E+00   -2.090010E-05 
   441   -5.855861E-02    1.000024E+00    1.000034E+00   -2.894730E-05 
   442   -5.755763E-02    1.000033E+00    1.000046E+00   -3.962502E-05 
   443   -5.655665E-02    1.000044E+00    1.000061E+00   -5.362048E-05 
   444   -5.555569E-02    1.000057E+00    1.000080E+00   -7.174212E-05 
   445   -5.455474E-02    1.000075E+00    1.000105E+00   -9.492182E-05 
   446   -5.355380E-02    1.000097E+00    1.000135E+00   -1.242065E-04 
   447   -5.255289E-02    1.000124E+00    1.000173E+00   -1.607451E-04 
   448   -5.155200E-02    1.000156E+00    1.000219E+00   -2.057622E-04 
   449   -5.055115E-02    1.000196E+00    1.000275E+00   -2.605112E-04 
   450   -4.955033E-02    1.000243E+00    1.000341E+00   -3.262154E-04 
   451   -4.854956E-02    1.000299E+00    1.000418E+00   -4.039676E-04 
   452   -4.754885E-02    1.000363E+00    1.000508E+00   -4.945851E-04 
   453   -4.654821E-02    1.000436E+00    1.000611E+00   -5.984350E-04 
   454   -4.554764E-02    1.000518E+00    1.000725E+00   -7.152509E-04 
   455   -4.454716E-02    1.000608E+00    1.000851E+00   -8.439795E-04 
   456   -4.354679E-02    1.000703E+00    1.000985E+00   -9.826955E-04 
   457   -4.254652E-02    1.000802E+00    1.001123E+00   -1.128582E-03 
   458   -4.154637E-02    1.000898E+00    1.001257E+00   -1.277436E-03 
   459   -4.054634E-02    1.000985E+00    1.001379E+00   -1.422543E-03 
   460   -3.954643E-02    1.001050E+00    1.001471E+00   -1.553576E-03 
   461   -3.854663E-02    1.001075E+00    1.001505E+00   -1.656920E-03 
   462   -3.754691E-02    1.001026E+00    1.001437E+00   -1.713668E-03 
   463   -3.654723E-02    1.000855E+00    1.001196E+00   -1.699808E-03 
   464   -3.554755E-02    1.000490E+00    1.000684E+00   -1.576426E-03 
   465   -3.454780E-02    9.998444E-01    9.997774E-01   -1.280869E-03 
   466   -3.354786E-02    9.988136E-01    9.983297E-01   -7.267301E-04 
   467   -3.254744E-02    9.972839E-01    9.961810E-01    2.283465E-04 
   468   -3.154597E-02    9.951292E-01    9.931545E-01    1.811030E-03 
   469   -3.054241E-02    9.922005E-01    9.890415E-01    4.425668E-03 
   470   -2.953544E-02    9.883110E-01    9.835816E-01    8.552354E-03 
   471   -2.852402E-02    9.832281E-01    9.764527E-01    1.456537E-02 
   472   -2.750774E-02    9.766902E-01    9.672967E-01    2.255376E-02 
   473   -2.648629E-02    9.684477E-01    9.557803E-01    3.234197E-02 
   474   -2.545851E-02    9.583132E-01    9.416682E-01    4.367882E-02 
   475   -2.442052E-02    9.461931E-01    9.248649E-01    5.670051E-02 
   476   -2.336594E-02    9.320893E-01    9.054223E-01    7.240912E-02 
   477   -2.228796E-02    9.160601E-01    8.834769E-01    9.225643E-02 
   478   -2.118345E-02    8.981742E-01    8.591742E-01    1.173180E-01 
   479   -2.005478E-02    8.784527E-01    8.325808E-01    1.475055E-01 
   480   -1.890650E-02    8.568347E-01    8.036601E-01    1.818442E-01 
   481   -1.773701E-02    8.331074E-01    7.722245E-01    2.190693E-01 
   482   -1.653499E-02    8.069782E-01    7.380550E-01    2.574601E-01 
   483   -1.528320E-02    7.783834E-01    7.012583E-01    2.950216E-01 
   484   -1.396654E-02    7.479516E-01    6.627893E-01    3.326764E-01 
   485   -1.258013E-02    7.170452E-01    6.244166E-01    3.731258E-01 
   486   -1.113123E-02    6.871762E-01    5.879335E-01    4.201370E-01 
   487   -9.632408E-03    6.591800E-01    5.541976E-01    4.754795E-01 
   488   -8.080131E-03    6.329636E-01    5.230001E-01    5.357723E-01 
   489   -6.466800E-03    6.082775E-01    4.940019E-01    5.955342E-01 
   490   -4.766933E-03    5.846637E-01    4.665536E-01    6.469752E-01 
   491   -2.994704E-03    5.621282E-01    4.405250E-01    6.831480E-01 
   492   -1.196188E-03    5.417341E-01    4.172102E-01    6.936787E-01 
   493    6.625690E-04    5.267940E-01    4.005476E-01    6.804083E-01 
   494    2.717309E-03    5.227848E-01    3.973833E-01    6.751048E-01 
   495    4.759147E-03    5.275102E-01    4.085146E-01    6.877340E-01 
   496    6.470669E-03    5.284770E-01    4.218053E-01    6.985696E-01 
   497    8.178599E-03    5.204722E-01    4.288877E-01    7.025664E-01 
   498    1.034111E-02    5.014427E-01    4.255659E-01    6.924752E-01 
   499    1.257148E-02    4.801413E-01    4.284677E-01    6.585966E-01 
   500    1.269398E-02    4.790880E-01    3.278266E-01    6.466772E-01 
   501    1.392283E-02    4.695784E-01    3.486043E-01    6.364907E-01 
   502    1.480438E-02    4.650313E-01    3.725854E-01    6.352231E-01 
   503    1.549430E-02    4.629605E-01    3.955492E-01    6.261033E-01 
   504    1.603516E-02    4.623590E-01    4.137830E-01    6.255617E-01 
   505    1.654811E-02    4.622343E-01    4.256542E-01    6.388833E-01 
   506    1.706804E-02    4.623348E-01    4.324172E-01    6.541070E-01 
   507    1.755989E-02    4.627210E-01    4.357918E-01    6.607031E-01 
   508    1.801907E-02    4.634454E-01    4.374554E-01    6.602837E-01 
   509    1.851771E-02    4.643044E-01    4.387013E-01    6.687535E-01 
   510    1.907250E-02    4.649996E-01    4.398216E-01    6.836877E-01 
   511    1.962820E-02    4.652142E-01    4.402777E-01    6.988871E-01 
   512    2.017586E-02    4.647512E-01    4.397459E-01    7.118584E-01 
   513    2.071717E-02    4.634665E-01    4.380494E-01    7.216648E-01 
   514    2.124317E-02    4.613966E-01    4.351835E-01    7.252872E-01 
   515    2.176139E-02    4.585737E-01    4.312186E-01    7.240620E-01 
   516    2.228627E-02    4.548885E-01    4.260665E-01    7.199460E-01 
   517    2.282309E-02    4.501842E-01    4.195804E-01    7.143354E-01 
   518    2.336261E-02    4.444964E-01    4.117868E-01    7.055258E-01 
   519    2.390555E-02    4.378953E-01    4.028049E-01    6.927490E-01 
   520    2.445781E-02    4.303468E-01    3.926155E-01    6.757028E-01 
   521    2.502387E-02    4.218290E-01    3.812319E-01    6.549051E-01 
   522    2.560791E-02    4.123235E-01    3.686563E-01    6.301246E-01 
   523    2.621239E-02    4.018627E-01    3.549905E-01    6.004444E-01 
   524    2.683972E-02    3.905277E-01    3.403770E-01    5.659808E-01 
   525    2.749193E-02    3.784410E-01    3.250290E-01    5.271137E-01 
   526    2.817105E-02    3.657695E-01    3.092087E-01    4.840417E-01 
   527    2.887913E-02    3.527478E-01    2.932581E-01    4.367025E-01 
   528    2.961825E-02    3.396631E-01    2.775488E-01    3.857153E-01 
   529    3.039009E-02    3.268186E-01    2.624487E-01    3.328083E-01 
   530    3.119530E-02    3.145222E-01    2.483035E-01    2.799240E-01 
   531    3.203313E-02    3.030675E-01    2.354085E-01    2.285148E-01 
   532    3.290189E-02    2.926980E-01    2.239796E-01    1.805612E-01 
   533    3.379901E-02    2.835873E-01    2.141391E-01    1.382373E-01 
   534    3.472087E-02    2.758275E-01    2.059102E-01    1.026776E-01 
   535    3.566333E-02    2.694202E-01    1.992223E-01    7.412269E-02 
   536    3.662228E-02    2.642854E-01    1.939326E-01    5.206627E-02 
   537    3.759384E-02    2.602889E-01    1.898571E-01    3.569480E-02 
   538    3.857479E-02    2.572621E-01    1.867939E-01    2.396803E-02 
   539    3.956240E-02    2.550286E-01    1.845442E-01    1.573499E-02 
   540    4.055465E-02    2.534183E-01    1.829270E-01    1.010897E-02 
   541    4.155006E-02    2.522824E-01    1.817882E-01    6.358992E-03 
   542    4.254756E-02    2.514977E-01    1.810019E-01    3.915110E-03 
   543    4.354642E-02    2.509659E-01    1.804690E-01    2.356094E-03 
   544    4.454615E-02    2.506121E-01    1.801143E-01    1.382281E-03 
   545    4.554640E-02    2.503808E-01    1.798823E-01    7.875972E-04 
   546    4.654698E-02    2.502323E-01    1.797333E-01    4.330280E-04 
   547    4.754775E-02    2.501388E-01    1.796394E-01    2.273668E-04 
   548    4.854864E-02    2.500809E-01    1.795813E-01    1.118857E-04 
   549    4.954958E-02    2.500459E-01    1.795461E-01    4.937205E-05 
   550    5.055055E-02    2.500252E-01    1.795253E-01    1.698565E-05 
   551    5.155154E-02    2.500133E-01    1.795134E-01    2.139480E-06 
   552    5.255254E-02    2.500066E-01    1.795067E-01   -3.343073E-06 
   553    5.355355E-02    2.500031E-01    1.795031E-01   -4.349029E-06 
   554    5.455455E-02    2.500012E-01    1.795013E-01   -3.654901E-06 
   555    5.555555E-02    2.500004E-01    1.795004E-01   -2.566865E-06 
   556    5.655656E-02    2.500000E-01    1.795000E-01   -1.606933E-06 
   557    5.755756E-02    2.499999E-01    1.794999E-01   -9.129020E-07 
   558    5.855856E-02    2.499999E-01    1.794999E-01   -4.672269E-07 
   559    5.955956E-02    2.499999E-01    1.794999E-01   -2.077114E-07 
   560    6.056056E-02    2.499999E-01    1.794999E-01   -7.150153E-08 
   561    6.156156E-02    2.500000E-01    1.795000E-01   -6.642192E-09 
   562    6.256256E-02    2.500000E-01    1.795000E-01    1.988676E-08 
   563    6.356356E-02    2.500000E-01    1.795000E-01    2.740121E-08 
   564    6.456456E-02    2.500000E-01    1.795000E-01    2.621961E-08 
   565    6.556557E-02    2.500000E-01    1.795000E-01    2.166511E-08 
   566    6.656657E-02    2.500000E-01    1.795000E-01    1.645498E-08 
   567    6.756757E-02    2.500000E-01    1.795000E-01    1.178856E-08 
   568    6.856857E-02    2.500000E-01    1.795000E-01    8.055937E-09 
   569    6.956957E-02    2.500000E-01    1.795000E-01    5.278968E-09 
   570    7.057057E-02    2.500000E-01    1.795000E-01    3.326363E-09 
   571    7.157157E-02    2.500000E-01    1.795000E-01    2.015394E-09 
   572    7.257257E-02    2.500000E-01    1.795000E-01    1.170693E-09 
   573    7.357357E-02    2.500000E-01    1.795000E-01    6.478067E-10 
   574    7.457457E-02    2.500000E-01    1.795000E-01    3.373521E-10 
   575    7.557558E-02    2.500000E-01    1.795000E-01    1.610873E-10 
   576    7.657658E-02    2.500000E-01    1.795000E-01    6.532486E-11 
   577    7.757758E-02    2.500000E-01    1.795000E-01    1.838804E-11 
   578    7.857858E-02    2.500000E-01    1.795000E-01   -1.332514E-12 
   579    7.957958E-02    2.500000E-01    1.795000E-01   -7.313579E-12 
   580    8.058058E-02    2.500000E-01    1.795000E-01   -7.409178E-12 
   581    8.158158E-02    2.500000E-01    1.795000E-01   -5.622777E-12 
   582    8.258258E-02    2.500000E-01    1.795000E-01   -3.672765E-12 
   583    8.358358E-02    2.500000E-01    1.795000E-01   -2.145202E-12 
   584    8.458458E-02    2.500000E-01    1.795000E-01   -1.126634E-12 
   585    8.558559E-02    2.500000E-01    1.795000E-01   -5.222326E-13 
   586    8.658659E-02    2.500000E-01    1.795000E-01   -2.020700E-13 
   587    8.758759E-02    2.500000E-01    1.795000E-01   -4.773234E-14 
   588    8.858859E-02    2.500000E-01    1.795000E-01    1.764476E-14 
   589    8.958959E-02    2.500000E-01    1.795000E-01    3.876980E-14 
   590    9.059059E-02    2.500000E-01    1.795000E-01    3.957217E-14 
   591    9.159159E-02    2.500000E-01    1.795000E-01    3.264043E-14 
   592    9.259259E-02    2.500000E-01    1.795000E-01    2.416750E-14 
   593    9.359359E-02    2.500000E-01    1.795000E-01    1.662373E-14 
   594    9.459459E-02    2.500000E-01    1.795000E-01    1.094649E-14 
   595    9.559560E-02    2.500000E-01    1.795000E-01    6.815080E-15 
   596    9.659660E-02    2.500000E-01    1.795000E-01    3.846556E-15 
   597    9.759760E-02    2.500000E-01    1.795000E-01    1.778677E-15 
   598    9.859860E-02    2.500000E-01    1.795000E-01   -2.583347E-16 
   599    9.959960E-02    2.500000E-01    1.795000E-01    6.504642E-17 
   600    1.006006E-01    2.500000E-01    1.795000E-01    1.799631E-15 
   601    1.016016E-01    2.500000E-01    1.795000E-01    2.916557E-15 
   602    1.026026E-01    2.500000E-01    1.795000E-01    3.619462E-15 
   603    1.036036E-01    2.500000E-01    1.795000E-01    4.205884E-15 
   604    1.046046E-01    2.500000E-01    1.795000E-01    2.058765E-15 
   605    1.056056E-01    2.500000E-01    1.795000E-01    5.782256E-16 
   606    1.066066E-01    2.500000E-01    1.795000E-01   -7.200341E-16 
   607    1.076076E-01    2.500000E-01    1.795000E-01   -2.130953E-15 
   608    1.086086E-01    2.500000E-01    1.795000E-01   -4.517320E-15 
   609    1.096096E-01    2.500000E-01    1.795000E-01   -3.744178E-15 
   610    1.106106E-01    2.500000E-01    1.795000E-01   -3.064811E-15 
   611    1.116116E-01    2.500000E-01    1.795000E-01   -1.736228E-15 
   612    1.126126E-01    2.500000E-01    1.795000E-01    3.504484E-16 
   613    1.136136E-01    2.500000E-01    1.795000E-01    1.141571E-15 
   614    1.146146E-01    2.500000E-01    1.795000E-01    3.627725E-16 
   615    1.156156E-01    2.500000E-01    1.795000E-01   -1.610877E-16 
   616    1.166166E-01    2.500000E-01    1.795000E-01   -4.485212E-16 
   617    1.176176E-01    2.500000E-01    1.795000E-01   -4.452607E-16 
   618    1.186186E-01    2.500000E-01    1.795000E-01   -2.157940E-16 
   619    1.196196E-01    2.500000E-01    1.795000E-01   -4.736813E-16 
   620    1.206206E-01    2.500000E-01    1.795000E-01   -2.460665E-16 
   621    1.216216E-01    2.500000E-01    1.795000E-01   -2.189200E-16 
   622    1.226226E-01    2.500000E-01    1.795000E-01   -2.989828E-16 
   623    1.236236E-01    2.500000E-01    1.795000E-01   -2.879636E-17 
   624    1.246246E-01    2.500000E-01    1.795000E-01   -3.283832E-16 
   625    1.256256E-01    2.500000E-01    1.795000E-01    1.160094E-16 
   626    1.266266E-01    2.500000E-01    1.795000E-01   -2.323990E-16 
   627    1.276276E-01    2.500000E-01    1.795000E-01   -3.349174E-16 
   628    1.286286E-01    2.500000E-01    1.795000E-01    2.233585E-16 
   629    1.296296E-01    2.500000E-01    1.795000E-01   -3.283547E-16 
   630    1.306306E-01    2.500000E-01    1.795000E-01    1.134769E-16 
   631    1.316316E-01    2.500000E-01    1.795000E-01   -3.044328E-16 
   632    1.326326E-01    2.500000E-01    1.795000E-01   -3.348923E-16 
   633    1.336336E-01    2.500000E-01    1.795000E-01    1.513194E-16 
   634    1.346346E-01    2.500000E-01    1.795000E-01   -2.923107E-16 
   635    1.356356E-01    2.500000E-01    1.795000E-01    1.134769E-16 
   636    1.366366E-01    2.500000E-01    1.795000E-01   -3.224460E-16 
   637    1.376376E-01    2.500000E-01    1.795000E-01   -4.069274E-16 
   638    1.386386E-01    2.500000E-01    1.795000E-01    1.513194E-16 
   639    1.396396E-01    2.500000E-01    1.795000E-01   -4.003769E-16 
   640    1.406406E-01    2.500000E-01    1.795000E-01    1.134769E-16 
   641    1.416416E-01    2.500000E-01    1.795000E-01   -3.224460E-16 
   642    1.426426E-01    2.500000E-01    1.795000E-01   -4.069274E-16 
   643    1.436436E-01    2.500000E-01    1.795000E-01    1.513194E-16 
   644    1.446446E-01    2.500000E-01    1.795000E-01   -4.003769E-16 
   645    1.456456E-01    2.500000E-01    1.795000E-01    1.134769E-16 
   646    1.466466E-01    2.500000E-01    1.795000E-01   -3.224460E-16 
   647    1.476476E-01    2.500000E-01    1.795000E-01   -4.069274E-16 
   648    1.486486E-01    2.500000E-01    1.795000E-01    1.513194E-16 
   649    1.496496E-01    2.500000E-01    1.795000E-01   -4.003769E-16 
   650    1.506507E-01    2.500000E-01    1.795000E-01    1.182605E-16 
   651    1.516517E-01    2.500000E-01    1.795000E-01   -3.224460E-16 
   652    1.526527E-01    2.500000E-01    1.795000E-01   -4.069274E-16 
   653    1.536537E-01    2.500000E-01    1.795000E-01    1.551199E-16 
   654    1.546547E-01    2.500000E-01    1.795000E-01   -4.003769E-16 
   655    1.556557E-01    2.500000E-01    1.795000E-01    1.496397E-16 
   656    1.566567E-01    2.500000E-01    1.795000E-01   -2.602524E-16 
   657    1.576577E-01    2.500000E-01    1.795000E-01   -4.354927E-16 
   658    1.586587E-01    2.500000E-01    1.795000E-01    2.541964E-16 
   659    1.596597E-01    2.500000E-01    1.795000E-01   -2.090018E-16 
   660    1.606607E-01    2.500000E-01    1.795000E-01    4.891714E-16 
   661    1.616617E-01    2.500000E-01    1.795000E-01    2.125673E-16 
   662    1.626627E-01    2.500000E-01    1.795000E-01    2.224485E-16 
   663    1.636637E-01    2.500000E-01    1.795000E-01    5.746914E-16 
   664    1.646647E-01    2.500000E-01    1.795000E-01    1.217384E-16 
   665    1.656657E-01    2.500000E-01    1.795000E-01    5.364610E-17 
   666    1.666667E-01    2.500000E-01    1.795000E-01   -3.615002E-16 
   667    1.676677E-01    2.500000E-01    1.795000E-01   -1.185958E-15 
   668    1.686687E-01    2.500000E-01    1.795000E-01   -3.267121E-16 
   669    1.696697E-01    2.500000E-01    1.795000E-01    1.718577E-15 
   670    1.706707E-01    2.500000E-01    1.795000E-01    2.916557E-15 
   671    1.716717E-01    2.500000E-01    1.795000E-01    3.619462E-15 
   672    1.726727E-01    2.500000E-01    1.795000E-01    4.259919E-15 
   673    1.736737E-01    2.500000E-01    1.795000E-01    2.058765E-15 
   674    1.746747E-01    2.500000E-01    1.795000E-01    6.322612E-16 
   675    1.756757E-01    2.500000E-01    1.795000E-01   -7.200341E-16 
   676    1.766767E-01    2.500000E-01    1.795000E-01   -2.130953E-15 
   677    1.776777E-01    2.500000E-01    1.795000E-01   -4.517320E-15 
   678    1.786787E-01    2.500000E-01    1.795000E-01   -3.744178E-15 
   679    1.796797E-01    2.500000E-01    1.795000E-01   -3.064811E-15 
   680    1.806807E-01    2.500000E-01    1.795000E-01   -1.736228E-15 
   681    1.816817E-01    2.500000E-01    1.795000E-01    3.504484E-16 
   682    1.826827E-01    2.500000E-01    1.795000E-01    1.141571E-15 
   683    1.836837E-01    2.500000E-01    1.795000E-01    3.627725E-16 
   684    1.846847E-01    2.500000E-01    1.795000E-01   -1.610877E-16 
   685    1.856857E-01    2.500000E-01    1.795000E-01   -4.485212E-16 
   686    1.866867E-01    2.500000E-01    1.795000E-01   -4.452607E-16 
   687    1.876877E-01    2.500000E-01    1.795000E-01   -2.157940E-16 
   688    1.886887E-01    2.500000E-01    1.795000E-01   -4.736813E-16 
   689    1.896897E-01    2.500000E-01    1.795000E-01   -2.460665E-16 
   690    1.906907E-01    2.500000E-01    1.795000E-01   -2.189200E-16 
   691    1.916917E-01    2.500000E-01    1.795000E-01   -2.989828E-16 
   692    1.926927E-01    2.500000E-01    1.795000E-01   -2.879636E-17 
   693    1.936937E-01    2.500000E-01    1.795000E-01   -3.283832E-16 
   694    1.946947E-01    2.500000E-01    1.795000E-01    1.160094E-16 
   695    1.956957E-01    2.500000E-01    1.795000E-01   -2.323990E-16 
   696    1.966967E-01    2.500000E-01    1.795000E-01   -3.349174E-16 
   697    1.976977E-01    2.500000E-01    1.795000E-01    2.233585E-16 
   698    1.986987E-01    2.500000E-01    1.795000E-01   -3.283547E-16 
   699    1.996997E-01    2.500000E-01    1.795000E-01    1.134769E-16 
   700    2.007007E-01    2.500000E-01    1.795000E-01   -3.044328E-16 
   701    2.017017E-01    2.500000E-01    1.795000E-01   -3.348923E-16 
   702    2.027027E-01    2.500000E-01    1.795000E-01    1.513194E-16 
   703    2.037037E-01    2.500000E-01    1.795000E-01   -2.923107E-16 
   704    2.047047E-01    2.500000E-01    1.795000E-01    1.134769E-16 
   705    2.057057E-01    2.500000E-01    1.795000E-01   -3.224460E-16 
   706    2.067067E-01    2.500000E-01    1.795000E-01   -4.069274E-16 
   707    2.077077E-01    2.500000E-01    1.795000E-01    1.513194E-16 
   708    2.087087E-01    2.500000E-01    1.795000E-01   -4.003769E-16 
   709    2.097097E-01    2.500000E-01    1.795000E-01    1.182605E-16 
   710    2.107107E-01    2.500000E-01    1.795000E-01   -3.224460E-16 
   711    2.117117E-01    2.500000E-01    1.795000E-01   -4.069274E-16 
   712    2.127127E-01    2.500000E-01    1.795000E-01    1.551199E-16 
   713    2.137137E-01    2.500000E-01    1.795000E-01   -4.003769E-16 
   714    2.147147E-01    2.500000E-01    1.795000E-01    1.496397E-16 
   715    2.157157E-01    2.500000E-01    1.795000E-01   -2.602524E-16 
   716    2.167167E-01    2.500000E-01    1.795000E-01   -4.354927E-16 
   717    2.177177E-01    2.500000E-01    1.795000E-01    2.541964E-16 
   718    2.187187E-01    2.500000E-01    1.795000E-01   -2.090018E-16 
   719    2.197197E-01    2.500000E-01    1.795000E-01    4.891714E-16 
   720    2.207207E-01    2.500000E-01    1.795000E-01    2.125673E-16 
   721    2.217217E-01    2.500000E-01    1.795000E-01    2.224485E-16 
   722    2.227227E-01    2.500000E-01    1.795000E-01    5.746914E-16 
   723    2.237237E-01    2.500000E-01    1.795000E-01    1.217384E-16 
   724    2.247247E-01    2.500000E-01    1.795000E-01    5.364610E-17 
   725    2.257257E-01    2.500000E-01    1.795000E-01   -3.615002E-16 
   726    2.267267E-01    2.500000E-01    1.795000E-01   -1.185958E-15 
   727    2.277277E-01    2.500000E-01    1.795000E-01   -3.267121E-16 
   728    2.287287E-01    2.500000E-01    1.795000E-01    1.718577E-15 
   729    2.297297E-01    2.500000E-01    1.795000E-01    2.916557E-15 
   730    2.307307E-01    2.500000E-01    1.795000E-01    3.619462E-15 
   731    2.317317E-01    2.500000E-01    1.795000E-01    4.259919E-15 
   732    2.327327E-01    2.500000E-01    1.795000E-01    2.058765E-15 
   733    2.337337E-01    2.500000E-01    1.795000E-01    6.322612E-16 
   734    2.347347E-01    2.500000E-01    1.795000E-01   -7.200341E-16 
   735    2.357357E-01    2.500000E-01    1.795000E-01   -2.130953E-15 
   736    2.367367E-01    2.500000E-01    1.795000E-01   -4.517320E-15 
   737    2.377377E-01    2.500000E-01    1.795000E-01   -3.744178E-15 
   738    2.387387E-01    2.500000E-01    1.795000E-01   -3.064811E-15 
   739    2.397397E-01    2.500000E-01    1.795000E-01   -1.736228E-15 
   740    2.407407E-01    2.500000E-01    1.795000E-01    3.504484E-16 
   741    2.417417E-01    2.500000E-01    1.795000E-01    1.141571E-15 
   742    2.427427E-01    2.500000E-01    1.795000E-01    3.627725E-16 
   743    2.437437E-01    2.500000E-01    1.795000E-01   -1.610877E-16 
   744    2.447447E-01    2.500000E-01    1.795000E-01   -4.485212E-16 
   745    2.457457E-01    2.500000E-01    1.795000E-01   -4.452607E-16 
   746    2.467467E-01    2.500000E-01    1.795000E-01   -2.157940E-16 
   747    2.477477E-01    2.500000E-01    1.795000E-01   -4.736813E-16 
   748    2.487487E-01    2.500000E-01    1.795000E-01   -2.460665E-16 
   749    2.497497E-01    2.500000E-01    1.795000E-01   -2.189200E-16 
   750    2.507508E-01    2.500000E-01    1.795000E-01   -2.989828E-16 
   751    2.517518E-01    2.500000E-01    1.795000E-01   -2.879636E-17 
   752    2.527528E-01    2.500000E-01    1.795000E-01   -3.283832E-16 
   753    2.537538E-01    2.500000E-01    1.795000E-01    1.160094E-16 
   754    2.547548E-01    2.500000E-01    1.795000E-01   -2.323990E-16 
   755    2.557558E-01    2.500000E-01    1.795000E-01   -3.349174E-16 
   756    2.567568E-01    2.500000E-01    1.795000E-01    2.233585E-16 
   757    2.577578E-01    2.500000E-01    1.795000E-01   -3.283547E-16 
   758    2.587588E-01    2.500000E-01    1.795000E-01    1.134769E-16 
   759    2.597598E-01    2.500000E-01    1.795000E-01   -3.044328E-16 
   760    2.607608E-01    2.500000E-01    1.795000E-01   -3.348923E-16 
   761    2.617618E-01    2.500000E-01    1.795000E-01    1.513194E-16 
   762    2.627628E-01    2.500000E-01    1.795000E-01   -2.923107E-16 
   763    2.637638E-01    2.500000E-01    1.795000E-01    1.134769E-16 
   764    2.647648E-01    2.500000E-01    1.795000E-01   -3.224460E-16 
   765    2.657658E-01    2.500000E-01    1.795000E-01   -4.069274E-16 
   766    2.667668E-01    2.500000E-01    1.795000E-01    1.513194E-16 
   767    2.677678E-01    2.500000E-01    1.795000E-01   -4.003769E-16 
   768    2.687688E-01    2.500000E-01    1.795000E-01    1.134769E-16 
   769    2.697698E-01    2.500000E-01    1.795000E-01   -3.224460E-16 
   770    2.707708E-01    2.500000E-01    1.795000E-01   -4.069274E-16 
   771    2.717718E-01    2.500000E-01    1.795000E-01    1.513194E-16 
   772    2.727728E-01    2.500000E-01    1.795000E-01   -4.003769E-16 
   773    2.737738E-01    2.500000E-01    1.795000E-01    1.134769E-16 
   774    2.747748E-01    2.500000E-01    1.795000E-01   -3.224460E-16 
   775    2.757758E-01    2.500000E-01    1.795000E-01   -4.069274E-16 
   776    2.767768E-01    2.500000E-01    1.795000E-01    1.513194E-16 
   777    2.777778E-01    2.500000E-01    1.795000E-01   -4.003769E-16 
   778    2.787788E-01    2.500000E-01    1.795000E-01    1.182605E-16 
   779    2.797798E-01    2.500000E-01    1.795000E-01   -3.224460E-16 
   780    2.807808E-01    2.500000E-01    1.795000E-01   -4.069274E-16 
   781    2.817818E-01    2.500000E-01    1.795000E-01    1.551199E-16 
   782    2.827828E-01    2.500000E-01    1.795000E-01   -4.003769E-16 
   783    2.837838E-01    2.500000E-01    1.795000E-01    1.496397E-16 
   784    2.847848E-01    2.500000E-01    1.795000E-01   -2.602524E-16 
   785    2.857858E-01    2.500000E-01    1.795000E-01   -4.354927E-16 
   786    2.867868E-01    2.500000E-01    1.795000E-01    2.541964E-16 
   787    2.877878E-01    2.500000E-01    1.795000E-01   -2.090018E-16 
   788    2.887888E-01    2.500000E-01    1.795000E-01    4.891714E-16 
   789    2.897898E-01    2.500000E-01    1.795000E-01    2.125673E-16 
   790    2.907908E-01    2.500000E-01    1.795000E-01    2.224485E-16 
   791    2.917918E-01    2.500000E-01    1.795000E-01    5.746914E-16 
   792    2.927928E-01    2.500000E-01    1.795000E-01    1.217384E-16 
   793    2.937938E-01    2.500000E-01    1.795000E-01    5.364610E-17 
   794    2.947948E-01    2.500000E-01    1.795000E-01   -3.615002E-16 
   795    2.957958E-01    2.500000E-01    1.795000E-01   -1.185958E-15 
   796    2.967968E-01    2.500000E-01    1.795000E-01   -3.267121E-16 
   797    2.977978E-01    2.500000E-01    1.795000E-01    1.718577E-15 
   798    2.987988E-01    2.500000E-01    1.795000E-01    2.916557E-15 
   799    2.997998E-01    2.500000E-01    1.795000E-01    3.619462E-15 
   800    3.008008E-01    2.500000E-01    1.795000E-01    4.259919E-15 
   801    3.018018E-01    2.500000E-01    1.795000E-01    2.058765E-15 
   802    3.028028E-01    2.500000E-01    1.795000E-01    6.322612E-16 
   803    3.038038E-01    2.500000E-01    1.795000E-01   -7.200341E-16 
   804    3.048048E-01    2.500000E-01    1.795000E-01   -2.130953E-15 
   805    3.058058E-01    2.500000E-01    1.795000E-01   -4.517320E-15 
   806    3.068068E-01    2.500000E-01    1.795000E-01   -3.744178E-15 
   807    3.078078E-01    2.500000E-01    1.795000E-01   -3.064811E-15 
   808    3.088088E-01    2.500000E-01    1.795000E-01   -1.736228E-15 
   809    3.098098E-01    2.500000E-01    1.795000E-01    3.504484E-16 
   810    3.108108E-01    2.500000E-01    1.795000E-01    1.141571E-15 
   811    3.118118E-01    2.500000E-01    1.795000E-01    3.627725E-16 
   812    3.128128E-01    2.500000E-01    1.795000E-01   -1.610877E-16 
   813    3.138138E-01    2.500000E-01    1.795000E-01   -4.485212E-16 
   814    3.148148E-01    2.500000E-01    1.795000E-01   -4.452607E-16 
   815    3.158158E-01    2.500000E-01    1.795000E-01   -2.157940E-16 
   816    3.168168E-01    2.500000E-01    1.795000E-01   -4.736813E-16 
   817    3.178178E-01    2.500000E-01    1.795000E-01   -2.460665E-16 
   818    3.188188E-01    2.500000E-01    1.795000E-01   -2.189200E-16 
   819    3.198198E-01    2.500000E-01    1.795000E-01   -2.989828E-16 
   820    3.208208E-01    2.500000E-01    1.795000E-01   -2.879636E-17 
   821    3.218218E-01    2.500000E-01    1.795000E-01   -3.283832E-16 
   822    3.228228E-01    2.500000E-01    1.795000E-01    1.160094E-16 
   823    3.238238E-01    2.500000E-01    1.795000E-01   -2.323990E-16 
   824    3.248248E-01    2.500000E-01    1.795000E-01   -3.349174E-16 
   825    3.258258E-01    2.500000E-01    1.795000E-01    2.233585E-16 
   826    3.268268E-01    2.500000E-01    1.795000E-01   -3.283547E-16 
   827    3.278278E-01    2.500000E-01    1.795000E-01    1.134769E-16 
   828    3.288288E-01    2.500000E-01    1.795000E-01   -3.044328E-16 
   829    3.298298E-01    2.500000E-01    1.795000E-01   -3.348923E-16 
   830    3.308308E-01    2.500000E-01    1.795000E-01    1.513194E-16 
   831    3.318318E-01    2.500000E-01    1.795000E-01   -2.923107E-16 
   832    3.328328E-01    2.500000E-01    1.795000E-01    1.134769E-16 
   833    3.338338E-01    2.500000E-01    1.795000E-01   -3.224460E-16 
   834    3.348348E-01    2.500000E-01    1.795000E-01   -4.069274E-16 
   835    3.358358E-01    2.500000E-01    1.795000E-01    1.513194E-16 
   836    3.368368E-01    2.500000E-01    1.795000E-01   -4.003769E-16 
   837    3.378378E-01    2.500000E-01    1.795000E-01    1.182605E-16 
   838    3.388388E-01    2.500000E-01    1.795000E-01   -3.224460E-16 
   839    3.398398E-01    2.500000E-01    1.795000E-01   -4.069274E-16 
   840    3.408408E-01    2.500000E-01    1.795000E-01    1.551199E-16 
   841    3.418418E-01    2.500000E-01    1.795000E-01   -4.003769E-16 
   842    3.428428E-01    2.500000E-01    1.795000E-01    1.496397E-16 
   843    3.438438E-01    2.500000E-01    1.795000E-01   -2.602524E-16 
   844    3.448448E-01    2.500000E-01    1.795000E-01   -4.354927E-16 
   845    3.458458E-01    2.500000E-01    1.795000E-01    2.541964E-16 
   846    3.468468E-01    2.500000E-01    1.795000E-01   -2.090018E-16 
   847    3.478478E-01    2.500000E-01    1.795000E-01    4.891714E-16 
   848    3.488488E-01    2.500000E-01    1.795000E-01    2.125673E-16 
   849    3.498498E-01    2.500000E-01    1.795000E-01    2.224485E-16 
   850    3.508509E-01    2.500000E-01    1.795000E-01    5.746914E-16 
   851    3.518519E-01    2.500000E-01    1.795000E-01    1.217384E-16 
   852    3.528529E-01    2.500000E-01    1.795000E-01    5.364610E-17 
   853    3.538539E-01    2.500000E-01    1.795000E-01   -3.615002E-16 
   854    3.548549E-01    2.500000E-01    1.795000E-01   -1.185958E-15 
   855    3.558559E-01    2.500000E-01    1.795000E-01   -3.267121E-16 
   856    3.568569E-01    2.500000E-01    1.795000E-01    1.718577E-15 
   857    3.578579E-01    2.500000E-01    1.795000E-01    2.916557E-15 
   858    3.588589E-01    2.500000E-01    1.795000E-01    3.619462E-15 
   859    3.598599E-01    2.500000E-01    1.795000E-01    4.259919E-15 
   860    3.608609E-01    2.500000E-01    1.795000E-01    2.058765E-15 
   861    3.618619E-01    2.500000E-01    1.795000E-01    6.322612E-16 
   862    3.628629E-01    2.500000E-01    1.795000E-01   -7.200341E-16 
   863    3.638639E-01    2.500000E-01    1.795000E-01   -2.130953E-15 
   864    3.648649E-01    2.500000E-01    1.795000E-01   -4.517320E-15 
   865    3.658659E-01    2.500000E-01    1.795000E-01   -3.744178E-15 
   866    3.668669E-01    2.500000E-01    1.795000E-01   -3.064811E-15 
   867    3.678679E-01    2.500000E-01    1.795000E-01   -1.736228E-15 
   868    3.688689E-01    2.500000E-01    1.795000E-01    3.504484E-16 
   869    3.698699E-01    2.500000E-01    1.795000E-01    1.141571E-15 
   870    3.708709E-01    2.500000E-01    1.795000E-01    3.627725E-16 
   871    3.718719E-01    2.500000E-01    1.795000E-01   -1.610877E-16 
   872    3.728729E-01    2.500000E-01    1.795000E-01   -4.485212E-16 
   873    3.738739E-01    2.500000E-01    1.795000E-01   -4.452607E-16 
   874    3.748749E-01    2.500000E-01    1.795000E-01   -2.157940E-16 
   875    3.758759E-01    2.500000E-01    1.795000E-01   -4.736813E-16 
   876    3.768769E-01    2.500000E-01    1.795000E-01   -2.460665E-16 
   877    3.778779E-01    2.500000E-01    1.795000E-01   -2.189200E-16 
   878    3.788789E-01    2.500000E-01    1.795000E-01   -2.989828E-16 
   879    3.798799E-01    2.500000E-01    1.795000E-01   -2.879636E-17 
   880    3.808809E-01    2.500000E-01    1.795000E-01   -3.283832E-16 
   881    3.818819E-01    2.500000E-01    1.795000E-01    1.160094E-16 
   882    3.828829E-01    2.500000E-01    1.795000E-01   -2.323990E-16 
   883    3.838839E-01    2.500000E-01    1.795000E-01   -3.349174E-16 
   884    3.848849E-01    2.500000E-01    1.795000E-01    2.233585E-16 
   885    3.858859E-01    2.500000E-01    1.795000E-01   -3.283547E-16 
   886    3.868869E-01    2.500000E-01    1.795000E-01    1.134769E-16 
   887    3.878879E-01    2.500000E-01    1.795000E-01   -3.044328E-16 
   888    3.888889E-01    2.500000E-01    1.795000E-01   -3.348923E-16 
   889    3.898899E-01    2.500000E-01    1.795000E-01    1.513194E-16 
   890    3.908909E-01    2.500000E-01    1.795000E-01   -2.923107E-16 
   891    3.918919E-01    2.500000E-01    1.795000E-01    1.134769E-16 
   892    3.928929E-01    2.500000E-01    1.795000E-01   -3.224460E-16 
   893    3.938939E-01    2.500000E-01    1.795000E-01   -4.069274E-16 
   894    3.948949E-01    2.500000E-01    1.795000E-01    1.513194E-16 
   895    3.958959E-01    2.500000E-01    1.795000E-01   -4.003769E-16 
   896    3.968969E-01    2.500000E-01    1.795000E-01    1.143212E-16 
   897    3.978979E-01    2.500000E-01    1.795000E-01   -3.168174E-16 
   898    3.988989E-01    2.500000E-01    1.795000E-01   -3.982029E-16 
   899    3.998999E-01    2.500000E-01    1.795000E-01    2.038071E-16 
   900    4.009009E-01    2.500000E-01    1.795000E-01   -3.318476E-16 
   901    4.019019E-01    2.500000E-01    1.795000E-01    2.695318E-16 
   902    4.029029E-01    2.500000E-01    1.795000E-01    4.102369E-17 
   903    4.039039E-01    2.500000E-01    1.795000E-01    2.557088E-16 
   904    4.049049E-01    2.500000E-01    1.795000E-01    1.155329E-15 
   905    4.059059E-01    2.500000E-01    1.795000E-01    1.135819E-15 
   906    4.069069E-01    2.500000E-01    1.795000E-01    1.838772E-15 
   907    4.079079E-01    2.500000E-01    1.795000E-01    6.373038E-16 
   908    4.089089E-01    2.500000E-01    1.795000E-01   -3.218462E-15 
   909    4.099099E-01    2.500000E-01    1.795000E-01   -1.169351E-14 
   910    4.109109E-01    2.500000E-01    1.795000E-01   -3.192855E-14 
   911    4.119119E-01    2.500000E-01    1.795000E-01   -7.001179E-14 
   912    4.129129E-01    2.500000E-01    1.795000E-01   -1.379060E-13 
   913    4.139139E-01    2.500000E-01    1.795000E-01   -2.548101E-13 
   914    4.149149E-01    2.500000E-01    1.795000E-01   -4.485410E-13 
   915    4.159159E-01    2.500000E-01    1.795000E-01   -7.550739E-13 
   916    4.169169E-01    2.500000E-01    1.795000E-01   -1.219559E-12 
   917    4.179179E-01    2.500000E-01    1.795000E-01   -1.895520E-12 
   918    4.189189E-01    2.500000E-01    1.795000E-01   -2.823584E-12 
   919    4.199199E-01    2.500000E-01    1.795000E-01   -4.012516E-12 
   920    4.209209E-01    2.500000E-01    1.795000E-01   -5.389650E-12 
   921    4.219219E-01    2.500000E-01    1.795000E-01   -6.697297E-12 
   922    4.229229E-01    2.500000E-01    1.795000E-01   -7.305488E-12 
   923    4.239239E-01    2.500000E-01    1.795000E-01   -5.902723E-12 
   924    4.249249E-01    2.500000E-01    1.795000E-01   -3.718870E-14 
   925    4.259259E-01    2.500000E-01    1.795000E-01    1.505965E-11 
   926    4.269269E-01    2.500000E-01    1.795000E-01    4.752663E-11 
   927    4.279279E-01    2.500000E-01    1.795000E-01    1.104090E-10 
   928    4.289289E-01    2.500000E-01    1.795000E-01    2.200029E-10 
   929    4.299299E-01    2.500000E-01    1.795000E-01    3.933204E-10 
   930    4.309309E-01    2.500000E-01    1.795000E-01    6.384219E-10 
   931    4.319319E-01    2.500000E-01    1.795000E-01    9.300426E-10 
   932    4.329329E-01    2.500000E-01    1.795000E-01    1.159455E-09 
   933    4.339339E-01    2.500000E-01    1.795000E-01    1.039009E-09 
   934    4.349349E-01    2.500000E-01    1.795000E-01   -3.517131E-11 
   935    4.359359E-01    2.500000E-01    1.795000E-01   -3.188623E-09 
   936    4.369369E-01    2.500000E-01    1.795000E-01   -1.023902E-08 
   937    4.379379E-01    2.500000E-01    1.795000E-01   -2.387682E-08 
   938    4.389389E-01    2.500000E-01    1.795000E-01   -4.857628E-08 
   939    4.399399E-01    2.500000E-01    1.795000E-01   -9.181608E-08 
   940    4.409409E-01    2.500001E-01    1.795001E-01   -1.649288E-07 
   941    4.419419E-01    2.500001E-01    1.795001E-01   -2.851070E-07 
   942    4.429429E-01    2.500002E-01    1.795002E-01   -4.780183E-07 
   943    4.439439E-01    2.500003E-01    1.795003E-01   -7.811638E-07 
   944    4.449449E-01    2.500004E-01    1.795004E-01   -1.248451E-06 
   945    4.459459E-01    2.500007E-01    1.795007E-01   -1.956084E-06 
   946    4.469469E-01    2.500010E-01    1.795010E-01   -3.009111E-06 
   947    4.479479E-01    2.500014E-01    1.795014E-01   -4.550122E-06 
   948    4.489489E-01    2.500021E-01    1.795021E-01   -6.771029E-06 
   949    4.499499E-01    2.500029E-01    1.795030E-01   -9.928292E-06 
   950    4.509509E-01    2.500041E-01    1.795042E-01   -1.436170E-05 
   951    4.519519E-01    2.500058E-01    1.795058E-01   -2.051460E-05 
   952    4.529529E-01    2.500080E-01    1.795080E-01   -2.894942E-05 
   953    4.539539E-01    2.500108E-01    1.795109E-01   -4.035560E-05 
   954    4.549548E-01    2.500146E-01    1.795147E-01   -5.554915E-05 
   955    4.559558E-01    2.500196E-01    1.795197E-01   -7.547532E-05 
   956    4.569567E-01    2.500258E-01    1.795260E-01   -1.012397E-04 
   957    4.579576E-01    2.500338E-01    1.795339E-01   -1.341917E-04 
   958    4.589585E-01    2.500436E-01    1.795438E-01   -1.759846E-04 
   959    4.599594E-01    2.500558E-01    1.795561E-01   -2.285356E-04 
   960    4.609602E-01    2.500707E-01    1.795710E-01   -2.937935E-04 
   961    4.619609E-01    2.500886E-01    1.795891E-01   -3.733037E-04 
   962    4.629616E-01    2.501101E-01    1.796107E-01   -4.679341E-04 
   963    4.639621E-01    2.501352E-01    1.796359E-01   -5.777566E-04 
   964    4.649626E-01    2.501639E-01    1.796647E-01   -7.027260E-04 
   965    4.659630E-01    2.501960E-01    1.796970E-01   -8.444349E-04 
   966    4.669632E-01    2.502315E-01    1.797328E-01   -1.007620E-03 
   967    4.679632E-01    2.502707E-01    1.797722E-01   -1.195429E-03 
   968    4.689630E-01    2.503140E-01    1.798157E-01   -1.405422E-03 
   969    4.699627E-01    2.503611E-01    1.798631E-01   -1.624881E-03 
   970    4.709623E-01    2.504106E-01    1.799129E-01   -1.830762E-03 
   971    4.719617E-01    2.504589E-01    1.799615E-01   -2.008542E-03 
   972    4.729610E-01    2.505015E-01    1.800043E-01   -2.148274E-03 
   973    4.739599E-01    2.505340E-01    1.800371E-01   -2.273705E-03 
   974    4.749582E-01    2.505572E-01    1.800604E-01   -2.459734E-03 
   975    4.759557E-01    2.505791E-01    1.800824E-01   -2.789256E-03 
   976    4.769535E-01    2.506044E-01    1.801079E-01   -3.088635E-03 
   977    4.779523E-01    2.506271E-01    1.801307E-01   -3.183970E-03 
   978    4.789529E-01    2.506323E-01    1.801359E-01   -2.824412E-03 
   979    4.799544E-01    2.505980E-01    1.801014E-01   -1.963315E-03 
   980    4.809514E-01    2.505174E-01    1.800203E-01   -1.493958E-03 
   981    4.819485E-01    2.503924E-01    1.798945E-01   -1.089255E-03 
   982    4.829423E-01    2.502452E-01    1.797465E-01   -1.460568E-03 
   983    4.839325E-01    2.501226E-01    1.796233E-01   -2.680872E-03 
   984    4.849263E-01    2.500634E-01    1.795639E-01   -4.105587E-03 
   985    4.859618E-01    2.500027E-01    1.795038E-01   -3.992071E-04 
   986    4.869840E-01    2.498894E-01    1.793913E-01    1.906850E-03 
   987    4.879831E-01    2.497183E-01    1.792197E-01    2.295730E-03 
   988    4.889504E-01    2.494576E-01    1.789543E-01    1.453922E-03 
   989    4.898373E-01    2.491266E-01    1.786063E-01   -3.748248E-03 
   990    4.909910E-01    2.487463E-01    1.785999E-01    0.000000E+00 
   991    4.919920E-01    2.485316E-01    1.784457E-01    0.000000E+00 
   992    4.929930E-01    2.480102E-01    1.780713E-01    0.000000E+00 
   993    4.939940E-01    2.463909E-01    1.769087E-01    0.000000E+00 
   994    4.949950E-01    2.424553E-01    1.740829E-01    0.000000E+00 
   995    4.959960E-01    2.344570E-01    1.683402E-01    0.000000E+00 
   996    4.969970E-01    2.205745E-01    1.583725E-01    0.000000E+00 
   997    4.979980E-01    2.000129E-01    1.436093E-01    0.000000E+00 
   998    4.989990E-01    1.731739E-01    1.243389E-01    0.000000E+00 
   999    5.000000E-01    1.416667E-01    1.017167E-01    0.000000E+00 
