     0   -5.000000E-01    5.666667E-01    5.666667E-01    0.000000E+00 
     1   -4.989990E-01    6.926464E-01    6.926464E-01    0.000000E+00 
     2   -4.979980E-01    7.998322E-01    7.998322E-01    0.000000E+00 
     3   -4.969970E-01    8.818463E-01    8.818463E-01    0.000000E+00 
     4   -4.959960E-01    9.371310E-01    9.371310E-01    0.000000E+00 
     5   -4.949950E-01    9.688855E-01    9.688855E-01    0.000000E+00 
     6   -4.939940E-01    9.845237E-01    9.845237E-01    0.000000E+00 
     7   -4.929930E-01    9.912080E-01    9.912080E-01    0.000000E+00 
     8   -4.919920E-01    9.936039E-01    9.936039E-01    0.000000E+00 
     9   -4.909910E-01    9.947464E-01    9.947464E-01    0.000000E+00 
    10   -4.897411E-01    9.966631E-01    9.951790E-01    5.523844E-04 
    11   -4.889886E-01    9.977939E-01    9.969307E-01   -2.737800E-04 
    12   -4.880206E-01    9.987077E-01    9.982224E-01   -2.159787E-04 
    13   -4.870077E-01    9.992426E-01    9.989617E-01   -1.291512E-04 
    14   -4.859644E-01    9.995459E-01    9.993740E-01   -3.332722E-05 
    15   -4.848112E-01    9.996511E-01    9.995188E-01    8.569839E-04 
    16   -4.839321E-01    9.996891E-01    9.995687E-01   -1.843102E-04 
    17   -4.829835E-01    9.997938E-01    9.997171E-01   -3.708518E-04 
    18   -4.819860E-01    9.998787E-01    9.998345E-01   -2.489939E-04 
    19   -4.809431E-01    9.999214E-01    9.998914E-01    4.655515E-05 
    20   -4.799022E-01    9.998986E-01    9.998599E-01    5.596122E-04 
    21   -4.789146E-01    9.998640E-01    9.998104E-01    8.625476E-05 
    22   -4.779396E-01    9.998931E-01    9.998511E-01   -2.482577E-04 
    23   -4.769507E-01    9.999405E-01    9.999174E-01   -2.481601E-04 
    24   -4.759364E-01    9.999646E-01    9.999506E-01    7.273864E-05 
    25   -4.749372E-01    9.999618E-01    9.999469E-01    1.653512E-04 
    26   -4.739231E-01    9.999516E-01    9.999325E-01    1.517834E-04 
    27   -4.729200E-01    9.999484E-01    9.999280E-01   -2.524122E-06 
    28   -4.719252E-01    9.999667E-01    9.999535E-01   -1.022330E-04 
    29   -4.709305E-01    9.999834E-01    9.999769E-01   -1.546302E-05 
    30   -4.699370E-01    9.999920E-01    9.999889E-01   -4.164568E-05 
    31   -4.689276E-01    9.999935E-01    9.999910E-01    9.447098E-05 
    32   -4.679187E-01    9.999836E-01    9.999773E-01    1.114687E-04 
    33   -4.669170E-01    9.999763E-01    9.999669E-01    4.313331E-05 
    34   -4.659211E-01    9.999811E-01    9.999735E-01   -4.144723E-05 
    35   -4.649253E-01    9.999941E-01    9.999918E-01   -7.945893E-05 
    36   -4.639243E-01    1.000003E+00    1.000004E+00    1.786759E-05 
    37   -4.629195E-01    9.999992E-01    9.999990E-01    9.096871E-05 
    38   -4.619160E-01    9.999906E-01    9.999869E-01    7.603574E-05 
    39   -4.609147E-01    9.999880E-01    9.999832E-01    1.146726E-05 
    40   -4.599152E-01    9.999942E-01    9.999919E-01   -2.835089E-05 
    41   -4.589167E-01    1.000002E+00    1.000003E+00   -2.663944E-05 
    42   -4.579163E-01    1.000006E+00    1.000008E+00    3.372610E-05 
    43   -4.569140E-01    1.000004E+00    1.000006E+00    5.350873E-05 
    44   -4.559114E-01    1.000001E+00    1.000002E+00    4.589710E-05 
    45   -4.549095E-01    1.000001E+00    1.000001E+00    2.155261E-05 
    46   -4.539093E-01    1.000005E+00    1.000007E+00   -5.419136E-06 
    47   -4.529099E-01    1.000010E+00    1.000014E+00   -5.908088E-06 
    48   -4.519095E-01    1.000013E+00    1.000018E+00    2.559075E-05 
    49   -4.509078E-01    1.000012E+00    1.000017E+00    4.487321E-05 
    50   -4.499059E-01    1.000010E+00    1.000013E+00    4.393065E-05 
    51   -4.489043E-01    1.000008E+00    1.000012E+00    2.767162E-05 
    52   -4.479036E-01    1.000010E+00    1.000014E+00    1.001725E-05 
    53   -4.469036E-01    1.000012E+00    1.000017E+00    9.011149E-06 
    54   -4.459030E-01    1.000014E+00    1.000019E+00    2.589063E-05 
    55   -4.449017E-01    1.000013E+00    1.000018E+00    3.403005E-05 
    56   -4.439002E-01    1.000011E+00    1.000015E+00    3.214187E-05 
    57   -4.428988E-01    1.000010E+00    1.000014E+00    2.069913E-05 
    58   -4.418978E-01    1.000011E+00    1.000016E+00    8.640244E-06 
    59   -4.408974E-01    1.000013E+00    1.000018E+00    7.564836E-06 
    60   -4.398968E-01    1.000014E+00    1.000020E+00    2.380497E-05 
    61   -4.388957E-01    1.000015E+00    1.000021E+00    3.571359E-05 
    62   -4.378944E-01    1.000015E+00    1.000022E+00    3.676133E-05 
    63   -4.368930E-01    1.000017E+00    1.000023E+00    2.960230E-05 
    64   -4.358920E-01    1.000019E+00    1.000026E+00    2.217605E-05 
    65   -4.348914E-01    1.000022E+00    1.000030E+00    2.250415E-05 
    66   -4.338907E-01    1.000023E+00    1.000033E+00    3.152778E-05 
    67   -4.328897E-01    1.000023E+00    1.000033E+00    3.855914E-05 
    68   -4.318886E-01    1.000023E+00    1.000032E+00    4.102648E-05 
    69   -4.308873E-01    1.000021E+00    1.000030E+00    3.744204E-05 
    70   -4.298863E-01    1.000021E+00    1.000029E+00    3.247523E-05 
    71   -4.288855E-01    1.000021E+00    1.000029E+00    2.929825E-05 
    72   -4.278847E-01    1.000021E+00    1.000029E+00    2.995988E-05 
    73   -4.268838E-01    1.000020E+00    1.000028E+00    3.220653E-05 
    74   -4.258827E-01    1.000020E+00    1.000027E+00    2.994243E-05 
    75   -4.248815E-01    1.000019E+00    1.000027E+00    2.565287E-05 
    76   -4.238805E-01    1.000020E+00    1.000028E+00    2.065733E-05 
    77   -4.228796E-01    1.000021E+00    1.000030E+00    1.865933E-05 
    78   -4.218788E-01    1.000023E+00    1.000032E+00    2.599822E-05 
    79   -4.208779E-01    1.000024E+00    1.000033E+00    3.980586E-05 
    80   -4.198768E-01    1.000025E+00    1.000035E+00    4.266907E-05 
    81   -4.188757E-01    1.000026E+00    1.000037E+00    4.105544E-05 
    82   -4.178746E-01    1.000028E+00    1.000039E+00    3.891082E-05 
    83   -4.168737E-01    1.000029E+00    1.000041E+00    3.836563E-05 
    84   -4.158729E-01    1.000030E+00    1.000042E+00    4.035904E-05 
    85   -4.148720E-01    1.000030E+00    1.000041E+00    4.297067E-05 
    86   -4.138710E-01    1.000028E+00    1.000039E+00    4.358077E-05 
    87   -4.128699E-01    1.000025E+00    1.000035E+00    4.185667E-05 
    88   -4.118689E-01    1.000021E+00    1.000030E+00    3.842022E-05 
    89   -4.108679E-01    1.000017E+00    1.000024E+00    3.407900E-05 
    90   -4.098670E-01    1.000011E+00    1.000016E+00    2.959388E-05 
    91   -4.088661E-01    1.000005E+00    1.000006E+00    2.456077E-05 
    92   -4.078651E-01    9.999958E-01    9.999941E-01    1.795449E-05 
    93   -4.068640E-01    9.999854E-01    9.999796E-01    8.780015E-06 
    94   -4.058629E-01    9.999734E-01    9.999628E-01   -3.096667E-06 
    95   -4.048619E-01    9.999598E-01    9.999437E-01   -1.678405E-05 
    96   -4.038609E-01    9.999443E-01    9.999220E-01   -3.197292E-05 
    97   -4.028599E-01    9.999267E-01    9.998973E-01   -4.907590E-05 
    98   -4.018589E-01    9.999068E-01    9.998695E-01   -6.839951E-05 
    99   -4.008577E-01    9.998847E-01    9.998386E-01   -9.157309E-05 
   100   -3.998566E-01    9.998610E-01    9.998054E-01   -1.184719E-04 
   101   -3.988554E-01    9.998363E-01    9.997708E-01   -1.471701E-04 
   102   -3.978543E-01    9.998118E-01    9.997365E-01   -1.798276E-04 
   103   -3.968531E-01    9.997892E-01    9.997049E-01   -2.152902E-04 
   104   -3.958519E-01    9.997713E-01    9.996798E-01   -2.523915E-04 
   105   -3.948506E-01    9.997614E-01    9.996659E-01   -2.959786E-04 
   106   -3.938493E-01    9.997634E-01    9.996687E-01   -3.357214E-04 
   107   -3.928479E-01    9.997809E-01    9.996933E-01   -3.474370E-04 
   108   -3.918466E-01    9.998167E-01    9.997433E-01   -3.181139E-04 
   109   -3.908454E-01    9.998719E-01    9.998206E-01   -2.511611E-04 
   110   -3.898442E-01    9.999463E-01    9.999248E-01   -1.514852E-04 
   111   -3.888431E-01    1.000038E+00    1.000054E+00   -2.290365E-05 
   112   -3.878421E-01    1.000145E+00    1.000203E+00    1.272891E-04 
   113   -3.868413E-01    1.000263E+00    1.000368E+00    2.905520E-04 
   114   -3.858406E-01    1.000387E+00    1.000542E+00    4.594081E-04 
   115   -3.848401E-01    1.000515E+00    1.000720E+00    6.280517E-04 
   116   -3.838397E-01    1.000640E+00    1.000896E+00    7.917733E-04 
   117   -3.828394E-01    1.000759E+00    1.001063E+00    9.462553E-04 
   118   -3.818393E-01    1.000869E+00    1.001217E+00    1.087280E-03 
   119   -3.808392E-01    1.000967E+00    1.001355E+00    1.211151E-03 
   120   -3.798393E-01    1.001053E+00    1.001474E+00    1.315449E-03 
   121   -3.788395E-01    1.001124E+00    1.001574E+00    1.399304E-03 
   122   -3.778397E-01    1.001182E+00    1.001655E+00    1.463352E-03 
   123   -3.768399E-01    1.001226E+00    1.001717E+00    1.508932E-03 
   124   -3.758402E-01    1.001258E+00    1.001762E+00    1.537980E-03 
   125   -3.748406E-01    1.001279E+00    1.001792E+00    1.553953E-03 
   126   -3.738409E-01    1.001291E+00    1.001808E+00    1.561036E-03 
   127   -3.728412E-01    1.001296E+00    1.001814E+00    1.562156E-03 
   128   -3.718415E-01    1.001294E+00    1.001812E+00    1.559112E-03 
   129   -3.708418E-01    1.001287E+00    1.001802E+00    1.552474E-03 
   130   -3.698421E-01    1.001275E+00    1.001786E+00    1.541960E-03 
   131   -3.688424E-01    1.001261E+00    1.001765E+00    1.527611E-03 
   132   -3.678426E-01    1.001242E+00    1.001740E+00    1.509532E-03 
   133   -3.668429E-01    1.001222E+00    1.001711E+00    1.487974E-03 
   134   -3.658431E-01    1.001198E+00    1.001678E+00    1.463139E-03 
   135   -3.648433E-01    1.001172E+00    1.001642E+00    1.435210E-03 
   136   -3.638435E-01    1.001144E+00    1.001602E+00    1.404382E-03 
   137   -3.628436E-01    1.001114E+00    1.001560E+00    1.370868E-03 
   138   -3.618437E-01    1.001082E+00    1.001516E+00    1.334902E-03 
   139   -3.608438E-01    1.001049E+00    1.001469E+00    1.296729E-03 
   140   -3.598438E-01    1.001014E+00    1.001420E+00    1.256604E-03 
   141   -3.588438E-01    1.000978E+00    1.001370E+00    1.214788E-03 
   142   -3.578438E-01    1.000941E+00    1.001318E+00    1.171544E-03 
   143   -3.568437E-01    1.000904E+00    1.001265E+00    1.127137E-03 
   144   -3.558436E-01    1.000865E+00    1.001212E+00    1.081829E-03 
   145   -3.548434E-01    1.000827E+00    1.001158E+00    1.035879E-03 
   146   -3.538432E-01    1.000788E+00    1.001104E+00    9.895372E-04 
   147   -3.528430E-01    1.000750E+00    1.001050E+00    9.430456E-04 
   148   -3.518427E-01    1.000712E+00    1.000997E+00    8.966347E-04 
   149   -3.508424E-01    1.000674E+00    1.000944E+00    8.505222E-04 
   150   -3.498421E-01    1.000637E+00    1.000891E+00    8.049112E-04 
   151   -3.488417E-01    1.000600E+00    1.000840E+00    7.599897E-04 
   152   -3.478413E-01    1.000564E+00    1.000790E+00    7.159292E-04 
   153   -3.468408E-01    1.000530E+00    1.000741E+00    6.728843E-04 
   154   -3.458403E-01    1.000496E+00    1.000694E+00    6.309921E-04 
   155   -3.448398E-01    1.000463E+00    1.000649E+00    5.903724E-04 
   156   -3.438392E-01    1.000432E+00    1.000605E+00    5.511275E-04 
   157   -3.428386E-01    1.000402E+00    1.000562E+00    5.133428E-04 
   158   -3.418380E-01    1.000373E+00    1.000522E+00    4.770869E-04 
   159   -3.408374E-01    1.000345E+00    1.000483E+00    4.424127E-04 
   160   -3.398367E-01    1.000319E+00    1.000447E+00    4.093578E-04 
   161   -3.388360E-01    1.000294E+00    1.000412E+00    3.779454E-04 
   162   -3.378353E-01    1.000271E+00    1.000379E+00    3.481858E-04 
   163   -3.368345E-01    1.000249E+00    1.000348E+00    3.200768E-04 
   164   -3.358338E-01    1.000228E+00    1.000319E+00    2.936050E-04 
   165   -3.348330E-01    1.000208E+00    1.000292E+00    2.687473E-04 
   166   -3.338322E-01    1.000190E+00    1.000266E+00    2.454715E-04 
   167   -3.328313E-01    1.000173E+00    1.000242E+00    2.237378E-04 
   168   -3.318305E-01    1.000157E+00    1.000220E+00    2.034997E-04 
   169   -3.308296E-01    1.000143E+00    1.000200E+00    1.847052E-04 
   170   -3.298288E-01    1.000129E+00    1.000181E+00    1.672978E-04 
   171   -3.288279E-01    1.000117E+00    1.000163E+00    1.512173E-04 
   172   -3.278270E-01    1.000105E+00    1.000147E+00    1.364011E-04 
   173   -3.268261E-01    1.000095E+00    1.000132E+00    1.227845E-04 
   174   -3.258252E-01    1.000085E+00    1.000119E+00    1.103019E-04 
   175   -3.248243E-01    1.000076E+00    1.000106E+00    9.888722E-05 
   176   -3.238233E-01    1.000068E+00    1.000095E+00    8.847482E-05 
   177   -3.228224E-01    1.000061E+00    1.000085E+00    7.899971E-05 
   178   -3.218214E-01    1.000054E+00    1.000076E+00    7.039821E-05 
   179   -3.208205E-01    1.000048E+00    1.000067E+00    6.260831E-05 
   180   -3.198195E-01    1.000043E+00    1.000060E+00    5.557000E-05 
   181   -3.188186E-01    1.000038E+00    1.000053E+00    4.922556E-05 
   182   -3.178176E-01    1.000033E+00    1.000047E+00    4.351974E-05 
   183   -3.168166E-01    1.000029E+00    1.000041E+00    3.839998E-05 
   184   -3.158156E-01    1.000026E+00    1.000036E+00    3.381646E-05 
   185   -3.148147E-01    1.000023E+00    1.000032E+00    2.972221E-05 
   186   -3.138137E-01    1.000020E+00    1.000028E+00    2.607313E-05 
   187   -3.128127E-01    1.000017E+00    1.000024E+00    2.282799E-05 
   188   -3.118117E-01    1.000015E+00    1.000021E+00    1.994838E-05 
   189   -3.108107E-01    1.000013E+00    1.000019E+00    1.739866E-05 
   190   -3.098097E-01    1.000012E+00    1.000016E+00    1.514592E-05 
   191   -3.088087E-01    1.000010E+00    1.000014E+00    1.315981E-05 
   192   -3.078078E-01    1.000009E+00    1.000012E+00    1.141250E-05 
   193   -3.068068E-01    1.000008E+00    1.000011E+00    9.878508E-06 
   194   -3.058058E-01    1.000007E+00    1.000009E+00    8.534623E-06 
   195   -3.048048E-01    1.000006E+00    1.000008E+00    7.359735E-06 
   196   -3.038038E-01    1.000005E+00    1.000007E+00    6.334717E-06 
   197   -3.028028E-01    1.000004E+00    1.000006E+00    5.442292E-06 
   198   -3.018018E-01    1.000004E+00    1.000005E+00    4.666898E-06 
   199   -3.008008E-01    1.000003E+00    1.000004E+00    3.994560E-06 
   200   -2.997998E-01    1.000003E+00    1.000004E+00    3.412759E-06 
   201   -2.987988E-01    1.000002E+00    1.000003E+00    2.910319E-06 
   202   -2.977978E-01    1.000002E+00    1.000003E+00    2.477283E-06 
   203   -2.967968E-01    1.000002E+00    1.000002E+00    2.104809E-06 
   204   -2.957958E-01    1.000001E+00    1.000002E+00    1.785063E-06 
   205   -2.947948E-01    1.000001E+00    1.000002E+00    1.511123E-06 
   206   -2.937938E-01    1.000001E+00    1.000001E+00    1.276890E-06 
   207   -2.927928E-01    1.000001E+00    1.000001E+00    1.077000E-06 
   208   -2.917918E-01    1.000001E+00    1.000001E+00    9.067509E-07 
   209   -2.907908E-01    1.000001E+00    1.000001E+00    7.620299E-07 
   210   -2.897898E-01    1.000000E+00    1.000001E+00    6.392473E-07 
   211   -2.887888E-01    1.000000E+00    1.000001E+00    5.352787E-07 
   212   -2.877878E-01    1.000000E+00    1.000000E+00    4.474107E-07 
   213   -2.867868E-01    1.000000E+00    1.000000E+00    3.732924E-07 
   214   -2.857858E-01    1.000000E+00    1.000000E+00    3.108919E-07 
   215   -2.847848E-01    1.000000E+00    1.000000E+00    2.584568E-07 
   216   -2.837838E-01    1.000000E+00    1.000000E+00    2.144795E-07 
   217   -2.827828E-01    1.000000E+00    1.000000E+00    1.776657E-07 
   218   -2.817818E-01    1.000000E+00    1.000000E+00    1.469069E-07 
   219   -2.807808E-01    1.000000E+00    1.000000E+00    1.212556E-07 
   220   -2.797798E-01    1.000000E+00    1.000000E+00    9.990409E-08 
   221   -2.787788E-01    1.000000E+00    1.000000E+00    8.216502E-08 
   222   -2.777778E-01    1.000000E+00    1.000000E+00    6.745485E-08 
   223   -2.767768E-01    1.000000E+00    1.000000E+00    5.527924E-08 
   224   -2.757758E-01    1.000000E+00    1.000000E+00    4.522033E-08 
   225   -2.747748E-01    1.000000E+00    1.000000E+00    3.692563E-08 
   226   -2.737738E-01    1.000000E+00    1.000000E+00    3.009846E-08 
   227   -2.727728E-01    1.000000E+00    1.000000E+00    2.448961E-08 
   228   -2.717718E-01    1.000000E+00    1.000000E+00    1.989022E-08 
   229   -2.707708E-01    1.000000E+00    1.000000E+00    1.612556E-08 
   230   -2.697698E-01    1.000000E+00    1.000000E+00    1.304980E-08 
   231   -2.687688E-01    1.000000E+00    1.000000E+00    1.054147E-08 
   232   -2.677678E-01    1.000000E+00    1.000000E+00    8.499564E-09 
   233   -2.667668E-01    1.000000E+00    1.000000E+00    6.840298E-09 
   234   -2.657658E-01    1.000000E+00    1.000000E+00    5.494287E-09 
   235   -2.647648E-01    1.000000E+00    1.000000E+00    4.404173E-09 
   236   -2.637638E-01    1.000000E+00    1.000000E+00    3.522635E-09 
   237   -2.627628E-01    1.000000E+00    1.000000E+00    2.810683E-09 
   238   -2.617618E-01    1.000000E+00    1.000000E+00    2.236238E-09 
   239   -2.607608E-01    1.000000E+00    1.000000E+00    1.772924E-09 
   240   -2.597598E-01    1.000000E+00    1.000000E+00    1.399065E-09 
   241   -2.587588E-01    1.000000E+00    1.000000E+00    1.096829E-09 
   242   -2.577578E-01    1.000000E+00    1.000000E+00    8.515146E-10 
   243   -2.567568E-01    1.000000E+00    1.000000E+00    6.509498E-10 
   244   -2.557558E-01    1.000000E+00    1.000000E+00    4.849747E-10 
   245   -2.547548E-01    1.000000E+00    1.000000E+00    3.450065E-10 
   246   -2.537538E-01    1.000000E+00    1.000000E+00    2.236613E-10 
   247   -2.527528E-01    1.000000E+00    1.000000E+00    1.144196E-10 
   248   -2.517518E-01    1.000000E+00    1.000000E+00    1.132261E-11 
   249   -2.507508E-01    1.000000E+00    1.000000E+00   -9.129931E-11 
   250   -2.497497E-01    1.000000E+00    1.000000E+00   -1.990941E-10 
   251   -2.487487E-01    1.000000E+00    1.000000E+00   -3.179636E-10 
   252   -2.477477E-01    1.000000E+00    1.000000E+00   -4.543298E-10 
   253   -2.467467E-01    1.000000E+00    1.000000E+00   -6.154295E-10 
   254   -2.457457E-01    1.000000E+00    1.000000E+00   -8.096446E-10 
   255   -2.447447E-01    1.000000E+00    1.000000E+00   -1.046871E-09 
   256   -2.437437E-01    1.000000E+00    1.000000E+00   -1.338939E-09 
   257   -2.427427E-01    1.000000E+00    1.000000E+00   -1.700108E-09 
   258   -2.417417E-01    1.000000E+00    1.000000E+00   -2.147650E-09 
   259   -2.407407E-01    1.000000E+00    1.000000E+00   -2.702534E-09 
   260   -2.397397E-01    1.000000E+00    1.000000E+00   -3.390237E-09 
   261   -2.387387E-01    1.000000E+00    1.000000E+00   -4.241698E-09 
   262   -2.377377E-01    1.000000E+00    1.000000E+00   -5.294463E-09 
   263   -2.367367E-01    1.000000E+00    1.000000E+00   -6.594026E-09 
   264   -2.357357E-01    1.000000E+00    1.000000E+00   -8.195413E-09 
   265   -2.347347E-01    1.000000E+00    1.000000E+00   -1.016506E-08 
   266   -2.337337E-01    1.000000E+00    1.000000E+00   -1.258300E-08 
   267   -2.327327E-01    1.000000E+00    1.000000E+00   -1.554545E-08 
   268   -2.317317E-01    1.000000E+00    1.000000E+00   -1.916785E-08 
   269   -2.307307E-01    1.000000E+00    1.000000E+00   -2.358834E-08 
   270   -2.297297E-01    1.000000E+00    1.000000E+00   -2.897187E-08 
   271   -2.287287E-01    1.000000E+00    1.000000E+00   -3.551495E-08 
   272   -2.277277E-01    1.000000E+00    1.000000E+00   -4.345114E-08 
   273   -2.267267E-01    1.000000E+00    1.000000E+00   -5.305736E-08 
   274   -2.257257E-01    1.000000E+00    1.000000E+00   -6.466114E-08 
   275   -2.247247E-01    1.000000E+00    1.000000E+00   -7.864894E-08 
   276   -2.237237E-01    1.000000E+00    1.000000E+00   -9.547564E-08 
   277   -2.227227E-01    1.000000E+00    1.000000E+00   -1.156753E-07 
   278   -2.217217E-01    1.000000E+00    1.000000E+00   -1.398732E-07 
   279   -2.207207E-01    1.000000E+00    1.000000E+00   -1.688001E-07 
   280   -2.197197E-01    1.000000E+00    1.000000E+00   -2.033070E-07 
   281   -2.187187E-01    1.000000E+00    1.000000E+00   -2.443829E-07 
   282   -2.177177E-01    1.000000E+00    1.000000E+00   -2.931739E-07 
   283   -2.167167E-01    1.000000E+00    1.000000E+00   -3.510049E-07 
   284   -2.157157E-01    1.000000E+00    1.000000E+00   -4.194026E-07 
   285   -2.147147E-01    1.000000E+00    1.000001E+00   -5.001218E-07 
   286   -2.137137E-01    1.000000E+00    1.000001E+00   -5.951738E-07 
   287   -2.127127E-01    1.000001E+00    1.000001E+00   -7.068567E-07 
   288   -2.117117E-01    1.000001E+00    1.000001E+00   -8.377891E-07 
   289   -2.107107E-01    1.000001E+00    1.000001E+00   -9.909452E-07 
   290   -2.097097E-01    1.000001E+00    1.000001E+00   -1.169693E-06 
   291   -2.087087E-01    1.000001E+00    1.000001E+00   -1.377835E-06 
   292   -2.077077E-01    1.000001E+00    1.000002E+00   -1.619647E-06 
   293   -2.067067E-01    1.000001E+00    1.000002E+00   -1.899926E-06 
   294   -2.057057E-01    1.000002E+00    1.000002E+00   -2.224031E-06 
   295   -2.047047E-01    1.000002E+00    1.000003E+00   -2.597930E-06 
   296   -2.037037E-01    1.000002E+00    1.000003E+00   -3.028243E-06 
   297   -2.027027E-01    1.000003E+00    1.000004E+00   -3.522287E-06 
   298   -2.017017E-01    1.000003E+00    1.000004E+00   -4.088114E-06 
   299   -2.007007E-01    1.000004E+00    1.000005E+00   -4.734553E-06 
   300   -1.996997E-01    1.000004E+00    1.000006E+00   -5.471240E-06 
   301   -1.986987E-01    1.000005E+00    1.000007E+00   -6.308644E-06 
   302   -1.976977E-01    1.000006E+00    1.000008E+00   -7.258088E-06 
   303   -1.966967E-01    1.000006E+00    1.000009E+00   -8.331750E-06 
   304   -1.956957E-01    1.000007E+00    1.000010E+00   -9.542668E-06 
   305   -1.946947E-01    1.000008E+00    1.000012E+00   -1.090471E-05 
   306   -1.936938E-01    1.000010E+00    1.000013E+00   -1.243254E-05 
   307   -1.926928E-01    1.000011E+00    1.000015E+00   -1.414155E-05 
   308   -1.916918E-01    1.000012E+00    1.000017E+00   -1.604782E-05 
   309   -1.906908E-01    1.000014E+00    1.000019E+00   -1.816793E-05 
   310   -1.896898E-01    1.000016E+00    1.000022E+00   -2.051892E-05 
   311   -1.886888E-01    1.000018E+00    1.000025E+00   -2.311804E-05 
   312   -1.876878E-01    1.000020E+00    1.000028E+00   -2.598260E-05 
   313   -1.866868E-01    1.000022E+00    1.000031E+00   -2.912967E-05 
   314   -1.856859E-01    1.000025E+00    1.000035E+00   -3.257589E-05 
   315   -1.846849E-01    1.000028E+00    1.000039E+00   -3.633706E-05 
   316   -1.836839E-01    1.000031E+00    1.000043E+00   -4.042781E-05 
   317   -1.826830E-01    1.000034E+00    1.000048E+00   -4.486123E-05 
   318   -1.816820E-01    1.000038E+00    1.000053E+00   -4.964834E-05 
   319   -1.806810E-01    1.000042E+00    1.000059E+00   -5.479768E-05 
   320   -1.796801E-01    1.000046E+00    1.000065E+00   -6.031472E-05 
   321   -1.786791E-01    1.000051E+00    1.000072E+00   -6.620136E-05 
   322   -1.776782E-01    1.000056E+00    1.000078E+00   -7.245526E-05 
   323   -1.766772E-01    1.000061E+00    1.000086E+00   -7.906930E-05 
   324   -1.756763E-01    1.000067E+00    1.000093E+00   -8.603090E-05 
   325   -1.746753E-01    1.000072E+00    1.000101E+00   -9.332140E-05 
   326   -1.736744E-01    1.000078E+00    1.000110E+00   -1.009155E-04 
   327   -1.726735E-01    1.000085E+00    1.000118E+00   -1.087804E-04 
   328   -1.716726E-01    1.000091E+00    1.000128E+00   -1.168756E-04 
   329   -1.706717E-01    1.000098E+00    1.000137E+00   -1.251522E-04 
   330   -1.696708E-01    1.000104E+00    1.000146E+00   -1.335524E-04 
   331   -1.686699E-01    1.000111E+00    1.000156E+00   -1.420091E-04 
   332   -1.676690E-01    1.000118E+00    1.000166E+00   -1.504453E-04 
   333   -1.666681E-01    1.000125E+00    1.000175E+00   -1.587742E-04 
   334   -1.656673E-01    1.000132E+00    1.000185E+00   -1.668992E-04 
   335   -1.646664E-01    1.000138E+00    1.000194E+00   -1.747143E-04 
   336   -1.636655E-01    1.000145E+00    1.000202E+00   -1.821049E-04 
   337   -1.626647E-01    1.000150E+00    1.000210E+00   -1.889425E-04 
   338   -1.616638E-01    1.000156E+00    1.000218E+00   -1.950702E-04 
   339   -1.606630E-01    1.000160E+00    1.000224E+00   -2.002867E-04 
   340   -1.596622E-01    1.000163E+00    1.000228E+00   -2.044303E-04 
   341   -1.586613E-01    1.000165E+00    1.000230E+00   -2.072878E-04 
   342   -1.576605E-01    1.000164E+00    1.000229E+00   -2.087750E-04 
   343   -1.566597E-01    1.000159E+00    1.000223E+00   -2.083437E-04 
   344   -1.556588E-01    1.000149E+00    1.000209E+00   -2.049919E-04 
   345   -1.546580E-01    1.000132E+00    1.000185E+00   -1.965474E-04 
   346   -1.536572E-01    1.000105E+00    1.000147E+00   -1.795943E-04 
   347   -1.526563E-01    1.000065E+00    1.000091E+00   -1.500465E-04 
   348   -1.516554E-01    1.000008E+00    1.000011E+00   -1.036336E-04 
   349   -1.506545E-01    9.999282E-01    9.998995E-01   -3.515125E-05 
   350   -1.496535E-01    9.998205E-01    9.997487E-01    6.201102E-05 
   351   -1.486524E-01    9.996778E-01    9.995488E-01    1.956016E-04 
   352   -1.476512E-01    9.994921E-01    9.992888E-01    3.748519E-04 
   353   -1.466498E-01    9.992542E-01    9.989557E-01    6.104674E-04 
   354   -1.456481E-01    9.989538E-01    9.985352E-01    9.147016E-04 
   355   -1.446462E-01    9.985794E-01    9.980111E-01    1.301546E-03 
   356   -1.436440E-01    9.981184E-01    9.973658E-01    1.786513E-03 
   357   -1.426412E-01    9.975572E-01    9.965803E-01    2.386829E-03 
   358   -1.416380E-01    9.968812E-01    9.956344E-01    3.121012E-03 
   359   -1.406340E-01    9.960754E-01    9.945071E-01    4.008752E-03 
   360   -1.396292E-01    9.951244E-01    9.931768E-01    5.070533E-03 
   361   -1.386235E-01    9.940125E-01    9.916223E-01    6.327113E-03 
   362   -1.376166E-01    9.927248E-01    9.898225E-01    7.799306E-03 
   363   -1.366083E-01    9.912470E-01    9.877580E-01    9.507225E-03 
   364   -1.355986E-01    9.895659E-01    9.854109E-01    1.146992E-02 
   365   -1.345870E-01    9.876701E-01    9.827658E-01    1.370466E-02 
   366   -1.335734E-01    9.855503E-01    9.798102E-01    1.622618E-02 
   367   -1.325575E-01    9.831993E-01    9.765352E-01    1.904615E-02 
   368   -1.315390E-01    9.806129E-01    9.729356E-01    2.217232E-02 
   369   -1.305178E-01    9.777895E-01    9.690104E-01    2.560841E-02 
   370   -1.294934E-01    9.747307E-01    9.647628E-01    2.935401E-02 
   371   -1.284657E-01    9.714411E-01    9.602004E-01    3.340467E-02 
   372   -1.274343E-01    9.679282E-01    9.553350E-01    3.775246E-02 
   373   -1.263990E-01    9.642019E-01    9.501818E-01    4.238583E-02 
   374   -1.253594E-01    9.602745E-01    9.447590E-01    4.728984E-02 
   375   -1.243155E-01    9.561596E-01    9.390866E-01    5.244640E-02 
   376   -1.232668E-01    9.518717E-01    9.331861E-01    5.783453E-02 
   377   -1.222133E-01    9.474254E-01    9.270790E-01    6.343191E-02 
   378   -1.211546E-01    9.428351E-01    9.207859E-01    6.921631E-02 
   379   -1.200907E-01    9.381136E-01    9.143257E-01    7.516761E-02 
   380   -1.190212E-01    9.332717E-01    9.077141E-01    8.126986E-02 
   381   -1.179460E-01    9.283171E-01    9.009627E-01    8.751189E-02 
   382   -1.168650E-01    9.232535E-01    8.940775E-01    9.388745E-02 
   383   -1.157780E-01    9.180803E-01    8.870587E-01    1.003943E-01 
   384   -1.146849E-01    9.127930E-01    8.799009E-01    1.070446E-01 
   385   -1.135853E-01    9.073836E-01    8.725945E-01    1.138615E-01 
   386   -1.124792E-01    9.018420E-01    8.651274E-01    1.208671E-01 
   387   -1.113662E-01    8.961586E-01    8.574878E-01    1.280864E-01 
   388   -1.102461E-01    8.903255E-01    8.496669E-01    1.355447E-01 
   389   -1.091184E-01    8.843386E-01    8.416608E-01    1.432654E-01 
   390   -1.079830E-01    8.781980E-01    8.334717E-01    1.512674E-01 
   391   -1.068395E-01    8.719089E-01    8.251083E-01    1.595595E-01 
   392   -1.056875E-01    8.654813E-01    8.165857E-01    1.681375E-01 
   393   -1.045268E-01    8.589300E-01    8.079252E-01    1.769727E-01 
   394   -1.033570E-01    8.522733E-01    7.991526E-01    1.860205E-01 
   395   -1.021779E-01    8.455327E-01    7.902976E-01    1.952374E-01 
   396   -1.009892E-01    8.387311E-01    7.813912E-01    2.045817E-01 
   397   -9.979065E-02    8.318912E-01    7.724640E-01    2.140194E-01 
   398   -9.858211E-02    8.250335E-01    7.635434E-01    2.235260E-01 
   399   -9.736344E-02    8.181757E-01    7.546522E-01    2.330826E-01 
   400   -9.613450E-02    8.113315E-01    7.458083E-01    2.427045E-01 
   401   -9.489516E-02    8.045111E-01    7.370249E-01    2.524008E-01 
   402   -9.364529E-02    7.977219E-01    7.283114E-01    2.621380E-01 
   403   -9.238473E-02    7.909704E-01    7.196758E-01    2.718774E-01 
   404   -9.111336E-02    7.842638E-01    7.111272E-01    2.815870E-01 
   405   -8.983109E-02    7.776110E-01    7.026764E-01    2.912410E-01 
   406   -8.853781E-02    7.710222E-01    6.943357E-01    3.008571E-01 
   407   -8.723341E-02    7.645091E-01    6.861192E-01    3.104581E-01 
   408   -8.591784E-02    7.580836E-01    6.780408E-01    3.200272E-01 
   409   -8.459110E-02    7.517553E-01    6.701116E-01    3.295386E-01 
   410   -8.325325E-02    7.455287E-01    6.623358E-01    3.389641E-01 
   411   -8.190431E-02    7.394014E-01    6.547095E-01    3.482722E-01 
   412   -8.054426E-02    7.333640E-01    6.472198E-01    3.574364E-01 
   413   -7.917312E-02    7.274000E-01    6.398451E-01    3.664482E-01 
   414   -7.779084E-02    7.214856E-01    6.325554E-01    3.753294E-01 
   415   -7.639734E-02    7.155890E-01    6.253111E-01    3.841377E-01 
   416   -7.499247E-02    7.096708E-01    6.180635E-01    3.929845E-01 
   417   -7.357597E-02    7.036838E-01    6.107556E-01    4.020161E-01 
   418   -7.214753E-02    6.975754E-01    6.033244E-01    4.113588E-01 
   419   -7.070659E-02    6.912932E-01    5.957084E-01    4.211137E-01 
   420   -6.925244E-02    6.847937E-01    5.878578E-01    4.313500E-01 
   421   -6.778421E-02    6.780510E-01    5.797449E-01    4.421058E-01 
   422   -6.630095E-02    6.710650E-01    5.713738E-01    4.533954E-01 
   423   -6.480167E-02    6.638647E-01    5.627829E-01    4.651829E-01 
   424   -6.328547E-02    6.565044E-01    5.540403E-01    4.773900E-01 
   425   -6.175167E-02    6.490536E-01    5.452307E-01    4.899319E-01 
   426   -6.019985E-02    6.415828E-01    5.364385E-01    5.027092E-01 
   427   -5.862972E-02    6.341497E-01    5.277317E-01    5.156065E-01 
   428   -5.704113E-02    6.267911E-01    5.191524E-01    5.284956E-01 
   429   -5.543394E-02    6.195222E-01    5.107175E-01    5.412599E-01 
   430   -5.380805E-02    6.123452E-01    5.024279E-01    5.538360E-01 
   431   -5.216318E-02    6.052608E-01    4.942835E-01    5.663029E-01 
   432   -5.049901E-02    5.982775E-01    4.862925E-01    5.787085E-01 
   433   -4.881531E-02    5.914157E-01    4.784771E-01    5.910431E-01 
   434   -4.711202E-02    5.847046E-01    4.708689E-01    6.032923E-01 
   435   -4.538924E-02    5.781753E-01    4.635007E-01    6.154636E-01 
   436   -4.364708E-02    5.718584E-01    4.564041E-01    6.275443E-01 
   437   -4.188579E-02    5.657884E-01    4.496148E-01    6.393503E-01 
   438   -4.010577E-02    5.600096E-01    4.431785E-01    6.506567E-01 
   439   -3.830756E-02    5.545845E-01    4.371606E-01    6.612396E-01 
   440   -3.649192E-02    5.496019E-01    4.316545E-01    6.709071E-01 
   441   -3.466002E-02    5.451790E-01    4.267831E-01    6.795002E-01 
   442   -3.281376E-02    5.414556E-01    4.226927E-01    6.868556E-01 
   443   -3.095556E-02    5.385772E-01    4.195352E-01    6.927442E-01 
   444   -2.908851E-02    5.366561E-01    4.174267E-01    6.969017E-01 
   445   -2.721623E-02    5.357054E-01    4.163765E-01    6.989335E-01 
   446   -2.534344E-02    5.355932E-01    4.162389E-01    6.981825E-01 
   447   -2.347349E-02    5.360845E-01    4.167575E-01    6.960242E-01 
   448   -2.160649E-02    5.369480E-01    4.176807E-01    6.935958E-01 
   449   -1.974271E-02    5.380202E-01    4.188313E-01    6.910156E-01 
   450   -1.788357E-02    5.391892E-01    4.200888E-01    6.885130E-01 
   451   -1.602925E-02    5.403672E-01    4.213571E-01    6.862549E-01 
   452   -1.417878E-02    5.414897E-01    4.225648E-01    6.842337E-01 
   453   -1.233190E-02    5.425193E-01    4.236697E-01    6.824080E-01 
   454   -1.048860E-02    5.434328E-01    4.246469E-01    6.807975E-01 
   455   -8.648530E-03    5.442138E-01    4.254800E-01    6.794371E-01 
   456   -6.810570E-03    5.448612E-01    4.261673E-01    6.783179E-01 
   457   -4.974256E-03    5.453887E-01    4.267225E-01    6.774045E-01 
   458   -3.139965E-03    5.458175E-01    4.271667E-01    6.766806E-01 
   459   -1.306649E-03    5.461661E-01    4.275209E-01    6.761380E-01 
   460    5.259309E-04    5.464465E-01    4.278000E-01    6.757594E-01 
   461    2.357161E-03    5.466686E-01    4.280161E-01    6.754779E-01 
   462    4.187780E-03    5.468478E-01    4.281845E-01    6.752301E-01 
   463    6.018711E-03    5.470003E-01    4.283208E-01    6.750088E-01 
   464    7.848688E-03    5.471314E-01    4.284306E-01    6.748383E-01 
   465    9.677569E-03    5.472428E-01    4.285167E-01    6.746839E-01 
   466    1.150694E-02    5.473456E-01    4.285915E-01    6.745099E-01 
   467    1.333661E-02    5.474491E-01    4.286668E-01    6.743589E-01 
   468    1.516475E-02    5.475466E-01    4.287364E-01    6.742611E-01 
   469    1.699205E-02    5.476346E-01    4.287939E-01    6.741644E-01 
   470    1.882091E-02    5.477240E-01    4.288456E-01    6.740429E-01 
   471    2.064930E-02    5.478154E-01    4.288914E-01    6.739651E-01 
   472    2.247526E-02    5.478957E-01    4.289233E-01    6.739170E-01 
   473    2.430186E-02    5.479699E-01    4.289544E-01    6.738200E-01 
   474    2.613067E-02    5.480550E-01    4.290021E-01    6.737222E-01 
   475    2.795710E-02    5.481419E-01    4.290413E-01    6.736967E-01 
   476    2.978085E-02    5.482186E-01    4.290475E-01    6.736619E-01 
   477    3.160829E-02    5.483038E-01    4.290504E-01    6.735348E-01 
   478    3.343629E-02    5.484075E-01    4.290899E-01    6.734696E-01 
   479    3.525926E-02    5.484998E-01    4.291313E-01    6.735169E-01 
   480    3.708221E-02    5.485806E-01    4.291409E-01    6.734433E-01 
   481    3.891100E-02    5.486939E-01    4.291520E-01    6.732627E-01 
   482    4.073599E-02    5.488239E-01    4.291747E-01    6.732748E-01 
   483    4.255591E-02    5.489299E-01    4.291724E-01    6.734191E-01 
   484    4.437941E-02    5.490424E-01    4.291682E-01    6.731307E-01 
   485    4.620625E-02    5.492154E-01    4.292217E-01    6.729966E-01 
   486    4.803268E-02    5.493943E-01    4.292906E-01    6.733289E-01 
   487    4.984251E-02    5.495882E-01    4.293479E-01    6.732025E-01 
   488    5.166611E-02    5.499259E-01    4.294365E-01    6.727459E-01 
   489    5.350632E-02    5.503711E-01    4.294300E-01    6.730304E-01 
   490    5.530936E-02    5.508041E-01    4.291473E-01    6.734944E-01 
   491    5.709949E-02    5.511132E-01    4.284917E-01    6.723362E-01 
   492    5.896395E-02    5.510048E-01    4.274132E-01    6.730204E-01 
   493    6.078576E-02    5.496278E-01    4.253761E-01    6.734311E-01 
   494    6.249031E-02    5.463593E-01    4.228233E-01    6.721173E-01 
   495    6.443880E-02    5.400543E-01    4.220083E-01    6.734419E-01 
   496    6.631492E-02    5.313234E-01    4.248712E-01    6.721035E-01 
   497    6.801134E-02    5.218731E-01    4.303435E-01    6.733044E-01 
   498    7.021591E-02    5.095730E-01    4.354126E-01    6.728374E-01 
   499    7.262853E-02    4.953487E-01    4.485585E-01    6.751225E-01 
   500    7.137644E-02    5.025389E-01    3.498458E-01    6.661757E-01 
   501    7.334908E-02    4.908371E-01    3.714448E-01    6.681851E-01 
   502    7.447313E-02    4.837725E-01    3.946050E-01    6.720209E-01 
   503    7.510885E-02    4.797405E-01    4.162880E-01    6.731070E-01 
   504    7.536479E-02    4.782015E-01    4.335712E-01    6.718737E-01 
   505    7.591237E-02    4.751294E-01    4.421559E-01    6.699667E-01 
   506    7.679650E-02    4.705700E-01    4.436972E-01    6.724397E-01 
   507    7.727874E-02    4.682673E-01    4.435122E-01    6.748226E-01 
   508    7.748759E-02    4.673181E-01    4.425348E-01    6.749963E-01 
   509    7.774004E-02    4.662385E-01    4.408761E-01    6.730560E-01 
   510    7.839189E-02    4.638197E-01    4.380635E-01    6.717971E-01 
   511    7.908007E-02    4.617435E-01    4.356840E-01    6.721075E-01 
   512    7.974100E-02    4.601546E-01    4.337924E-01    6.718852E-01 
   513    8.040824E-02    4.589494E-01    4.323039E-01    6.715454E-01 
   514    8.096145E-02    4.582088E-01    4.312338E-01    6.717961E-01 
   515    8.149865E-02    4.576565E-01    4.303317E-01    6.737192E-01 
   516    8.198195E-02    4.572568E-01    4.295940E-01    6.739190E-01 
   517    8.244214E-02    4.569883E-01    4.290677E-01    6.727293E-01 
   518    8.292932E-02    4.568204E-01    4.286787E-01    6.720761E-01 
   519    8.346508E-02    4.567110E-01    4.283704E-01    6.723901E-01 
   520    8.403520E-02    4.566590E-01    4.281380E-01    6.723262E-01 
   521    8.463558E-02    4.566667E-01    4.279994E-01    6.721979E-01 
   522    8.526671E-02    4.567088E-01    4.279115E-01    6.726936E-01 
   523    8.584551E-02    4.567502E-01    4.278327E-01    6.729774E-01 
   524    8.636241E-02    4.567953E-01    4.277597E-01    6.727968E-01 
   525    8.686967E-02    4.568568E-01    4.277150E-01    6.723859E-01 
   526    8.741403E-02    4.569397E-01    4.276952E-01    6.721318E-01 
   527    8.795471E-02    4.570238E-01    4.276778E-01    6.722553E-01 
   528    8.847746E-02    4.571047E-01    4.276541E-01    6.722804E-01 
   529    8.900975E-02    4.571851E-01    4.276352E-01    6.723997E-01 
   530    8.956354E-02    4.572630E-01    4.276212E-01    6.726587E-01 
   531    9.012958E-02    4.573334E-01    4.276093E-01    6.729055E-01 
   532    9.069348E-02    4.573954E-01    4.275984E-01    6.728872E-01 
   533    9.125117E-02    4.574572E-01    4.275961E-01    6.726153E-01 
   534    9.180399E-02    4.575276E-01    4.276098E-01    6.723301E-01 
   535    9.235558E-02    4.576015E-01    4.276289E-01    6.722987E-01 
   536    9.290087E-02    4.576687E-01    4.276390E-01    6.724220E-01 
   537    9.343522E-02    4.577285E-01    4.276403E-01    6.724339E-01 
   538    9.396520E-02    4.577839E-01    4.276355E-01    6.724239E-01 
   539    9.449849E-02    4.578354E-01    4.276301E-01    6.724533E-01 
   540    9.503918E-02    4.578831E-01    4.276212E-01    6.724704E-01 
   541    9.558943E-02    4.579286E-01    4.276181E-01    6.724423E-01 
   542    9.614882E-02    4.579726E-01    4.276146E-01    6.724136E-01 
   543    9.671064E-02    4.580141E-01    4.276170E-01    6.724020E-01 
   544    9.726648E-02    4.580522E-01    4.276131E-01    6.723898E-01 
   545    9.781523E-02    4.580876E-01    4.276133E-01    6.723685E-01 
   546    9.835794E-02    4.581212E-01    4.276061E-01    6.723336E-01 
   547    9.889640E-02    4.581543E-01    4.276050E-01    6.722763E-01 
   548    9.943263E-02    4.581880E-01    4.275990E-01    6.722059E-01 
   549    9.997052E-02    4.582225E-01    4.276011E-01    6.721466E-01 
   550    1.005129E-01    4.582568E-01    4.275992E-01    6.721457E-01 
   551    1.010613E-01    4.582891E-01    4.276015E-01    6.722212E-01 
   552    1.016138E-01    4.583179E-01    4.275984E-01    6.723132E-01 
   553    1.021670E-01    4.583433E-01    4.275962E-01    6.723540E-01 
   554    1.027177E-01    4.583667E-01    4.275924E-01    6.723400E-01 
   555    1.032659E-01    4.583897E-01    4.275896E-01    6.722980E-01 
   556    1.038113E-01    4.584131E-01    4.275900E-01    6.722496E-01 
   557    1.043545E-01    4.584372E-01    4.275891E-01    6.722012E-01 
   558    1.048963E-01    4.584622E-01    4.275940E-01    6.721627E-01 
   559    1.054380E-01    4.584870E-01    4.275937E-01    6.721433E-01 
   560    1.059812E-01    4.585106E-01    4.275991E-01    6.721497E-01 
   561    1.065260E-01    4.585318E-01    4.275955E-01    6.721757E-01 
   562    1.070734E-01    4.585500E-01    4.275968E-01    6.722011E-01 
   563    1.076216E-01    4.585656E-01    4.275888E-01    6.722125E-01 
   564    1.081704E-01    4.585790E-01    4.275862E-01    6.722081E-01 
   565    1.087182E-01    4.585908E-01    4.275765E-01    6.721926E-01 
   566    1.092651E-01    4.586017E-01    4.275718E-01    6.721703E-01 
   567    1.098102E-01    4.586121E-01    4.275629E-01    6.721440E-01 
   568    1.103544E-01    4.586223E-01    4.275571E-01    6.721140E-01 
   569    1.108980E-01    4.586325E-01    4.275504E-01    6.720841E-01 
   570    1.114416E-01    4.586427E-01    4.275442E-01    6.720587E-01 
   571    1.119861E-01    4.586525E-01    4.275398E-01    6.720411E-01 
   572    1.125315E-01    4.586616E-01    4.275322E-01    6.720323E-01 
   573    1.130781E-01    4.586698E-01    4.275287E-01    6.720272E-01 
   574    1.136251E-01    4.586773E-01    4.275195E-01    6.720202E-01 
   575    1.141723E-01    4.586842E-01    4.275168E-01    6.720075E-01 
   576    1.147186E-01    4.586910E-01    4.275075E-01    6.719889E-01 
   577    1.152647E-01    4.586980E-01    4.275062E-01    6.719649E-01 
   578    1.158097E-01    4.587056E-01    4.274990E-01    6.719400E-01 
   579    1.163545E-01    4.587138E-01    4.274996E-01    6.719148E-01 
   580    1.168991E-01    4.587225E-01    4.274953E-01    6.718943E-01 
   581    1.174438E-01    4.587313E-01    4.274965E-01    6.718834E-01 
   582    1.179889E-01    4.587397E-01    4.274940E-01    6.718852E-01 
   583    1.185345E-01    4.587472E-01    4.274931E-01    6.718966E-01 
   584    1.190805E-01    4.587532E-01    4.274900E-01    6.719125E-01 
   585    1.196266E-01    4.587574E-01    4.274845E-01    6.719260E-01 
   586    1.201728E-01    4.587596E-01    4.274792E-01    6.719336E-01 
   587    1.207184E-01    4.587597E-01    4.274675E-01    6.719342E-01 
   588    1.212641E-01    4.587573E-01    4.274582E-01    6.719276E-01 
   589    1.218092E-01    4.587523E-01    4.274396E-01    6.719154E-01 
   590    1.223544E-01    4.587446E-01    4.274245E-01    6.718984E-01 
   591    1.228993E-01    4.587338E-01    4.273986E-01    6.718741E-01 
   592    1.234445E-01    4.587200E-01    4.273760E-01    6.718417E-01 
   593    1.239897E-01    4.587030E-01    4.273430E-01    6.717997E-01 
   594    1.245354E-01    4.586833E-01    4.273127E-01    6.717458E-01 
   595    1.250810E-01    4.586613E-01    4.272748E-01    6.716792E-01 
   596    1.256269E-01    4.586380E-01    4.272393E-01    6.715982E-01 
   597    1.261729E-01    4.586145E-01    4.272014E-01    6.715026E-01 
   598    1.267185E-01    4.585922E-01    4.271664E-01    6.713942E-01 
   599    1.272644E-01    4.585724E-01    4.271355E-01    6.712735E-01 
   600    1.278099E-01    4.585566E-01    4.271079E-01    6.711430E-01 
   601    1.283557E-01    4.585461E-01    4.270910E-01    6.710108E-01 
   602    1.289014E-01    4.585418E-01    4.270776E-01    6.708941E-01 
   603    1.294473E-01    4.585445E-01    4.270793E-01    6.708152E-01 
   604    1.299932E-01    4.585542E-01    4.270838E-01    6.707940E-01 
   605    1.305393E-01    4.585706E-01    4.271041E-01    6.708371E-01 
   606    1.310852E-01    4.585925E-01    4.271249E-01    6.709441E-01 
   607    1.316313E-01    4.586182E-01    4.271575E-01    6.710935E-01 
   608    1.321771E-01    4.586454E-01    4.271863E-01    6.712664E-01 
   609    1.327228E-01    4.586709E-01    4.272179E-01    6.714481E-01 
   610    1.332684E-01    4.586910E-01    4.272390E-01    6.716216E-01 
   611    1.338136E-01    4.587014E-01    4.272501E-01    6.717793E-01 
   612    1.343590E-01    4.586975E-01    4.272417E-01    6.719116E-01 
   613    1.349041E-01    4.586746E-01    4.272082E-01    6.720111E-01 
   614    1.354493E-01    4.586280E-01    4.271459E-01    6.720714E-01 
   615    1.359943E-01    4.585535E-01    4.270438E-01    6.720823E-01 
   616    1.365395E-01    4.584476E-01    4.269057E-01    6.720351E-01 
   617    1.370846E-01    4.583081E-01    4.267181E-01    6.719186E-01 
   618    1.376301E-01    4.581344E-01    4.264925E-01    6.717115E-01 
   619    1.381755E-01    4.579279E-01    4.262174E-01    6.713900E-01 
   620    1.387214E-01    4.576921E-01    4.259112E-01    6.709306E-01 
   621    1.392675E-01    4.574334E-01    4.255687E-01    6.703232E-01 
   622    1.398140E-01    4.571602E-01    4.252133E-01    6.695649E-01 
   623    1.403610E-01    4.568834E-01    4.248488E-01    6.686589E-01 
   624    1.409086E-01    4.566162E-01    4.245005E-01    6.676176E-01 
   625    1.414571E-01    4.563727E-01    4.241810E-01    6.664651E-01 
   626    1.420061E-01    4.561675E-01    4.239126E-01    6.652094E-01 
   627    1.425560E-01    4.560145E-01    4.237129E-01    6.639262E-01 
   628    1.431065E-01    4.559255E-01    4.235944E-01    6.627657E-01 
   629    1.436577E-01    4.559087E-01    4.235737E-01    6.619425E-01 
   630    1.442091E-01    4.559675E-01    4.236465E-01    6.616287E-01 
   631    1.447607E-01    4.560990E-01    4.238200E-01    6.619845E-01 
   632    1.453117E-01    4.562929E-01    4.240683E-01    6.629546E-01 
   633    1.458621E-01    4.565310E-01    4.243809E-01    6.644173E-01 
   634    1.464114E-01    4.567870E-01    4.247102E-01    6.662057E-01 
   635    1.469596E-01    4.570270E-01    4.250249E-01    6.681170E-01 
   636    1.475064E-01    4.572098E-01    4.252593E-01    6.700391E-01 
   637    1.480521E-01    4.572884E-01    4.253622E-01    6.718103E-01 
   638    1.485968E-01    4.572104E-01    4.252564E-01    6.733469E-01 
   639    1.491405E-01    4.569195E-01    4.248735E-01    6.745314E-01 
   640    1.496836E-01    4.563567E-01    4.241326E-01    6.753470E-01 
   641    1.502264E-01    4.554615E-01    4.229534E-01    6.756936E-01 
   642    1.507693E-01    4.541735E-01    4.212595E-01    6.754368E-01 
   643    1.513127E-01    4.524351E-01    4.189690E-01    6.744569E-01 
   644    1.518573E-01    4.501904E-01    4.160168E-01    6.726926E-01 
   645    1.524037E-01    4.473874E-01    4.123254E-01    6.697492E-01 
   646    1.529528E-01    4.439788E-01    4.078488E-01    6.652438E-01 
   647    1.535056E-01    4.399253E-01    4.025258E-01    6.590803E-01 
   648    1.540636E-01    4.351884E-01    3.963269E-01    6.509196E-01 
   649    1.546279E-01    4.297446E-01    3.892212E-01    6.404541E-01 
   650    1.552004E-01    4.235750E-01    3.812062E-01    6.275408E-01 
   651    1.557827E-01    4.166725E-01    3.722816E-01    6.116681E-01 
   652    1.563769E-01    4.090401E-01    3.624809E-01    5.927823E-01 
   653    1.569848E-01    4.006993E-01    3.518492E-01    5.711565E-01 
   654    1.576087E-01    3.916884E-01    3.404675E-01    5.462697E-01 
   655    1.582505E-01    3.820743E-01    3.284503E-01    5.176412E-01 
   656    1.589126E-01    3.719415E-01    3.159269E-01    4.855088E-01 
   657    1.595971E-01    3.613962E-01    3.030639E-01    4.506093E-01 
   658    1.603058E-01    3.505849E-01    2.900596E-01    4.131668E-01 
   659    1.610404E-01    3.396768E-01    2.771412E-01    3.730794E-01 
   660    1.618017E-01    3.288650E-01    2.645369E-01    3.311627E-01 
   661    1.625911E-01    3.183400E-01    2.524745E-01    2.888417E-01 
   662    1.634082E-01    3.083085E-01    2.411691E-01    2.470807E-01 
   663    1.642527E-01    2.989510E-01    2.308024E-01    2.069030E-01 
   664    1.651229E-01    2.904225E-01    2.215061E-01    1.694102E-01 
   665    1.660171E-01    2.828299E-01    2.133596E-01    1.358789E-01 
   666    1.669325E-01    2.762351E-01    2.063815E-01    1.068311E-01 
   667    1.678663E-01    2.706401E-01    2.005346E-01    8.251977E-02 
   668    1.688154E-01    2.660011E-01    1.957366E-01    6.265619E-02 
   669    1.697770E-01    2.622361E-01    1.918753E-01    4.689828E-02 
   670    1.707486E-01    2.592409E-01    1.888241E-01    3.472006E-02 
   671    1.717278E-01    2.569017E-01    1.864522E-01    2.542326E-02 
   672    1.727128E-01    2.551032E-01    1.846350E-01    1.843755E-02 
   673    1.737022E-01    2.537400E-01    1.832608E-01    1.326590E-02 
   674    1.746949E-01    2.527198E-01    1.822339E-01    9.482647E-03 
   675    1.756899E-01    2.519644E-01    1.814743E-01    6.741632E-03 
   676    1.766867E-01    2.514104E-01    1.809174E-01    4.771266E-03 
   677    1.776847E-01    2.510073E-01    1.805123E-01    3.363896E-03 
   678    1.786836E-01    2.507161E-01    1.802196E-01    2.363900E-03 
   679    1.796831E-01    2.505070E-01    1.800095E-01    1.656544E-03 
   680    1.806831E-01    2.503576E-01    1.798594E-01    1.158083E-03 
   681    1.816833E-01    2.502515E-01    1.797528E-01    8.079307E-04 
   682    1.826838E-01    2.501764E-01    1.796773E-01    5.626151E-04 
   683    1.836845E-01    2.501234E-01    1.796240E-01    3.911416E-04 
   684    1.846852E-01    2.500861E-01    1.795866E-01    2.715229E-04 
   685    1.856861E-01    2.500600E-01    1.795603E-01    1.882254E-04 
   686    1.866869E-01    2.500417E-01    1.795420E-01    1.303126E-04 
   687    1.876879E-01    2.500290E-01    1.795291E-01    9.010677E-05 
   688    1.886888E-01    2.500201E-01    1.795202E-01    6.223116E-05 
   689    1.896898E-01    2.500139E-01    1.795140E-01    4.292861E-05 
   690    1.906907E-01    2.500096E-01    1.795097E-01    2.957855E-05 
   691    1.916917E-01    2.500066E-01    1.795067E-01    2.035612E-05 
   692    1.926927E-01    2.500046E-01    1.795046E-01    1.399242E-05 
   693    1.936937E-01    2.500032E-01    1.795032E-01    9.606330E-06 
   694    1.946947E-01    2.500022E-01    1.795022E-01    6.586769E-06 
   695    1.956957E-01    2.500015E-01    1.795015E-01    4.510421E-06 
   696    1.966967E-01    2.500010E-01    1.795010E-01    3.084378E-06 
   697    1.976977E-01    2.500007E-01    1.795007E-01    2.106187E-06 
   698    1.986987E-01    2.500005E-01    1.795005E-01    1.436068E-06 
   699    1.996997E-01    2.500003E-01    1.795003E-01    9.776169E-07 
   700    2.007007E-01    2.500002E-01    1.795002E-01    6.644192E-07 
   701    2.017017E-01    2.500002E-01    1.795002E-01    4.507715E-07 
   702    2.027027E-01    2.500001E-01    1.795001E-01    3.052599E-07 
   703    2.037037E-01    2.500001E-01    1.795001E-01    2.063179E-07 
   704    2.047047E-01    2.500000E-01    1.795000E-01    1.391584E-07 
   705    2.057057E-01    2.500000E-01    1.795000E-01    9.365609E-08 
   706    2.067067E-01    2.500000E-01    1.795000E-01    6.288696E-08 
   707    2.077077E-01    2.500000E-01    1.795000E-01    4.212340E-08 
   708    2.087087E-01    2.500000E-01    1.795000E-01    2.814233E-08 
   709    2.097097E-01    2.500000E-01    1.795000E-01    1.874998E-08 
   710    2.107107E-01    2.500000E-01    1.795000E-01    1.245575E-08 
   711    2.117117E-01    2.500000E-01    1.795000E-01    8.248697E-09 
   712    2.127127E-01    2.500000E-01    1.795000E-01    5.444490E-09 
   713    2.137137E-01    2.500000E-01    1.795000E-01    3.580850E-09 
   714    2.147147E-01    2.500000E-01    1.795000E-01    2.346190E-09 
   715    2.157157E-01    2.500000E-01    1.795000E-01    1.530971E-09 
   716    2.167167E-01    2.500000E-01    1.795000E-01    9.946296E-10 
   717    2.177177E-01    2.500000E-01    1.795000E-01    6.431207E-10 
   718    2.187187E-01    2.500000E-01    1.795000E-01    4.137031E-10 
   719    2.197197E-01    2.500000E-01    1.795000E-01    2.646361E-10 
   720    2.207207E-01    2.500000E-01    1.795000E-01    1.682442E-10 
   721    2.217217E-01    2.500000E-01    1.795000E-01    1.062421E-10 
   722    2.227227E-01    2.500000E-01    1.795000E-01    6.658809E-11 
   723    2.237237E-01    2.500000E-01    1.795000E-01    4.138543E-11 
   724    2.247247E-01    2.500000E-01    1.795000E-01    2.547874E-11 
   725    2.257257E-01    2.500000E-01    1.795000E-01    1.551833E-11 
   726    2.267267E-01    2.500000E-01    1.795000E-01    9.333236E-12 
   727    2.277277E-01    2.500000E-01    1.795000E-01    5.531765E-12 
   728    2.287287E-01    2.500000E-01    1.795000E-01    3.220858E-12 
   729    2.297297E-01    2.500000E-01    1.795000E-01    1.834446E-12 
   730    2.307307E-01    2.500000E-01    1.795000E-01    1.015543E-12 
   731    2.317317E-01    2.500000E-01    1.795000E-01    5.423924E-13 
   732    2.327327E-01    2.500000E-01    1.795000E-01    2.735127E-13 
   733    2.337337E-01    2.500000E-01    1.795000E-01    1.267818E-13 
   734    2.347347E-01    2.500000E-01    1.795000E-01    4.890979E-14 
   735    2.357357E-01    2.500000E-01    1.795000E-01    1.026113E-14 
   736    2.367367E-01    2.500000E-01    1.795000E-01   -7.317018E-15 
   737    2.377377E-01    2.500000E-01    1.795000E-01   -9.345299E-15 
   738    2.387387E-01    2.500000E-01    1.795000E-01   -7.449081E-15 
   739    2.397397E-01    2.500000E-01    1.795000E-01   -5.432457E-15 
   740    2.407407E-01    2.500000E-01    1.795000E-01   -4.317753E-15 
   741    2.417417E-01    2.500000E-01    1.795000E-01   -2.830401E-15 
   742    2.427427E-01    2.500000E-01    1.795000E-01   -2.469610E-15 
   743    2.437437E-01    2.500000E-01    1.795000E-01   -1.807689E-15 
   744    2.447447E-01    2.500000E-01    1.795000E-01   -1.533940E-15 
   745    2.457457E-01    2.500000E-01    1.795000E-01   -1.170643E-15 
   746    2.467467E-01    2.500000E-01    1.795000E-01    1.437539E-17 
   747    2.477477E-01    2.500000E-01    1.795000E-01    2.694529E-16 
   748    2.487487E-01    2.500000E-01    1.795000E-01   -1.822509E-17 
   749    2.497497E-01    2.500000E-01    1.795000E-01    1.571185E-16 
   750    2.507508E-01    2.500000E-01    1.795000E-01   -3.632079E-17 
   751    2.517518E-01    2.500000E-01    1.795000E-01   -1.491269E-16 
   752    2.527528E-01    2.500000E-01    1.795000E-01   -2.409290E-16 
   753    2.537538E-01    2.500000E-01    1.795000E-01   -3.972439E-16 
   754    2.547548E-01    2.500000E-01    1.795000E-01   -3.158950E-16 
   755    2.557558E-01    2.500000E-01    1.795000E-01   -3.967252E-16 
   756    2.567568E-01    2.500000E-01    1.795000E-01   -3.264928E-16 
   757    2.577578E-01    2.500000E-01    1.795000E-01   -5.586917E-16 
   758    2.587588E-01    2.500000E-01    1.795000E-01   -1.894729E-16 
   759    2.597598E-01    2.500000E-01    1.795000E-01   -7.644707E-16 
   760    2.607608E-01    2.500000E-01    1.795000E-01   -1.419005E-15 
   761    2.617618E-01    2.500000E-01    1.795000E-01   -2.318275E-15 
   762    2.627628E-01    2.500000E-01    1.795000E-01   -4.618271E-15 
   763    2.637638E-01    2.500000E-01    1.795000E-01   -7.769195E-15 
   764    2.647648E-01    2.500000E-01    1.795000E-01   -1.218157E-14 
   765    2.657658E-01    2.500000E-01    1.795000E-01   -1.857126E-14 
   766    2.667668E-01    2.500000E-01    1.795000E-01   -2.730777E-14 
   767    2.677678E-01    2.500000E-01    1.795000E-01   -3.988549E-14 
   768    2.687688E-01    2.500000E-01    1.795000E-01   -5.728090E-14 
   769    2.697698E-01    2.500000E-01    1.795000E-01   -8.343837E-14 
   770    2.707708E-01    2.500000E-01    1.795000E-01   -1.211162E-13 
   771    2.717718E-01    2.500000E-01    1.795000E-01   -1.750087E-13 
   772    2.727728E-01    2.500000E-01    1.795000E-01   -2.515650E-13 
   773    2.737738E-01    2.500000E-01    1.795000E-01   -3.610905E-13 
   774    2.747748E-01    2.500000E-01    1.795000E-01   -5.153889E-13 
   775    2.757758E-01    2.500000E-01    1.795000E-01   -7.325338E-13 
   776    2.767768E-01    2.500000E-01    1.795000E-01   -1.037374E-12 
   777    2.777778E-01    2.500000E-01    1.795000E-01   -1.466410E-12 
   778    2.787788E-01    2.500000E-01    1.795000E-01   -2.063981E-12 
   779    2.797798E-01    2.500000E-01    1.795000E-01   -2.895628E-12 
   780    2.807808E-01    2.500000E-01    1.795000E-01   -4.050229E-12 
   781    2.817818E-01    2.500000E-01    1.795000E-01   -5.647293E-12 
   782    2.827828E-01    2.500000E-01    1.795000E-01   -7.846116E-12 
   783    2.837838E-01    2.500000E-01    1.795000E-01   -1.086820E-11 
   784    2.847848E-01    2.500000E-01    1.795000E-01   -1.500855E-11 
   785    2.857858E-01    2.500000E-01    1.795000E-01   -2.066215E-11 
   786    2.867868E-01    2.500000E-01    1.795000E-01   -2.836009E-11 
   787    2.877878E-01    2.500000E-01    1.795000E-01   -3.881476E-11 
   788    2.887888E-01    2.500000E-01    1.795000E-01   -5.296803E-11 
   789    2.897898E-01    2.500000E-01    1.795000E-01   -7.207272E-11 
   790    2.907908E-01    2.500000E-01    1.795000E-01   -9.778819E-11 
   791    2.917918E-01    2.500000E-01    1.795000E-01   -1.323031E-10 
   792    2.927928E-01    2.500000E-01    1.795000E-01   -1.784932E-10 
   793    2.937938E-01    2.500000E-01    1.795000E-01   -2.401399E-10 
   794    2.947948E-01    2.500000E-01    1.795000E-01   -3.221834E-10 
   795    2.957958E-01    2.500000E-01    1.795000E-01   -4.310695E-10 
   796    2.967968E-01    2.500000E-01    1.795000E-01   -5.751798E-10 
   797    2.977978E-01    2.500000E-01    1.795000E-01   -7.653922E-10 
   798    2.987988E-01    2.500000E-01    1.795000E-01   -1.015760E-09 
   799    2.997998E-01    2.500000E-01    1.795000E-01   -1.344420E-09 
   800    3.008008E-01    2.500000E-01    1.795000E-01   -1.774681E-09 
   801    3.018018E-01    2.500000E-01    1.795000E-01   -2.336438E-09 
   802    3.028028E-01    2.500000E-01    1.795000E-01   -3.067890E-09 
   803    3.038038E-01    2.500000E-01    1.795000E-01   -4.017754E-09 
   804    3.048048E-01    2.500000E-01    1.795000E-01   -5.247927E-09 
   805    3.058058E-01    2.500000E-01    1.795000E-01   -6.836880E-09 
   806    3.068068E-01    2.500000E-01    1.795000E-01   -8.883756E-09 
   807    3.078078E-01    2.500000E-01    1.795000E-01   -1.151350E-08 
   808    3.088088E-01    2.500000E-01    1.795000E-01   -1.488309E-08 
   809    3.098098E-01    2.500000E-01    1.795000E-01   -1.918915E-08 
   810    3.108108E-01    2.500000E-01    1.795000E-01   -2.467731E-08 
   811    3.118118E-01    2.500000E-01    1.795000E-01   -3.165346E-08 
   812    3.128128E-01    2.500000E-01    1.795000E-01   -4.049740E-08 
   813    3.138138E-01    2.500000E-01    1.795000E-01   -5.167934E-08 
   814    3.148148E-01    2.500000E-01    1.795000E-01   -6.577965E-08 
   815    3.158158E-01    2.500000E-01    1.795000E-01   -8.351252E-08 
   816    3.168168E-01    2.500000E-01    1.795000E-01   -1.057541E-07 
   817    3.178178E-01    2.500000E-01    1.795000E-01   -1.335762E-07 
   818    3.188188E-01    2.500000E-01    1.795000E-01   -1.682853E-07 
   819    3.198198E-01    2.500001E-01    1.795001E-01   -2.114699E-07 
   820    3.208208E-01    2.500001E-01    1.795001E-01   -2.650547E-07 
   821    3.218218E-01    2.500001E-01    1.795001E-01   -3.313644E-07 
   822    3.228228E-01    2.500001E-01    1.795001E-01   -4.131983E-07 
   823    3.238238E-01    2.500001E-01    1.795001E-01   -5.139160E-07 
   824    3.248248E-01    2.500002E-01    1.795002E-01   -6.375363E-07 
   825    3.258258E-01    2.500002E-01    1.795002E-01   -7.888510E-07 
   826    3.268268E-01    2.500002E-01    1.795002E-01   -9.735541E-07 
   827    3.278278E-01    2.500003E-01    1.795003E-01   -1.198389E-06 
   828    3.288288E-01    2.500004E-01    1.795004E-01   -1.471315E-06 
   829    3.298298E-01    2.500004E-01    1.795004E-01   -1.801693E-06 
   830    3.308308E-01    2.500005E-01    1.795005E-01   -2.200492E-06 
   831    3.318318E-01    2.500006E-01    1.795007E-01   -2.680524E-06 
   832    3.328328E-01    2.500008E-01    1.795008E-01   -3.256691E-06 
   833    3.338338E-01    2.500010E-01    1.795010E-01   -3.946270E-06 
   834    3.348348E-01    2.500011E-01    1.795012E-01   -4.769209E-06 
   835    3.358358E-01    2.500014E-01    1.795014E-01   -5.748453E-06 
   836    3.368368E-01    2.500017E-01    1.795017E-01   -6.910286E-06 
   837    3.378378E-01    2.500020E-01    1.795020E-01   -8.284699E-06 
   838    3.388388E-01    2.500024E-01    1.795024E-01   -9.905769E-06 
   839    3.398398E-01    2.500028E-01    1.795028E-01   -1.181205E-05 
   840    3.408408E-01    2.500034E-01    1.795034E-01   -1.404695E-05 
   841    3.418418E-01    2.500040E-01    1.795040E-01   -1.665916E-05 
   842    3.428428E-01    2.500047E-01    1.795047E-01   -1.970299E-05 
   843    3.438437E-01    2.500055E-01    1.795056E-01   -2.323878E-05 
   844    3.448447E-01    2.500065E-01    1.795065E-01   -2.733316E-05 
   845    3.458457E-01    2.500076E-01    1.795076E-01   -3.205936E-05 
   846    3.468467E-01    2.500089E-01    1.795089E-01   -3.749742E-05 
   847    3.478476E-01    2.500104E-01    1.795104E-01   -4.373428E-05 
   848    3.488486E-01    2.500120E-01    1.795121E-01   -5.086384E-05 
   849    3.498495E-01    2.500139E-01    1.795140E-01   -5.898679E-05 
   850    3.508505E-01    2.500161E-01    1.795162E-01   -6.821043E-05 
   851    3.518514E-01    2.500186E-01    1.795187E-01   -7.864817E-05 
   852    3.528523E-01    2.500213E-01    1.795214E-01   -9.041895E-05 
   853    3.538533E-01    2.500244E-01    1.795246E-01   -1.036464E-04 
   854    3.548542E-01    2.500279E-01    1.795280E-01   -1.184577E-04 
   855    3.558551E-01    2.500318E-01    1.795319E-01   -1.349825E-04 
   856    3.568559E-01    2.500361E-01    1.795363E-01   -1.533508E-04 
   857    3.578568E-01    2.500409E-01    1.795411E-01   -1.736916E-04 
   858    3.588576E-01    2.500461E-01    1.795464E-01   -1.961306E-04 
   859    3.598584E-01    2.500519E-01    1.795522E-01   -2.207875E-04 
   860    3.608592E-01    2.500582E-01    1.795585E-01   -2.477735E-04 
   861    3.618600E-01    2.500652E-01    1.795655E-01   -2.771884E-04 
   862    3.628607E-01    2.500727E-01    1.795730E-01   -3.091170E-04 
   863    3.638614E-01    2.500808E-01    1.795812E-01   -3.436262E-04 
   864    3.648621E-01    2.500895E-01    1.795900E-01   -3.807611E-04 
   865    3.658627E-01    2.500989E-01    1.795994E-01   -4.205416E-04 
   866    3.668633E-01    2.501089E-01    1.796095E-01   -4.629589E-04 
   867    3.678639E-01    2.501195E-01    1.796202E-01   -5.079718E-04 
   868    3.688644E-01    2.501308E-01    1.796315E-01   -5.555035E-04 
   869    3.698649E-01    2.501426E-01    1.796434E-01   -6.054389E-04 
   870    3.708653E-01    2.501550E-01    1.796558E-01   -6.576215E-04 
   871    3.718656E-01    2.501679E-01    1.796688E-01   -7.118521E-04 
   872    3.728659E-01    2.501813E-01    1.796823E-01   -7.678868E-04 
   873    3.738662E-01    2.501951E-01    1.796961E-01   -8.254369E-04 
   874    3.748664E-01    2.502092E-01    1.797103E-01   -8.841689E-04 
   875    3.758665E-01    2.502235E-01    1.797247E-01   -9.437059E-04 
   876    3.768666E-01    2.502380E-01    1.797393E-01   -1.003630E-03 
   877    3.778666E-01    2.502526E-01    1.797539E-01   -1.063486E-03 
   878    3.788666E-01    2.502670E-01    1.797685E-01   -1.122785E-03 
   879    3.798665E-01    2.502813E-01    1.797829E-01   -1.181012E-03 
   880    3.808663E-01    2.502953E-01    1.797969E-01   -1.237630E-03 
   881    3.818661E-01    2.503089E-01    1.798106E-01   -1.292089E-03 
   882    3.828659E-01    2.503219E-01    1.798237E-01   -1.343832E-03 
   883    3.838655E-01    2.503342E-01    1.798360E-01   -1.392306E-03 
   884    3.848652E-01    2.503457E-01    1.798476E-01   -1.436977E-03 
   885    3.858647E-01    2.503562E-01    1.798581E-01   -1.477342E-03 
   886    3.868643E-01    2.503656E-01    1.798676E-01   -1.512930E-03 
   887    3.878638E-01    2.503738E-01    1.798759E-01   -1.543275E-03 
   888    3.888632E-01    2.503806E-01    1.798827E-01   -1.567879E-03 
   889    3.898627E-01    2.503859E-01    1.798880E-01   -1.586343E-03 
   890    3.908621E-01    2.503894E-01    1.798915E-01   -1.598413E-03 
   891    3.918615E-01    2.503907E-01    1.798929E-01   -1.604182E-03 
   892    3.928609E-01    2.503896E-01    1.798918E-01   -1.603193E-03 
   893    3.938603E-01    2.503855E-01    1.798877E-01   -1.593593E-03 
   894    3.948597E-01    2.503781E-01    1.798802E-01   -1.572560E-03 
   895    3.958592E-01    2.503668E-01    1.798688E-01   -1.536017E-03 
   896    3.968586E-01    2.503513E-01    1.798532E-01   -1.480451E-03 
   897    3.978582E-01    2.503313E-01    1.798331E-01   -1.403320E-03 
   898    3.988578E-01    2.503068E-01    1.798085E-01   -1.302183E-03 
   899    3.998576E-01    2.502778E-01    1.797793E-01   -1.177101E-03 
   900    4.008575E-01    2.502446E-01    1.797459E-01   -1.030811E-03 
   901    4.018575E-01    2.502079E-01    1.797090E-01   -8.693912E-04 
   902    4.028577E-01    2.501686E-01    1.796695E-01   -6.996635E-04 
   903    4.038581E-01    2.501282E-01    1.796289E-01   -5.259365E-04 
   904    4.048586E-01    2.500882E-01    1.795886E-01   -3.498483E-04 
   905    4.058594E-01    2.500502E-01    1.795504E-01   -1.720481E-04 
   906    4.068604E-01    2.500155E-01    1.795156E-01    2.006577E-06 
   907    4.078616E-01    2.499854E-01    1.794853E-01    1.595602E-04 
   908    4.088628E-01    2.499606E-01    1.794604E-01    2.833059E-04 
   909    4.098640E-01    2.499418E-01    1.794415E-01    3.587470E-04 
   910    4.108653E-01    2.499294E-01    1.794291E-01    3.821282E-04 
   911    4.118667E-01    2.499236E-01    1.794232E-01    3.650167E-04 
   912    4.128683E-01    2.499237E-01    1.794233E-01    3.258849E-04 
   913    4.138698E-01    2.499287E-01    1.794283E-01    2.775723E-04 
   914    4.148712E-01    2.499372E-01    1.794368E-01    2.261952E-04 
   915    4.158723E-01    2.499474E-01    1.794471E-01    1.738785E-04 
   916    4.168732E-01    2.499582E-01    1.794580E-01    1.227495E-04 
   917    4.178742E-01    2.499688E-01    1.794686E-01    7.462508E-05 
   918    4.188754E-01    2.499787E-01    1.794785E-01    3.207218E-05 
   919    4.198768E-01    2.499876E-01    1.794875E-01   -1.978676E-06 
   920    4.208780E-01    2.499952E-01    1.794952E-01   -2.571463E-05 
   921    4.218788E-01    2.500013E-01    1.795013E-01   -4.062504E-05 
   922    4.228794E-01    2.500058E-01    1.795058E-01   -5.115520E-05 
   923    4.238801E-01    2.500090E-01    1.795091E-01   -6.124067E-05 
   924    4.248812E-01    2.500113E-01    1.795114E-01   -7.183453E-05 
   925    4.258826E-01    2.500129E-01    1.795129E-01   -7.948292E-05 
   926    4.268838E-01    2.500136E-01    1.795137E-01   -7.710243E-05 
   927    4.278846E-01    2.500133E-01    1.795134E-01   -6.026316E-05 
   928    4.288851E-01    2.500117E-01    1.795117E-01   -3.827904E-05 
   929    4.298856E-01    2.500091E-01    1.795091E-01   -2.845791E-05 
   930    4.308867E-01    2.500062E-01    1.795062E-01   -3.348055E-05 
   931    4.318881E-01    2.500037E-01    1.795037E-01   -4.444645E-05 
   932    4.328896E-01    2.500018E-01    1.795018E-01   -4.634800E-05 
   933    4.338906E-01    2.500004E-01    1.795004E-01   -1.012604E-05 
   934    4.348912E-01    2.499993E-01    1.794993E-01    3.508519E-05 
   935    4.358916E-01    2.499984E-01    1.794984E-01    4.202304E-05 
   936    4.368925E-01    2.499980E-01    1.794979E-01    2.320939E-05 
   937    4.378940E-01    2.499983E-01    1.794983E-01   -8.151285E-07 
   938    4.388957E-01    2.499994E-01    1.794994E-01   -2.108919E-05 
   939    4.398969E-01    2.500007E-01    1.795007E-01   -2.125274E-05 
   940    4.408975E-01    2.500020E-01    1.795020E-01   -9.804144E-06 
   941    4.418976E-01    2.500031E-01    1.795031E-01   -1.574618E-05 
   942    4.428982E-01    2.500042E-01    1.795042E-01   -3.455111E-05 
   943    4.438998E-01    2.500057E-01    1.795057E-01   -5.418637E-05 
   944    4.449017E-01    2.500073E-01    1.795073E-01   -6.232108E-05 
   945    4.459032E-01    2.500082E-01    1.795083E-01   -5.058597E-05 
   946    4.469038E-01    2.500079E-01    1.795079E-01   -1.928392E-05 
   947    4.479034E-01    2.500062E-01    1.795062E-01   -4.649368E-06 
   948    4.489035E-01    2.500042E-01    1.795042E-01   -2.393728E-05 
   949    4.499051E-01    2.500030E-01    1.795030E-01   -5.430774E-05 
   950    4.509074E-01    2.500026E-01    1.795026E-01   -6.751428E-05 
   951    4.519097E-01    2.500024E-01    1.795025E-01   -4.125564E-05 
   952    4.529104E-01    2.500017E-01    1.795017E-01    2.625044E-05 
   953    4.539093E-01    2.500002E-01    1.795002E-01    4.993897E-05 
   954    4.549087E-01    2.499988E-01    1.794988E-01    1.668341E-05 
   955    4.559104E-01    2.499986E-01    1.794986E-01   -2.939426E-05 
   956    4.569134E-01    2.499997E-01    1.794997E-01   -6.443882E-05 
   957    4.579164E-01    2.500011E-01    1.795011E-01   -6.210693E-05 
   958    4.589176E-01    2.500014E-01    1.795014E-01    1.937248E-05 
   959    4.599156E-01    2.500000E-01    1.795000E-01    5.068532E-05 
   960    4.609140E-01    2.499984E-01    1.794984E-01    2.564301E-06 
   961    4.619144E-01    2.499990E-01    1.794990E-01   -9.555038E-05 
   962    4.629182E-01    2.500018E-01    1.795018E-01   -1.341234E-04 
   963    4.639246E-01    2.500035E-01    1.795035E-01   -4.484220E-05 
   964    4.649272E-01    2.500017E-01    1.795017E-01    9.247741E-05 
   965    4.659218E-01    2.499983E-01    1.794983E-01    6.068020E-05 
   966    4.669157E-01    2.499958E-01    1.794958E-01   -9.254283E-06 
   967    4.679160E-01    2.499960E-01    1.794960E-01   -1.041219E-04 
   968    4.689261E-01    2.499977E-01    1.794977E-01   -1.204422E-04 
   969    4.699385E-01    2.499977E-01    1.794977E-01    1.027184E-05 
   970    4.709311E-01    2.499966E-01    1.794966E-01   -2.892799E-05 
   971    4.719273E-01    2.499929E-01    1.794929E-01    1.768836E-04 
   972    4.729194E-01    2.499873E-01    1.794873E-01    7.347029E-05 
   973    4.739196E-01    2.499873E-01    1.794873E-01   -1.749251E-04 
   974    4.749343E-01    2.499909E-01    1.794909E-01   -2.491499E-04 
   975    4.759351E-01    2.499930E-01    1.794930E-01   -9.801586E-05 
   976    4.769566E-01    2.499879E-01    1.794880E-01    2.772886E-04 
   977    4.779452E-01    2.499768E-01    1.794769E-01    3.098397E-04 
   978    4.789120E-01    2.499689E-01    1.794689E-01   -4.193458E-05 
   979    4.798894E-01    2.499772E-01    1.794775E-01   -6.837990E-04 
   980    4.809422E-01    2.499829E-01    1.794831E-01   -3.605937E-05 
   981    4.819924E-01    2.499733E-01    1.794741E-01    2.569260E-04 
   982    4.829923E-01    2.499546E-01    1.794555E-01    3.899682E-04 
   983    4.839360E-01    2.499300E-01    1.794304E-01    2.387899E-04 
   984    4.847905E-01    2.499183E-01    1.794193E-01   -9.102624E-04 
   985    4.859653E-01    2.498895E-01    1.793906E-01    3.966330E-05 
   986    4.870113E-01    2.498139E-01    1.793169E-01    1.241089E-04 
   987    4.880257E-01    2.496807E-01    1.791850E-01    2.153158E-04 
   988    4.889952E-01    2.494524E-01    1.789537E-01    2.736459E-04 
   989    4.897275E-01    2.491767E-01    1.786438E-01   -5.436192E-04 
   990    4.909910E-01    2.486840E-01    1.785551E-01    0.000000E+00 
   991    4.919920E-01    2.483889E-01    1.783432E-01    0.000000E+00 
   992    4.929930E-01    2.477797E-01    1.779058E-01    0.000000E+00 
   993    4.939940E-01    2.461013E-01    1.767007E-01    0.000000E+00 
   994    4.949950E-01    2.421938E-01    1.738951E-01    0.000000E+00 
   995    4.959960E-01    2.342615E-01    1.681997E-01    0.000000E+00 
   996    4.969970E-01    2.204475E-01    1.582813E-01    0.000000E+00 
   997    4.979980E-01    1.999511E-01    1.435649E-01    0.000000E+00 
   998    4.989990E-01    1.731601E-01    1.243290E-01    0.000000E+00 
   999    5.000000E-01    1.416667E-01    1.017167E-01    0.000000E+00 
