     0   -5.000000E-01    5.666667E-01    5.666667E-01    0.000000E+00 
     1   -4.989990E-01    6.926336E-01    6.926336E-01    0.000000E+00 
     2   -4.979980E-01    7.997727E-01    7.997727E-01    0.000000E+00 
     3   -4.969970E-01    8.817266E-01    8.817266E-01    0.000000E+00 
     4   -4.959960E-01    9.369521E-01    9.369521E-01    0.000000E+00 
     5   -4.949950E-01    9.686551E-01    9.686551E-01    0.000000E+00 
     6   -4.939940E-01    9.842770E-01    9.842770E-01    0.000000E+00 
     7   -4.929930E-01    9.910212E-01    9.910212E-01    0.000000E+00 
     8   -4.919920E-01    9.934989E-01    9.934989E-01    0.000000E+00 
     9   -4.909910E-01    9.947148E-01    9.947148E-01    0.000000E+00 
    10   -4.897114E-01    9.967396E-01    9.952650E-01    3.317015E-04 
    11   -4.890034E-01    9.978073E-01    9.969570E-01   -1.672649E-04 
    12   -4.880324E-01    9.987231E-01    9.982476E-01   -1.356556E-04 
    13   -4.870147E-01    9.992571E-01    9.989834E-01   -7.807332E-05 
    14   -4.859661E-01    9.995609E-01    9.993955E-01   -1.798484E-05 
    15   -4.847620E-01    9.996858E-01    9.995681E-01    5.846346E-04 
    16   -4.839446E-01    9.997388E-01    9.996396E-01   -1.718690E-04 
    17   -4.830044E-01    9.998296E-01    9.997687E-01   -2.465683E-04 
    18   -4.819999E-01    9.998969E-01    9.998608E-01   -1.607423E-04 
    19   -4.809416E-01    9.999312E-01    9.999055E-01    4.928705E-06 
    20   -4.798654E-01    9.999101E-01    9.998772E-01    4.920535E-04 
    21   -4.789124E-01    9.998773E-01    9.998295E-01   -5.033242E-06 
    22   -4.779564E-01    9.999057E-01    9.998695E-01   -2.275542E-04 
    23   -4.769658E-01    9.999434E-01    9.999220E-01   -1.909889E-04 
    24   -4.759321E-01    9.999610E-01    9.999458E-01    5.299355E-05 
    25   -4.749231E-01    9.999503E-01    9.999310E-01    2.280282E-04 
    26   -4.739141E-01    9.999370E-01    9.999122E-01    1.035543E-04 
    27   -4.729239E-01    9.999434E-01    9.999211E-01   -9.447937E-05 
    28   -4.719342E-01    9.999672E-01    9.999544E-01   -1.367724E-04 
    29   -4.709292E-01    9.999818E-01    9.999746E-01    3.588031E-05 
    30   -4.699369E-01    9.999849E-01    9.999790E-01    3.217519E-05 
    31   -4.689214E-01    9.999835E-01    9.999770E-01    8.262229E-05 
    32   -4.679137E-01    9.999777E-01    9.999689E-01    3.489370E-05 
    33   -4.669167E-01    9.999804E-01    9.999726E-01   -2.233391E-05 
    34   -4.659234E-01    9.999871E-01    9.999820E-01   -2.085131E-05 
    35   -4.649299E-01    9.999940E-01    9.999917E-01   -5.215611E-05 
    36   -4.639225E-01    9.999970E-01    9.999958E-01    3.440078E-05 
    37   -4.629135E-01    9.999910E-01    9.999875E-01    7.572351E-05 
    38   -4.619119E-01    9.999838E-01    9.999775E-01    4.218221E-05 
    39   -4.609153E-01    9.999844E-01    9.999783E-01   -2.191930E-05 
    40   -4.599184E-01    9.999923E-01    9.999892E-01   -5.315240E-05 
    41   -4.589177E-01    9.999985E-01    9.999979E-01   -3.656222E-06 
    42   -4.579132E-01    9.999977E-01    9.999967E-01    5.018927E-05 
    43   -4.569105E-01    9.999928E-01    9.999900E-01    4.645287E-05 
    44   -4.559094E-01    9.999909E-01    9.999873E-01    1.122463E-05 
    45   -4.549095E-01    9.999943E-01    9.999920E-01   -1.623545E-05 
    46   -4.539104E-01    9.999993E-01    9.999990E-01   -1.893330E-05 
    47   -4.529097E-01    1.000002E+00    1.000002E+00    1.449194E-05 
    48   -4.519077E-01    1.000001E+00    1.000002E+00    2.741583E-05 
    49   -4.509054E-01    9.999995E-01    9.999992E-01    2.565966E-05 
    50   -4.499040E-01    9.999984E-01    9.999978E-01    1.440256E-05 
    51   -4.489037E-01    9.999997E-01    9.999997E-01   -3.483026E-06 
    52   -4.479039E-01    1.000002E+00    1.000003E+00   -6.395755E-06 
    53   -4.469031E-01    1.000004E+00    1.000006E+00    9.565886E-06 
    54   -4.459014E-01    1.000004E+00    1.000005E+00    2.174257E-05 
    55   -4.448998E-01    1.000002E+00    1.000003E+00    2.162053E-05 
    56   -4.438986E-01    1.000001E+00    1.000002E+00    1.293096E-05 
    57   -4.428980E-01    1.000002E+00    1.000003E+00    4.107641E-07 
    58   -4.418975E-01    1.000004E+00    1.000006E+00    1.009498E-07 
    59   -4.408966E-01    1.000005E+00    1.000007E+00    1.204043E-05 
    60   -4.398954E-01    1.000005E+00    1.000007E+00    1.738812E-05 
    61   -4.388941E-01    1.000004E+00    1.000006E+00    1.693034E-05 
    62   -4.378929E-01    1.000004E+00    1.000006E+00    1.195471E-05 
    63   -4.368921E-01    1.000005E+00    1.000006E+00    5.533250E-06 
    64   -4.358914E-01    1.000006E+00    1.000008E+00    5.297541E-06 
    65   -4.348905E-01    1.000006E+00    1.000009E+00    1.122689E-05 
    66   -4.338894E-01    1.000006E+00    1.000009E+00    1.478613E-05 
    67   -4.328882E-01    1.000006E+00    1.000008E+00    1.511640E-05 
    68   -4.318871E-01    1.000006E+00    1.000008E+00    1.251245E-05 
    69   -4.308861E-01    1.000006E+00    1.000008E+00    8.377770E-06 
    70   -4.298853E-01    1.000007E+00    1.000009E+00    7.699188E-06 
    71   -4.288844E-01    1.000007E+00    1.000010E+00    1.143200E-05 
    72   -4.278834E-01    1.000007E+00    1.000010E+00    1.384007E-05 
    73   -4.268823E-01    1.000007E+00    1.000010E+00    1.411357E-05 
    74   -4.258812E-01    1.000007E+00    1.000009E+00    1.270891E-05 
    75   -4.248802E-01    1.000007E+00    1.000010E+00    1.025150E-05 
    76   -4.238793E-01    1.000007E+00    1.000010E+00    9.577632E-06 
    77   -4.228784E-01    1.000008E+00    1.000011E+00    1.185206E-05 
    78   -4.218774E-01    1.000008E+00    1.000011E+00    1.349649E-05 
    79   -4.208763E-01    1.000008E+00    1.000011E+00    1.385124E-05 
    80   -4.198753E-01    1.000008E+00    1.000011E+00    1.326812E-05 
    81   -4.188743E-01    1.000008E+00    1.000011E+00    1.182024E-05 
    82   -4.178733E-01    1.000008E+00    1.000011E+00    1.112612E-05 
    83   -4.168724E-01    1.000008E+00    1.000012E+00    1.231093E-05 
    84   -4.158714E-01    1.000008E+00    1.000012E+00    1.335798E-05 
    85   -4.148704E-01    1.000008E+00    1.000012E+00    1.357784E-05 
    86   -4.138693E-01    1.000008E+00    1.000012E+00    1.334164E-05 
    87   -4.128683E-01    1.000008E+00    1.000012E+00    1.246545E-05 
    88   -4.118674E-01    1.000008E+00    1.000012E+00    1.176847E-05 
    89   -4.108664E-01    1.000009E+00    1.000012E+00    1.245210E-05 
    90   -4.098654E-01    1.000009E+00    1.000012E+00    1.358120E-05 
    91   -4.088644E-01    1.000009E+00    1.000012E+00    1.381709E-05 
    92   -4.078634E-01    1.000009E+00    1.000012E+00    1.379245E-05 
    93   -4.068624E-01    1.000009E+00    1.000013E+00    1.324513E-05 
    94   -4.058614E-01    1.000009E+00    1.000013E+00    1.277655E-05 
    95   -4.048605E-01    1.000010E+00    1.000013E+00    1.334355E-05 
    96   -4.038595E-01    1.000010E+00    1.000014E+00    1.417280E-05 
    97   -4.028585E-01    1.000010E+00    1.000014E+00    1.450439E-05 
    98   -4.018575E-01    1.000010E+00    1.000014E+00    1.481258E-05 
    99   -4.008565E-01    1.000010E+00    1.000014E+00    1.459753E-05 
   100   -3.998555E-01    1.000010E+00    1.000014E+00    1.420808E-05 
   101   -3.988545E-01    1.000010E+00    1.000014E+00    1.420183E-05 
   102   -3.978535E-01    1.000010E+00    1.000014E+00    1.442439E-05 
   103   -3.968525E-01    1.000010E+00    1.000014E+00    1.423070E-05 
   104   -3.958515E-01    1.000010E+00    1.000014E+00    1.419291E-05 
   105   -3.948505E-01    1.000010E+00    1.000014E+00    1.397127E-05 
   106   -3.938495E-01    1.000010E+00    1.000014E+00    1.359911E-05 
   107   -3.928486E-01    1.000010E+00    1.000015E+00    1.382530E-05 
   108   -3.918476E-01    1.000011E+00    1.000015E+00    1.509483E-05 
   109   -3.908466E-01    1.000011E+00    1.000015E+00    1.564236E-05 
   110   -3.898456E-01    1.000011E+00    1.000016E+00    1.640141E-05 
   111   -3.888446E-01    1.000012E+00    1.000016E+00    1.643780E-05 
   112   -3.878436E-01    1.000012E+00    1.000017E+00    1.627900E-05 
   113   -3.868426E-01    1.000012E+00    1.000017E+00    1.653459E-05 
   114   -3.858416E-01    1.000013E+00    1.000017E+00    1.705612E-05 
   115   -3.848406E-01    1.000013E+00    1.000018E+00    1.734535E-05 
   116   -3.838396E-01    1.000013E+00    1.000018E+00    1.775107E-05 
   117   -3.828387E-01    1.000013E+00    1.000018E+00    1.792505E-05 
   118   -3.818377E-01    1.000013E+00    1.000018E+00    1.778105E-05 
   119   -3.808367E-01    1.000013E+00    1.000018E+00    1.758112E-05 
   120   -3.798357E-01    1.000013E+00    1.000018E+00    1.745483E-05 
   121   -3.788347E-01    1.000013E+00    1.000018E+00    1.755188E-05 
   122   -3.778337E-01    1.000013E+00    1.000018E+00    1.752545E-05 
   123   -3.768327E-01    1.000013E+00    1.000018E+00    1.724572E-05 
   124   -3.758317E-01    1.000013E+00    1.000019E+00    1.692677E-05 
   125   -3.748308E-01    1.000014E+00    1.000019E+00    1.701700E-05 
   126   -3.738298E-01    1.000014E+00    1.000020E+00    1.802620E-05 
   127   -3.728288E-01    1.000014E+00    1.000020E+00    1.937230E-05 
   128   -3.718278E-01    1.000015E+00    1.000021E+00    2.035825E-05 
   129   -3.708268E-01    1.000015E+00    1.000021E+00    2.089390E-05 
   130   -3.698258E-01    1.000015E+00    1.000021E+00    2.096036E-05 
   131   -3.688248E-01    1.000016E+00    1.000022E+00    2.089537E-05 
   132   -3.678238E-01    1.000016E+00    1.000022E+00    2.103045E-05 
   133   -3.668229E-01    1.000016E+00    1.000022E+00    2.135693E-05 
   134   -3.658219E-01    1.000016E+00    1.000023E+00    2.131344E-05 
   135   -3.648209E-01    1.000016E+00    1.000023E+00    2.113339E-05 
   136   -3.638199E-01    1.000017E+00    1.000023E+00    2.091808E-05 
   137   -3.628189E-01    1.000017E+00    1.000024E+00    2.101335E-05 
   138   -3.618179E-01    1.000017E+00    1.000024E+00    2.186437E-05 
   139   -3.608170E-01    1.000018E+00    1.000025E+00    2.303422E-05 
   140   -3.598160E-01    1.000018E+00    1.000025E+00    2.401135E-05 
   141   -3.588150E-01    1.000019E+00    1.000026E+00    2.456923E-05 
   142   -3.578140E-01    1.000019E+00    1.000027E+00    2.493246E-05 
   143   -3.568130E-01    1.000020E+00    1.000027E+00    2.535654E-05 
   144   -3.558120E-01    1.000020E+00    1.000028E+00    2.592966E-05 
   145   -3.548111E-01    1.000020E+00    1.000028E+00    2.649927E-05 
   146   -3.538101E-01    1.000021E+00    1.000029E+00    2.690293E-05 
   147   -3.528091E-01    1.000021E+00    1.000029E+00    2.705517E-05 
   148   -3.518081E-01    1.000020E+00    1.000029E+00    2.701270E-05 
   149   -3.508071E-01    1.000020E+00    1.000028E+00    2.684023E-05 
   150   -3.498062E-01    1.000020E+00    1.000028E+00    2.658651E-05 
   151   -3.488052E-01    1.000019E+00    1.000027E+00    2.622646E-05 
   152   -3.478042E-01    1.000019E+00    1.000026E+00    2.571843E-05 
   153   -3.468032E-01    1.000018E+00    1.000025E+00    2.501751E-05 
   154   -3.458022E-01    1.000016E+00    1.000023E+00    2.406281E-05 
   155   -3.448013E-01    1.000015E+00    1.000021E+00    2.282041E-05 
   156   -3.438003E-01    1.000013E+00    1.000018E+00    2.127298E-05 
   157   -3.427993E-01    1.000011E+00    1.000015E+00    1.940280E-05 
   158   -3.417983E-01    1.000009E+00    1.000012E+00    1.715999E-05 
   159   -3.407973E-01    1.000006E+00    1.000008E+00    1.449866E-05 
   160   -3.397963E-01    1.000002E+00    1.000003E+00    1.135462E-05 
   161   -3.387953E-01    9.999985E-01    9.999978E-01    7.686137E-06 
   162   -3.377943E-01    9.999941E-01    9.999917E-01    3.436699E-06 
   163   -3.367933E-01    9.999892E-01    9.999848E-01   -1.418079E-06 
   164   -3.357923E-01    9.999836E-01    9.999771E-01   -6.913948E-06 
   165   -3.347913E-01    9.999774E-01    9.999684E-01   -1.313182E-05 
   166   -3.337902E-01    9.999706E-01    9.999588E-01   -2.012052E-05 
   167   -3.327892E-01    9.999630E-01    9.999482E-01   -2.788914E-05 
   168   -3.317882E-01    9.999547E-01    9.999365E-01   -3.655407E-05 
   169   -3.307871E-01    9.999456E-01    9.999238E-01   -4.609214E-05 
   170   -3.297861E-01    9.999357E-01    9.999099E-01   -5.646098E-05 
   171   -3.287850E-01    9.999249E-01    9.998948E-01   -6.789304E-05 
   172   -3.277839E-01    9.999133E-01    9.998786E-01   -8.029080E-05 
   173   -3.267828E-01    9.999008E-01    9.998610E-01   -9.360325E-05 
   174   -3.257817E-01    9.998873E-01    9.998422E-01   -1.081831E-04 
   175   -3.247806E-01    9.998730E-01    9.998221E-01   -1.236923E-04 
   176   -3.237795E-01    9.998577E-01    9.998008E-01   -1.403382E-04 
   177   -3.227783E-01    9.998417E-01    9.997783E-01   -1.587703E-04 
   178   -3.217772E-01    9.998251E-01    9.997551E-01   -1.779341E-04 
   179   -3.207760E-01    9.998085E-01    9.997319E-01   -1.985403E-04 
   180   -3.197748E-01    9.997929E-01    9.997100E-01   -2.217102E-04 
   181   -3.187736E-01    9.997794E-01    9.996912E-01   -2.450181E-04 
   182   -3.177723E-01    9.997701E-01    9.996781E-01   -2.700877E-04 
   183   -3.167711E-01    9.997670E-01    9.996738E-01   -2.991592E-04 
   184   -3.157698E-01    9.997724E-01    9.996814E-01   -3.192955E-04 
   185   -3.147685E-01    9.997885E-01    9.997039E-01   -3.148826E-04 
   186   -3.137672E-01    9.998168E-01    9.997435E-01   -2.834895E-04 
   187   -3.127660E-01    9.998582E-01    9.998015E-01   -2.310677E-04 
   188   -3.117648E-01    9.999127E-01    9.998777E-01   -1.600720E-04 
   189   -3.107637E-01    9.999792E-01    9.999709E-01   -7.217865E-05 
   190   -3.097627E-01    1.000056E+00    1.000079E+00    2.991430E-05 
   191   -3.087618E-01    1.000142E+00    1.000198E+00    1.428033E-04 
   192   -3.077609E-01    1.000233E+00    1.000326E+00    2.627941E-04 
   193   -3.067602E-01    1.000327E+00    1.000458E+00    3.861722E-04 
   194   -3.057596E-01    1.000422E+00    1.000591E+00    5.093962E-04 
   195   -3.047591E-01    1.000516E+00    1.000722E+00    6.292760E-04 
   196   -3.037586E-01    1.000605E+00    1.000848E+00    7.430152E-04 
   197   -3.027583E-01    1.000690E+00    1.000965E+00    8.482791E-04 
   198   -3.017581E-01    1.000766E+00    1.001073E+00    9.432611E-04 
   199   -3.007579E-01    1.000835E+00    1.001170E+00    1.026678E-03 
   200   -2.997578E-01    1.000895E+00    1.001254E+00    1.097802E-03 
   201   -2.987578E-01    1.000946E+00    1.001325E+00    1.156399E-03 
   202   -2.977578E-01    1.000988E+00    1.001384E+00    1.202774E-03 
   203   -2.967578E-01    1.001022E+00    1.001431E+00    1.237672E-03 
   204   -2.957579E-01    1.001047E+00    1.001466E+00    1.262014E-03 
   205   -2.947580E-01    1.001065E+00    1.001492E+00    1.277076E-03 
   206   -2.937581E-01    1.001078E+00    1.001509E+00    1.285027E-03 
   207   -2.927582E-01    1.001085E+00    1.001520E+00    1.288271E-03 
   208   -2.917583E-01    1.001088E+00    1.001524E+00    1.288425E-03 
   209   -2.907584E-01    1.001088E+00    1.001524E+00    1.286308E-03 
   210   -2.897585E-01    1.001085E+00    1.001520E+00    1.282193E-03 
   211   -2.887586E-01    1.001080E+00    1.001512E+00    1.275943E-03 
   212   -2.877587E-01    1.001073E+00    1.001503E+00    1.267539E-03 
   213   -2.867587E-01    1.001064E+00    1.001491E+00    1.257044E-03 
   214   -2.857588E-01    1.001054E+00    1.001476E+00    1.244560E-03 
   215   -2.847588E-01    1.001043E+00    1.001460E+00    1.230159E-03 
   216   -2.837589E-01    1.001030E+00    1.001442E+00    1.213899E-03 
   217   -2.827589E-01    1.001015E+00    1.001422E+00    1.195839E-03 
   218   -2.817589E-01    1.001000E+00    1.001400E+00    1.176049E-03 
   219   -2.807589E-01    1.000984E+00    1.001377E+00    1.154606E-03 
   220   -2.797589E-01    1.000966E+00    1.001353E+00    1.131592E-03 
   221   -2.787589E-01    1.000947E+00    1.001327E+00    1.107098E-03 
   222   -2.777588E-01    1.000928E+00    1.001300E+00    1.081218E-03 
   223   -2.767587E-01    1.000908E+00    1.001271E+00    1.054049E-03 
   224   -2.757586E-01    1.000887E+00    1.001242E+00    1.025694E-03 
   225   -2.747585E-01    1.000866E+00    1.001212E+00    9.962604E-04 
   226   -2.737583E-01    1.000844E+00    1.001182E+00    9.658554E-04 
   227   -2.727582E-01    1.000822E+00    1.001151E+00    9.345903E-04 
   228   -2.717580E-01    1.000799E+00    1.001119E+00    9.025775E-04 
   229   -2.707578E-01    1.000776E+00    1.001087E+00    8.699299E-04 
   230   -2.697575E-01    1.000753E+00    1.001055E+00    8.367610E-04 
   231   -2.687573E-01    1.000730E+00    1.001022E+00    8.031839E-04 
   232   -2.677570E-01    1.000707E+00    1.000990E+00    7.693109E-04 
   233   -2.667567E-01    1.000684E+00    1.000958E+00    7.352533E-04 
   234   -2.657564E-01    1.000661E+00    1.000926E+00    7.011205E-04 
   235   -2.647560E-01    1.000639E+00    1.000894E+00    6.670202E-04 
   236   -2.637556E-01    1.000617E+00    1.000863E+00    6.330580E-04 
   237   -2.627552E-01    1.000595E+00    1.000832E+00    5.993368E-04 
   238   -2.617548E-01    1.000573E+00    1.000802E+00    5.659574E-04 
   239   -2.607544E-01    1.000552E+00    1.000772E+00    5.330178E-04 
   240   -2.597539E-01    1.000531E+00    1.000743E+00    5.006138E-04 
   241   -2.587534E-01    1.000511E+00    1.000715E+00    4.688390E-04 
   242   -2.577529E-01    1.000491E+00    1.000687E+00    4.377848E-04 
   243   -2.567524E-01    1.000471E+00    1.000660E+00    4.075417E-04 
   244   -2.557519E-01    1.000452E+00    1.000634E+00    3.781990E-04 
   245   -2.547513E-01    1.000434E+00    1.000608E+00    3.498461E-04 
   246   -2.537507E-01    1.000416E+00    1.000583E+00    3.225734E-04 
   247   -2.527501E-01    1.000399E+00    1.000558E+00    2.964745E-04 
   248   -2.517495E-01    1.000381E+00    1.000534E+00    2.716476E-04 
   249   -2.507489E-01    1.000365E+00    1.000510E+00    2.481975E-04 
   250   -2.497483E-01    1.000348E+00    1.000487E+00    2.262368E-04 
   251   -2.487476E-01    1.000331E+00    1.000464E+00    2.058855E-04 
   252   -2.477469E-01    1.000315E+00    1.000441E+00    1.872773E-04 
   253   -2.467462E-01    1.000298E+00    1.000417E+00    1.705789E-04 
   254   -2.457455E-01    1.000281E+00    1.000394E+00    1.560363E-04 
   255   -2.447448E-01    1.000263E+00    1.000369E+00    1.439307E-04 
   256   -2.437440E-01    1.000244E+00    1.000342E+00    1.345807E-04 
   257   -2.427433E-01    1.000223E+00    1.000312E+00    1.280281E-04 
   258   -2.417425E-01    1.000198E+00    1.000277E+00    1.246760E-04 
   259   -2.407417E-01    1.000168E+00    1.000236E+00    1.251968E-04 
   260   -2.397409E-01    1.000132E+00    1.000184E+00    1.315605E-04 
   261   -2.387400E-01    1.000086E+00    1.000121E+00    1.474364E-04 
   262   -2.377392E-01    1.000029E+00    1.000041E+00    1.777041E-04 
   263   -2.367382E-01    9.999575E-01    9.999405E-01    2.265080E-04 
   264   -2.357372E-01    9.998686E-01    9.998160E-01    2.965475E-04 
   265   -2.347361E-01    9.997591E-01    9.996627E-01    3.909680E-04 
   266   -2.337349E-01    9.996255E-01    9.994757E-01    5.134538E-04 
   267   -2.327336E-01    9.994638E-01    9.992493E-01    6.681292E-04 
   268   -2.317321E-01    9.992696E-01    9.989774E-01    8.599176E-04 
   269   -2.307304E-01    9.990378E-01    9.986529E-01    1.094758E-03 
   270   -2.297285E-01    9.987629E-01    9.982681E-01    1.379345E-03 
   271   -2.287263E-01    9.984388E-01    9.978145E-01    1.721320E-03 
   272   -2.277238E-01    9.980589E-01    9.972829E-01    2.128904E-03 
   273   -2.267209E-01    9.976164E-01    9.966638E-01    2.610843E-03 
   274   -2.257176E-01    9.971042E-01    9.959471E-01    3.176240E-03 
   275   -2.247137E-01    9.965148E-01    9.951227E-01    3.834357E-03 
   276   -2.237092E-01    9.958412E-01    9.941806E-01    4.594591E-03 
   277   -2.227041E-01    9.950759E-01    9.931107E-01    5.466255E-03 
   278   -2.216981E-01    9.942123E-01    9.919034E-01    6.458536E-03 
   279   -2.206913E-01    9.932435E-01    9.905498E-01    7.580254E-03 
   280   -2.196834E-01    9.921636E-01    9.890414E-01    8.839722E-03 
   281   -2.186744E-01    9.909672E-01    9.873709E-01    1.024452E-02 
   282   -2.176641E-01    9.896497E-01    9.855322E-01    1.180130E-02 
   283   -2.166524E-01    9.882073E-01    9.835203E-01    1.351556E-02 
   284   -2.156392E-01    9.866376E-01    9.813321E-01    1.539150E-02 
   285   -2.146244E-01    9.849390E-01    9.789656E-01    1.743184E-02 
   286   -2.136077E-01    9.831113E-01    9.764211E-01    1.963774E-02 
   287   -2.125890E-01    9.811555E-01    9.737003E-01    2.200867E-02 
   288   -2.115682E-01    9.790739E-01    9.708068E-01    2.454248E-02 
   289   -2.105451E-01    9.768700E-01    9.677458E-01    2.723533E-02 
   290   -2.095197E-01    9.745485E-01    9.645244E-01    3.008186E-02 
   291   -2.084917E-01    9.721150E-01    9.611510E-01    3.307522E-02 
   292   -2.074611E-01    9.695762E-01    9.576350E-01    3.620732E-02 
   293   -2.064276E-01    9.669395E-01    9.539874E-01    3.946892E-02 
   294   -2.053913E-01    9.642129E-01    9.502197E-01    4.284994E-02 
   295   -2.043519E-01    9.614049E-01    9.463439E-01    4.633960E-02 
   296   -2.033094E-01    9.585243E-01    9.423724E-01    4.992676E-02 
   297   -2.022636E-01    9.555796E-01    9.383177E-01    5.360009E-02 
   298   -2.012146E-01    9.525796E-01    9.341919E-01    5.734837E-02 
   299   -2.001622E-01    9.495325E-01    9.300067E-01    6.116077E-02 
   300   -1.991064E-01    9.464460E-01    9.257729E-01    6.502701E-02 
   301   -1.980471E-01    9.433273E-01    9.215005E-01    6.893763E-02 
   302   -1.969842E-01    9.401825E-01    9.171981E-01    7.288418E-02 
   303   -1.959177E-01    9.370169E-01    9.128731E-01    7.685937E-02 
   304   -1.948476E-01    9.338346E-01    9.085311E-01    8.085725E-02 
   305   -1.937738E-01    9.306384E-01    9.041760E-01    8.487339E-02 
   306   -1.926963E-01    9.274295E-01    8.998097E-01    8.890507E-02 
   307   -1.916150E-01    9.242075E-01    8.954317E-01    9.295161E-02 
   308   -1.905300E-01    9.209704E-01    8.910392E-01    9.701461E-02 
   309   -1.894412E-01    9.177139E-01    8.866266E-01    1.010982E-01 
   310   -1.883485E-01    9.144320E-01    8.821857E-01    1.052092E-01 
   311   -1.872518E-01    9.111165E-01    8.777058E-01    1.093569E-01 
   312   -1.861513E-01    9.077579E-01    8.731741E-01    1.135581E-01 
   313   -1.850466E-01    9.043454E-01    8.685764E-01    1.178330E-01 
   314   -1.839378E-01    9.008678E-01    8.638978E-01    1.222021E-01 
   315   -1.828247E-01    8.973140E-01    8.591242E-01    1.266854E-01 
   316   -1.817072E-01    8.936744E-01    8.542430E-01    1.313016E-01 
   317   -1.805851E-01    8.899413E-01    8.492444E-01    1.360668E-01 
   318   -1.794582E-01    8.861096E-01    8.441225E-01    1.409936E-01 
   319   -1.783263E-01    8.821775E-01    8.388756E-01    1.460903E-01 
   320   -1.771894E-01    8.781469E-01    8.335068E-01    1.513600E-01 
   321   -1.760470E-01    8.740232E-01    8.280241E-01    1.567951E-01 
   322   -1.748992E-01    8.698149E-01    8.224398E-01    1.623814E-01 
   323   -1.737457E-01    8.655335E-01    8.167695E-01    1.681017E-01 
   324   -1.725864E-01    8.611925E-01    8.110319E-01    1.739355E-01 
   325   -1.714211E-01    8.568067E-01    8.052468E-01    1.798603E-01 
   326   -1.702498E-01    8.523913E-01    7.994349E-01    1.858534E-01 
   327   -1.690722E-01    8.479614E-01    7.936160E-01    1.918924E-01 
   328   -1.678885E-01    8.435310E-01    7.878087E-01    1.979562E-01 
   329   -1.666985E-01    8.391124E-01    7.820291E-01    2.040254E-01 
   330   -1.655022E-01    8.347159E-01    7.762906E-01    2.100835E-01 
   331   -1.642996E-01    8.303492E-01    7.706031E-01    2.161172E-01 
   332   -1.630906E-01    8.260174E-01    7.649728E-01    2.221173E-01 
   333   -1.618753E-01    8.217224E-01    7.594022E-01    2.280785E-01 
   334   -1.606537E-01    8.174636E-01    7.538899E-01    2.340006E-01 
   335   -1.594258E-01    8.132377E-01    7.484316E-01    2.398877E-01 
   336   -1.581915E-01    8.090401E-01    7.430209E-01    2.457514E-01 
   337   -1.569509E-01    8.048650E-01    7.376504E-01    2.516152E-01 
   338   -1.557038E-01    8.007069E-01    7.323128E-01    2.574932E-01 
   339   -1.544503E-01    7.965607E-01    7.270015E-01    2.633872E-01 
   340   -1.531903E-01    7.924224E-01    7.217114E-01    2.692999E-01 
   341   -1.519237E-01    7.882897E-01    7.164394E-01    2.752312E-01 
   342   -1.506504E-01    7.841616E-01    7.111845E-01    2.811832E-01 
   343   -1.493704E-01    7.800392E-01    7.059478E-01    2.871667E-01 
   344   -1.480836E-01    7.759256E-01    7.007335E-01    2.931817E-01 
   345   -1.467900E-01    7.718263E-01    6.955483E-01    2.992133E-01 
   346   -1.454894E-01    7.677483E-01    6.904012E-01    3.052473E-01 
   347   -1.441819E-01    7.637000E-01    6.853023E-01    3.112680E-01 
   348   -1.428674E-01    7.596897E-01    6.802621E-01    3.172582E-01 
   349   -1.415459E-01    7.557255E-01    6.752905E-01    3.232014E-01 
   350   -1.402176E-01    7.518147E-01    6.703960E-01    3.290820E-01 
   351   -1.388823E-01    7.479631E-01    6.655858E-01    3.348873E-01 
   352   -1.375402E-01    7.441753E-01    6.608649E-01    3.406080E-01 
   353   -1.361912E-01    7.404541E-01    6.562365E-01    3.462382E-01 
   354   -1.348355E-01    7.368004E-01    6.517010E-01    3.517758E-01 
   355   -1.334732E-01    7.332129E-01    6.472565E-01    3.572214E-01 
   356   -1.321042E-01    7.296880E-01    6.428980E-01    3.625791E-01 
   357   -1.307287E-01    7.262192E-01    6.386172E-01    3.678551E-01 
   358   -1.293467E-01    7.227976E-01    6.344025E-01    3.730587E-01 
   359   -1.279582E-01    7.194106E-01    6.302382E-01    3.782029E-01 
   360   -1.265633E-01    7.160423E-01    6.261045E-01    3.833077E-01 
   361   -1.251618E-01    7.126723E-01    6.219766E-01    3.884004E-01 
   362   -1.237538E-01    7.092765E-01    6.178245E-01    3.935165E-01 
   363   -1.223391E-01    7.058266E-01    6.136144E-01    3.987073E-01 
   364   -1.209175E-01    7.022919E-01    6.093090E-01    4.040392E-01 
   365   -1.194888E-01    6.986410E-01    6.048709E-01    4.095777E-01 
   366   -1.180525E-01    6.948448E-01    6.002658E-01    4.153844E-01 
   367   -1.166083E-01    6.908796E-01    5.954664E-01    4.215119E-01 
   368   -1.151557E-01    6.867303E-01    5.904557E-01    4.279980E-01 
   369   -1.136940E-01    6.823924E-01    5.852303E-01    4.348647E-01 
   370   -1.122227E-01    6.778735E-01    5.798010E-01    4.421075E-01 
   371   -1.107413E-01    6.731925E-01    5.741924E-01    4.496949E-01 
   372   -1.092492E-01    6.683774E-01    5.684394E-01    4.575827E-01 
   373   -1.077460E-01    6.634619E-01    5.625840E-01    4.657123E-01 
   374   -1.062315E-01    6.584832E-01    5.566711E-01    4.740169E-01 
   375   -1.047052E-01    6.534782E-01    5.507452E-01    4.824281E-01 
   376   -1.031671E-01    6.484818E-01    5.448479E-01    4.908805E-01 
   377   -1.016171E-01    6.435247E-01    5.390150E-01    4.993129E-01 
   378   -1.000551E-01    6.386323E-01    5.332762E-01    5.076735E-01 
   379   -9.848111E-02    6.338247E-01    5.276540E-01    5.159228E-01 
   380   -9.689525E-02    6.291155E-01    5.221635E-01    5.240385E-01 
   381   -9.529761E-02    6.245113E-01    5.168114E-01    5.320087E-01 
   382   -9.368832E-02    6.200107E-01    5.115948E-01    5.398344E-01 
   383   -9.206753E-02    6.156033E-01    5.065010E-01    5.475258E-01 
   384   -9.043532E-02    6.112712E-01    5.015082E-01    5.551058E-01 
   385   -8.879171E-02    6.069917E-01    4.965899E-01    5.626114E-01 
   386   -8.713663E-02    6.027419E-01    4.917193E-01    5.701173E-01 
   387   -8.546993E-02    5.985023E-01    4.868739E-01    5.776701E-01 
   388   -8.379142E-02    5.942595E-01    4.820386E-01    5.852900E-01 
   389   -8.210086E-02    5.900074E-01    4.772065E-01    5.929866E-01 
   390   -8.039805E-02    5.857472E-01    4.723794E-01    6.007768E-01 
   391   -7.868273E-02    5.814880E-01    4.675675E-01    6.086713E-01 
   392   -7.695473E-02    5.772468E-01    4.627901E-01    6.166243E-01 
   393   -7.521389E-02    5.730471E-01    4.580735E-01    6.245733E-01 
   394   -7.346022E-02    5.689172E-01    4.534488E-01    6.324452E-01 
   395   -7.169376E-02    5.648881E-01    4.489501E-01    6.401641E-01 
   396   -6.991472E-02    5.609919E-01    4.446122E-01    6.476607E-01 
   397   -6.812337E-02    5.572617E-01    4.404704E-01    6.548704E-01 
   398   -6.632015E-02    5.537300E-01    4.365594E-01    6.617372E-01 
   399   -6.450562E-02    5.504297E-01    4.329136E-01    6.682047E-01 
   400   -6.268045E-02    5.473942E-01    4.295679E-01    6.742094E-01 
   401   -6.084547E-02    5.446602E-01    4.265606E-01    6.796684E-01 
   402   -5.900161E-02    5.422701E-01    4.239362E-01    6.844800E-01 
   403   -5.715005E-02    5.402760E-01    4.217495E-01    6.885212E-01 
   404   -5.529210E-02    5.387378E-01    4.200638E-01    6.916505E-01 
   405   -5.342939E-02    5.377079E-01    4.189343E-01    6.937363E-01 
   406   -5.156390E-02    5.371991E-01    4.183736E-01    6.945899E-01 
   407   -4.969800E-02    5.371575E-01    4.183223E-01    6.940268E-01 
   408   -4.783350E-02    5.374686E-01    4.186555E-01    6.928410E-01 
   409   -4.597105E-02    5.380004E-01    4.192296E-01    6.915363E-01 
   410   -4.411099E-02    5.386486E-01    4.199310E-01    6.901363E-01 
   411   -4.225333E-02    5.393520E-01    4.206927E-01    6.886781E-01 
   412   -4.039822E-02    5.400792E-01    4.214807E-01    6.871943E-01 
   413   -3.854573E-02    5.408113E-01    4.222745E-01    6.857256E-01 
   414   -3.669578E-02    5.415323E-01    4.230563E-01    6.843064E-01 
   415   -3.484836E-02    5.422279E-01    4.238107E-01    6.829625E-01 
   416   -3.300325E-02    5.428867E-01    4.245249E-01    6.817110E-01 
   417   -3.116036E-02    5.434988E-01    4.251881E-01    6.805680E-01 
   418   -2.931954E-02    5.440567E-01    4.257920E-01    6.795448E-01 
   419   -2.748046E-02    5.445559E-01    4.263315E-01    6.786411E-01 
   420   -2.564303E-02    5.449955E-01    4.268058E-01    6.778541E-01 
   421   -2.380692E-02    5.453778E-01    4.272169E-01    6.771779E-01 
   422   -2.197200E-02    5.457058E-01    4.275685E-01    6.766083E-01 
   423   -2.013814E-02    5.459841E-01    4.278655E-01    6.761346E-01 
   424   -1.830504E-02    5.462182E-01    4.281138E-01    6.757421E-01 
   425   -1.647267E-02    5.464142E-01    4.283199E-01    6.754191E-01 
   426   -1.464088E-02    5.465777E-01    4.284903E-01    6.751539E-01 
   427   -1.280958E-02    5.467138E-01    4.286303E-01    6.749362E-01 
   428   -1.097867E-02    5.468277E-01    4.287457E-01    6.747545E-01 
   429   -9.148064E-03    5.469239E-01    4.288416E-01    6.746008E-01 
   430   -7.317791E-03    5.470064E-01    4.289221E-01    6.744702E-01 
   431   -5.487747E-03    5.470780E-01    4.289904E-01    6.743573E-01 
   432   -3.657902E-03    5.471414E-01    4.290493E-01    6.742587E-01 
   433   -1.828271E-03    5.471983E-01    4.291009E-01    6.741706E-01 
   434    1.168821E-06    5.472502E-01    4.291466E-01    6.740913E-01 
   435    1.830482E-03    5.472981E-01    4.291877E-01    6.740191E-01 
   436    3.659624E-03    5.473428E-01    4.292248E-01    6.739529E-01 
   437    5.488596E-03    5.473846E-01    4.292586E-01    6.738918E-01 
   438    7.317484E-03    5.474243E-01    4.292896E-01    6.738339E-01 
   439    9.146209E-03    5.474622E-01    4.293182E-01    6.737802E-01 
   440    1.097482E-02    5.474986E-01    4.293448E-01    6.737306E-01 
   441    1.280331E-02    5.475336E-01    4.293695E-01    6.736835E-01 
   442    1.463167E-02    5.475675E-01    4.293926E-01    6.736387E-01 
   443    1.645999E-02    5.476006E-01    4.294142E-01    6.735966E-01 
   444    1.828810E-02    5.476328E-01    4.294342E-01    6.735575E-01 
   445    2.011613E-02    5.476641E-01    4.294531E-01    6.735195E-01 
   446    2.194416E-02    5.476950E-01    4.294712E-01    6.734828E-01 
   447    2.377195E-02    5.477255E-01    4.294882E-01    6.734493E-01 
   448    2.559967E-02    5.477554E-01    4.295035E-01    6.734172E-01 
   449    2.742737E-02    5.477850E-01    4.295175E-01    6.733855E-01 
   450    2.925489E-02    5.478145E-01    4.295315E-01    6.733559E-01 
   451    3.108234E-02    5.478436E-01    4.295451E-01    6.733293E-01 
   452    3.290968E-02    5.478725E-01    4.295573E-01    6.733024E-01 
   453    3.473692E-02    5.479016E-01    4.295679E-01    6.732761E-01 
   454    3.656417E-02    5.479309E-01    4.295775E-01    6.732531E-01 
   455    3.839113E-02    5.479597E-01    4.295867E-01    6.732316E-01 
   456    4.021804E-02    5.479886E-01    4.295966E-01    6.732084E-01 
   457    4.204510E-02    5.480183E-01    4.296062E-01    6.731870E-01 
   458    4.387177E-02    5.480483E-01    4.296133E-01    6.731703E-01 
   459    4.569829E-02    5.480782E-01    4.296179E-01    6.731519E-01 
   460    4.752506E-02    5.481090E-01    4.296235E-01    6.731313E-01 
   461    4.935154E-02    5.481407E-01    4.296307E-01    6.731161E-01 
   462    5.117770E-02    5.481720E-01    4.296369E-01    6.731042E-01 
   463    5.300401E-02    5.482040E-01    4.296410E-01    6.730865E-01 
   464    5.483032E-02    5.482385E-01    4.296449E-01    6.730694E-01 
   465    5.665627E-02    5.482741E-01    4.296477E-01    6.730608E-01 
   466    5.848198E-02    5.483091E-01    4.296481E-01    6.730509E-01 
   467    6.030791E-02    5.483457E-01    4.296500E-01    6.730323E-01 
   468    6.213378E-02    5.483852E-01    4.296560E-01    6.730196E-01 
   469    6.395904E-02    5.484257E-01    4.296613E-01    6.730171E-01 
   470    6.578430E-02    5.484670E-01    4.296603E-01    6.730061E-01 
   471    6.760994E-02    5.485127E-01    4.296560E-01    6.729852E-01 
   472    6.943497E-02    5.485620E-01    4.296538E-01    6.729753E-01 
   473    7.125957E-02    5.486098E-01    4.296559E-01    6.729855E-01 
   474    7.308454E-02    5.486582E-01    4.296633E-01    6.729657E-01 
   475    7.490913E-02    5.487164E-01    4.296710E-01    6.729340E-01 
   476    7.673369E-02    5.487798E-01    4.296625E-01    6.729458E-01 
   477    7.855798E-02    5.488401E-01    4.296380E-01    6.729746E-01 
   478    8.038105E-02    5.489056E-01    4.296356E-01    6.729028E-01 
   479    8.220504E-02    5.489824E-01    4.296600E-01    6.728861E-01 
   480    8.403136E-02    5.490586E-01    4.296644E-01    6.729958E-01 
   481    8.585034E-02    5.491368E-01    4.296372E-01    6.728927E-01 
   482    8.767213E-02    5.492407E-01    4.296312E-01    6.728111E-01 
   483    8.950479E-02    5.493475E-01    4.296295E-01    6.729988E-01 
   484    9.131800E-02    5.494474E-01    4.296114E-01    6.729360E-01 
   485    9.313168E-02    5.495801E-01    4.296211E-01    6.726895E-01 
   486    9.497692E-02    5.497514E-01    4.296811E-01    6.730157E-01 
   487    9.678855E-02    5.499581E-01    4.297522E-01    6.730204E-01 
   488    9.857646E-02    5.502493E-01    4.297917E-01    6.725041E-01 
   489    1.004479E-01    5.507061E-01    4.297954E-01    6.730913E-01 
   490    1.022640E-01    5.511503E-01    4.295239E-01    6.730631E-01 
   491    1.039901E-01    5.514229E-01    4.288312E-01    6.723324E-01 
   492    1.059162E-01    5.513491E-01    4.277911E-01    6.732329E-01 
   493    1.077292E-01    5.499052E-01    4.256840E-01    6.729436E-01 
   494    1.093762E-01    5.468340E-01    4.233063E-01    6.723430E-01 
   495    1.114083E-01    5.402219E-01    4.222275E-01    6.733200E-01 
   496    1.132038E-01    5.319901E-01    4.254975E-01    6.724998E-01 
   497    1.149595E-01    5.222418E-01    4.307017E-01    6.729631E-01 
   498    1.171403E-01    5.100467E-01    4.358865E-01    6.728132E-01 
   499    1.196834E-01    4.947511E-01    4.481200E-01    6.745448E-01 
   500    1.180481E-01    5.044522E-01    3.512380E-01    6.705903E-01 
   501    1.199657E-01    4.929466E-01    3.731455E-01    6.680858E-01 
   502    1.213364E-01    4.840945E-01    3.949507E-01    6.717824E-01 
   503    1.220553E-01    4.794689E-01    4.161245E-01    6.730772E-01 
   504    1.222594E-01    4.782270E-01    4.336620E-01    6.726596E-01 
   505    1.226831E-01    4.757918E-01    4.428291E-01    6.711687E-01 
   506    1.236888E-01    4.705568E-01    4.437309E-01    6.724622E-01 
   507    1.243431E-01    4.674880E-01    4.428193E-01    6.746824E-01 
   508    1.245565E-01    4.665633E-01    4.418674E-01    6.745818E-01 
   509    1.247052E-01    4.659504E-01    4.406489E-01    6.735169E-01 
   510    1.252165E-01    4.640852E-01    4.383657E-01    6.711594E-01 
   511    1.259607E-01    4.618568E-01    4.358459E-01    6.722496E-01 
   512    1.266230E-01    4.602886E-01    4.339762E-01    6.723526E-01 
   513    1.272743E-01    4.591157E-01    4.325165E-01    6.722668E-01 
   514    1.278139E-01    4.583965E-01    4.314685E-01    6.718556E-01 
   515    1.284840E-01    4.577412E-01    4.304746E-01    6.735377E-01 
   516    1.289792E-01    4.573827E-01    4.297849E-01    6.737426E-01 
   517    1.293937E-01    4.571576E-01    4.292994E-01    6.734882E-01 
   518    1.298376E-01    4.570016E-01    4.289177E-01    6.728331E-01 
   519    1.303723E-01    4.568928E-01    4.286096E-01    6.725411E-01 
   520    1.309309E-01    4.568484E-01    4.283868E-01    6.724074E-01 
   521    1.315180E-01    4.568593E-01    4.282530E-01    6.722893E-01 
   522    1.321704E-01    4.569110E-01    4.281773E-01    6.723796E-01 
   523    1.327809E-01    4.569691E-01    4.281193E-01    6.728617E-01 
   524    1.333074E-01    4.570221E-01    4.280562E-01    6.732297E-01 
   525    1.338011E-01    4.570715E-01    4.279960E-01    6.731946E-01 
   526    1.343165E-01    4.571354E-01    4.279527E-01    6.727157E-01 
   527    1.348594E-01    4.572147E-01    4.279288E-01    6.726856E-01 
   528    1.353854E-01    4.572908E-01    4.278984E-01    6.727362E-01 
   529    1.359149E-01    4.573694E-01    4.278772E-01    6.725913E-01 
   530    1.364745E-01    4.574541E-01    4.278718E-01    6.725311E-01 
   531    1.370607E-01    4.575390E-01    4.278777E-01    6.728193E-01 
   532    1.376332E-01    4.576105E-01    4.278790E-01    6.730777E-01 
   533    1.381769E-01    4.576704E-01    4.278746E-01    6.729784E-01 
   534    1.387069E-01    4.577338E-01    4.278802E-01    6.727006E-01 
   535    1.392525E-01    4.578039E-01    4.278947E-01    6.725506E-01 
   536    1.398073E-01    4.578720E-01    4.279054E-01    6.726710E-01 
   537    1.403442E-01    4.579326E-01    4.279075E-01    6.727013E-01 
   538    1.408761E-01    4.579896E-01    4.279048E-01    6.726934E-01 
   539    1.414162E-01    4.580443E-01    4.279032E-01    6.727892E-01 
   540    1.419613E-01    4.580943E-01    4.278972E-01    6.728954E-01 
   541    1.425100E-01    4.581401E-01    4.278944E-01    6.729021E-01 
   542    1.430639E-01    4.581852E-01    4.278924E-01    6.727984E-01 
   543    1.436205E-01    4.582324E-01    4.279023E-01    6.726644E-01 
   544    1.441750E-01    4.582800E-01    4.279109E-01    6.726243E-01 
   545    1.447258E-01    4.583248E-01    4.279234E-01    6.726795E-01 
   546    1.452698E-01    4.583655E-01    4.279253E-01    6.727354E-01 
   547    1.458077E-01    4.584029E-01    4.279298E-01    6.727591E-01 
   548    1.463426E-01    4.584375E-01    4.279251E-01    6.727745E-01 
   549    1.468784E-01    4.584704E-01    4.279251E-01    6.727633E-01 
   550    1.474196E-01    4.585031E-01    4.279210E-01    6.727331E-01 
   551    1.479697E-01    4.585357E-01    4.279238E-01    6.727129E-01 
   552    1.485260E-01    4.585674E-01    4.279243E-01    6.727228E-01 
   553    1.490811E-01    4.585967E-01    4.279272E-01    6.727420E-01 
   554    1.496312E-01    4.586237E-01    4.279281E-01    6.727522E-01 
   555    1.501776E-01    4.586489E-01    4.279282E-01    6.727532E-01 
   556    1.507205E-01    4.586727E-01    4.279291E-01    6.727399E-01 
   557    1.512607E-01    4.586959E-01    4.279270E-01    6.727108E-01 
   558    1.517997E-01    4.587193E-01    4.279300E-01    6.726765E-01 
   559    1.523401E-01    4.587429E-01    4.279280E-01    6.726560E-01 
   560    1.528847E-01    4.587658E-01    4.279324E-01    6.726711E-01 
   561    1.534331E-01    4.587869E-01    4.279287E-01    6.727185E-01 
   562    1.539831E-01    4.588059E-01    4.279308E-01    6.727573E-01 
   563    1.545319E-01    4.588230E-01    4.279249E-01    6.727643E-01 
   564    1.550797E-01    4.588393E-01    4.279260E-01    6.727479E-01 
   565    1.556259E-01    4.588553E-01    4.279218E-01    6.727247E-01 
   566    1.561711E-01    4.588715E-01    4.279240E-01    6.726977E-01 
   567    1.567144E-01    4.588880E-01    4.279231E-01    6.726700E-01 
   568    1.572571E-01    4.589045E-01    4.279256E-01    6.726523E-01 
   569    1.577999E-01    4.589205E-01    4.279263E-01    6.726547E-01 
   570    1.583437E-01    4.589355E-01    4.279264E-01    6.726782E-01 
   571    1.588891E-01    4.589492E-01    4.279271E-01    6.727044E-01 
   572    1.594353E-01    4.589617E-01    4.279239E-01    6.727168E-01 
   573    1.599824E-01    4.589734E-01    4.279249E-01    6.727171E-01 
   574    1.605294E-01    4.589845E-01    4.279204E-01    6.727109E-01 
   575    1.610761E-01    4.589952E-01    4.279226E-01    6.727016E-01 
   576    1.616217E-01    4.590057E-01    4.279182E-01    6.726914E-01 
   577    1.621667E-01    4.590161E-01    4.279213E-01    6.726794E-01 
   578    1.627106E-01    4.590265E-01    4.279178E-01    6.726677E-01 
   579    1.632543E-01    4.590368E-01    4.279211E-01    6.726583E-01 
   580    1.637980E-01    4.590468E-01    4.279186E-01    6.726564E-01 
   581    1.643425E-01    4.590562E-01    4.279205E-01    6.726628E-01 
   582    1.648877E-01    4.590649E-01    4.279183E-01    6.726736E-01 
   583    1.654337E-01    4.590728E-01    4.279179E-01    6.726824E-01 
   584    1.659799E-01    4.590800E-01    4.279164E-01    6.726865E-01 
   585    1.665259E-01    4.590866E-01    4.279141E-01    6.726853E-01 
   586    1.670717E-01    4.590929E-01    4.279140E-01    6.726795E-01 
   587    1.676167E-01    4.590990E-01    4.279103E-01    6.726709E-01 
   588    1.681616E-01    4.591052E-01    4.279121E-01    6.726605E-01 
   589    1.687059E-01    4.591115E-01    4.279083E-01    6.726512E-01 
   590    1.692504E-01    4.591179E-01    4.279116E-01    6.726439E-01 
   591    1.697947E-01    4.591240E-01    4.279077E-01    6.726423E-01 
   592    1.703397E-01    4.591297E-01    4.279106E-01    6.726465E-01 
   593    1.708848E-01    4.591349E-01    4.279064E-01    6.726530E-01 
   594    1.714303E-01    4.591394E-01    4.279077E-01    6.726570E-01 
   595    1.719758E-01    4.591435E-01    4.279038E-01    6.726580E-01 
   596    1.725212E-01    4.591473E-01    4.279036E-01    6.726551E-01 
   597    1.730666E-01    4.591508E-01    4.279010E-01    6.726500E-01 
   598    1.736115E-01    4.591543E-01    4.278997E-01    6.726442E-01 
   599    1.741565E-01    4.591578E-01    4.278991E-01    6.726380E-01 
   600    1.747011E-01    4.591613E-01    4.278967E-01    6.726326E-01 
   601    1.752459E-01    4.591647E-01    4.278980E-01    6.726287E-01 
   602    1.757905E-01    4.591681E-01    4.278944E-01    6.726268E-01 
   603    1.763355E-01    4.591711E-01    4.278966E-01    6.726266E-01 
   604    1.768804E-01    4.591738E-01    4.278920E-01    6.726272E-01 
   605    1.774258E-01    4.591762E-01    4.278940E-01    6.726273E-01 
   606    1.779709E-01    4.591782E-01    4.278889E-01    6.726269E-01 
   607    1.785162E-01    4.591801E-01    4.278903E-01    6.726248E-01 
   608    1.790613E-01    4.591817E-01    4.278858E-01    6.726218E-01 
   609    1.796062E-01    4.591833E-01    4.278863E-01    6.726179E-01 
   610    1.801512E-01    4.591848E-01    4.278831E-01    6.726132E-01 
   611    1.806959E-01    4.591863E-01    4.278826E-01    6.726092E-01 
   612    1.812408E-01    4.591877E-01    4.278811E-01    6.726055E-01 
   613    1.817856E-01    4.591891E-01    4.278792E-01    6.726029E-01 
   614    1.823306E-01    4.591902E-01    4.278793E-01    6.726011E-01 
   615    1.828756E-01    4.591912E-01    4.278757E-01    6.725998E-01 
   616    1.834207E-01    4.591920E-01    4.278768E-01    6.725983E-01 
   617    1.839657E-01    4.591926E-01    4.278720E-01    6.725967E-01 
   618    1.845109E-01    4.591930E-01    4.278736E-01    6.725940E-01 
   619    1.850558E-01    4.591933E-01    4.278683E-01    6.725912E-01 
   620    1.856009E-01    4.591936E-01    4.278698E-01    6.725876E-01 
   621    1.861458E-01    4.591938E-01    4.278650E-01    6.725838E-01 
   622    1.866907E-01    4.591939E-01    4.278659E-01    6.725804E-01 
   623    1.872356E-01    4.591940E-01    4.278621E-01    6.725770E-01 
   624    1.877805E-01    4.591939E-01    4.278619E-01    6.725741E-01 
   625    1.883255E-01    4.591938E-01    4.278594E-01    6.725715E-01 
   626    1.888704E-01    4.591936E-01    4.278578E-01    6.725690E-01 
   627    1.894155E-01    4.591933E-01    4.278568E-01    6.725667E-01 
   628    1.899605E-01    4.591928E-01    4.278536E-01    6.725640E-01 
   629    1.905056E-01    4.591922E-01    4.278539E-01    6.725611E-01 
   630    1.910505E-01    4.591916E-01    4.278493E-01    6.725582E-01 
   631    1.915956E-01    4.591909E-01    4.278506E-01    6.725545E-01 
   632    1.921404E-01    4.591902E-01    4.278454E-01    6.725513E-01 
   633    1.926854E-01    4.591894E-01    4.278470E-01    6.725478E-01 
   634    1.932303E-01    4.591885E-01    4.278418E-01    6.725445E-01 
   635    1.937753E-01    4.591876E-01    4.278429E-01    6.725416E-01 
   636    1.943203E-01    4.591867E-01    4.278384E-01    6.725385E-01 
   637    1.948653E-01    4.591856E-01    4.278386E-01    6.725358E-01 
   638    1.954103E-01    4.591845E-01    4.278352E-01    6.725328E-01 
   639    1.959553E-01    4.591833E-01    4.278340E-01    6.725297E-01 
   640    1.965003E-01    4.591820E-01    4.278321E-01    6.725267E-01 
   641    1.970453E-01    4.591807E-01    4.278294E-01    6.725234E-01 
   642    1.975904E-01    4.591793E-01    4.278290E-01    6.725200E-01 
   643    1.981352E-01    4.591778E-01    4.278248E-01    6.725168E-01 
   644    1.986803E-01    4.591763E-01    4.278255E-01    6.725130E-01 
   645    1.992252E-01    4.591748E-01    4.278203E-01    6.725099E-01 
   646    1.997703E-01    4.591732E-01    4.278216E-01    6.725063E-01 
   647    2.003152E-01    4.591715E-01    4.278160E-01    6.725030E-01 
   648    2.008603E-01    4.591698E-01    4.278172E-01    6.724997E-01 
   649    2.014053E-01    4.591680E-01    4.278119E-01    6.724959E-01 
   650    2.019503E-01    4.591662E-01    4.278123E-01    6.724925E-01 
   651    2.024953E-01    4.591643E-01    4.278080E-01    6.724886E-01 
   652    2.030403E-01    4.591624E-01    4.278072E-01    6.724847E-01 
   653    2.035854E-01    4.591605E-01    4.278043E-01    6.724810E-01 
   654    2.041303E-01    4.591585E-01    4.278022E-01    6.724769E-01 
   655    2.046754E-01    4.591566E-01    4.278009E-01    6.724732E-01 
   656    2.052203E-01    4.591546E-01    4.277971E-01    6.724695E-01 
   657    2.057655E-01    4.591525E-01    4.277972E-01    6.724655E-01 
   658    2.063104E-01    4.591505E-01    4.277922E-01    6.724622E-01 
   659    2.068555E-01    4.591484E-01    4.277931E-01    6.724582E-01 
   660    2.074005E-01    4.591462E-01    4.277875E-01    6.724550E-01 
   661    2.079456E-01    4.591440E-01    4.277885E-01    6.724517E-01 
   662    2.084906E-01    4.591416E-01    4.277827E-01    6.724482E-01 
   663    2.090356E-01    4.591392E-01    4.277830E-01    6.724451E-01 
   664    2.095807E-01    4.591365E-01    4.277776E-01    6.724414E-01 
   665    2.101257E-01    4.591337E-01    4.277766E-01    6.724378E-01 
   666    2.106708E-01    4.591307E-01    4.277719E-01    6.724340E-01 
   667    2.112158E-01    4.591275E-01    4.277691E-01    6.724295E-01 
   668    2.117609E-01    4.591239E-01    4.277653E-01    6.724248E-01 
   669    2.123059E-01    4.591202E-01    4.277604E-01    6.724190E-01 
   670    2.128510E-01    4.591161E-01    4.277575E-01    6.724122E-01 
   671    2.133960E-01    4.591119E-01    4.277505E-01    6.724047E-01 
   672    2.139412E-01    4.591075E-01    4.277484E-01    6.723954E-01 
   673    2.144861E-01    4.591030E-01    4.277402E-01    6.723858E-01 
   674    2.150313E-01    4.590986E-01    4.277385E-01    6.723744E-01 
   675    2.155763E-01    4.590943E-01    4.277302E-01    6.723623E-01 
   676    2.161215E-01    4.590902E-01    4.277290E-01    6.723497E-01 
   677    2.166666E-01    4.590866E-01    4.277220E-01    6.723357E-01 
   678    2.172117E-01    4.590834E-01    4.277213E-01    6.723223E-01 
   679    2.177568E-01    4.590809E-01    4.277168E-01    6.723092E-01 
   680    2.183019E-01    4.590790E-01    4.277166E-01    6.722989E-01 
   681    2.188471E-01    4.590778E-01    4.277152E-01    6.722939E-01 
   682    2.193922E-01    4.590772E-01    4.277153E-01    6.722939E-01 
   683    2.199374E-01    4.590770E-01    4.277169E-01    6.723006E-01 
   684    2.204824E-01    4.590772E-01    4.277165E-01    6.723122E-01 
   685    2.210277E-01    4.590774E-01    4.277198E-01    6.723260E-01 
   686    2.215727E-01    4.590771E-01    4.277177E-01    6.723426E-01 
   687    2.221179E-01    4.590761E-01    4.277203E-01    6.723574E-01 
   688    2.226629E-01    4.590737E-01    4.277148E-01    6.723720E-01 
   689    2.232080E-01    4.590695E-01    4.277135E-01    6.723833E-01 
   690    2.237531E-01    4.590628E-01    4.277023E-01    6.723907E-01 
   691    2.242982E-01    4.590531E-01    4.276936E-01    6.723935E-01 
   692    2.248433E-01    4.590400E-01    4.276748E-01    6.723897E-01 
   693    2.253884E-01    4.590232E-01    4.276558E-01    6.723789E-01 
   694    2.259335E-01    4.590025E-01    4.276282E-01    6.723589E-01 
   695    2.264786E-01    4.589779E-01    4.275979E-01    6.723256E-01 
   696    2.270237E-01    4.589498E-01    4.275622E-01    6.722771E-01 
   697    2.275689E-01    4.589189E-01    4.275221E-01    6.722107E-01 
   698    2.281142E-01    4.588860E-01    4.274817E-01    6.721265E-01 
   699    2.286594E-01    4.588525E-01    4.274368E-01    6.720244E-01 
   700    2.292049E-01    4.588199E-01    4.273978E-01    6.719052E-01 
   701    2.297502E-01    4.587899E-01    4.273565E-01    6.717714E-01 
   702    2.302958E-01    4.587643E-01    4.273273E-01    6.716237E-01 
   703    2.308414E-01    4.587448E-01    4.272993E-01    6.714716E-01 
   704    2.313871E-01    4.587330E-01    4.272882E-01    6.713291E-01 
   705    2.319329E-01    4.587302E-01    4.272822E-01    6.712189E-01 
   706    2.324787E-01    4.587370E-01    4.272947E-01    6.711673E-01 
   707    2.330246E-01    4.587536E-01    4.273150E-01    6.711900E-01 
   708    2.335704E-01    4.587793E-01    4.273509E-01    6.712915E-01 
   709    2.341162E-01    4.588126E-01    4.273943E-01    6.714626E-01 
   710    2.346618E-01    4.588512E-01    4.274458E-01    6.716766E-01 
   711    2.352073E-01    4.588921E-01    4.275006E-01    6.719192E-01 
   712    2.357525E-01    4.589313E-01    4.275513E-01    6.721660E-01 
   713    2.362978E-01    4.589644E-01    4.275974E-01    6.724043E-01 
   714    2.368427E-01    4.589864E-01    4.276244E-01    6.726196E-01 
   715    2.373878E-01    4.589922E-01    4.276358E-01    6.727994E-01 
   716    2.379324E-01    4.589766E-01    4.276129E-01    6.729360E-01 
   717    2.384772E-01    4.589347E-01    4.275625E-01    6.730200E-01 
   718    2.390219E-01    4.588624E-01    4.274655E-01    6.730444E-01 
   719    2.395666E-01    4.587565E-01    4.273312E-01    6.729993E-01 
   720    2.401113E-01    4.586154E-01    4.271451E-01    6.728742E-01 
   721    2.406562E-01    4.584395E-01    4.269185E-01    6.726527E-01 
   722    2.412014E-01    4.582310E-01    4.266455E-01    6.723107E-01 
   723    2.417467E-01    4.579951E-01    4.263396E-01    6.718241E-01 
   724    2.422925E-01    4.577392E-01    4.260062E-01    6.711789E-01 
   725    2.428387E-01    4.574734E-01    4.256601E-01    6.703784E-01 
   726    2.433855E-01    4.572103E-01    4.253191E-01    6.694274E-01 
   727    2.439329E-01    4.569641E-01    4.249973E-01    6.683416E-01 
   728    2.444811E-01    4.567499E-01    4.247214E-01    6.671418E-01 
   729    2.450299E-01    4.565828E-01    4.245016E-01    6.658648E-01 
   730    2.455797E-01    4.564764E-01    4.243670E-01    6.646319E-01 
   731    2.461299E-01    4.564419E-01    4.243193E-01    6.636380E-01 
   732    2.466807E-01    4.564858E-01    4.243806E-01    6.631018E-01 
   733    2.472316E-01    4.566092E-01    4.245388E-01    6.631994E-01 
   734    2.477824E-01    4.568062E-01    4.247991E-01    6.639629E-01 
   735    2.483325E-01    4.570631E-01    4.251321E-01    6.653265E-01 
   736    2.488817E-01    4.573582E-01    4.255191E-01    6.670805E-01 
   737    2.494297E-01    4.576616E-01    4.259139E-01    6.690894E-01 
   738    2.499764E-01    4.579361E-01    4.262727E-01    6.711624E-01 
   739    2.505218E-01    4.581376E-01    4.265358E-01    6.731788E-01 
   740    2.510660E-01    4.582166E-01    4.266372E-01    6.750088E-01 
   741    2.516091E-01    4.581187E-01    4.265093E-01    6.765556E-01 
   742    2.521513E-01    4.577864E-01    4.260694E-01    6.777068E-01 
   743    2.526930E-01    4.571599E-01    4.252472E-01    6.784539E-01 
   744    2.532344E-01    4.561786E-01    4.239513E-01    6.786975E-01 
   745    2.537761E-01    4.547823E-01    4.221152E-01    6.782840E-01 
   746    2.543183E-01    4.529149E-01    4.196511E-01    6.771122E-01 
   747    2.548620E-01    4.505208E-01    4.164997E-01    6.750841E-01 
   748    2.554076E-01    4.475503E-01    4.125847E-01    6.717619E-01 
   749    2.559563E-01    4.439578E-01    4.078620E-01    6.668171E-01 
   750    2.565090E-01    4.397057E-01    4.022762E-01    6.601370E-01 
   751    2.570672E-01    4.347581E-01    3.957975E-01    6.513576E-01 
   752    2.576322E-01    4.290937E-01    3.884050E-01    6.402380E-01 
   753    2.582058E-01    4.226974E-01    3.800941E-01    6.265420E-01 
   754    2.587898E-01    4.155632E-01    3.708772E-01    6.097780E-01 
   755    2.593861E-01    4.077009E-01    3.607863E-01    5.900794E-01 
   756    2.599969E-01    3.991331E-01    3.498803E-01    5.675520E-01 
   757    2.606241E-01    3.899090E-01    3.382456E-01    5.416176E-01 
   758    2.612699E-01    3.800971E-01    3.260058E-01    5.118895E-01 
   759    2.619365E-01    3.697918E-01    3.132971E-01    4.788067E-01 
   760    2.626263E-01    3.591038E-01    3.002964E-01    4.430690E-01 
   761    2.633407E-01    3.481932E-01    2.872123E-01    4.047335E-01 
   762    2.640814E-01    3.372326E-01    2.742758E-01    3.638495E-01 
   763    2.648492E-01    3.264203E-01    2.617168E-01    3.214768E-01 
   764    2.656453E-01    3.159496E-01    2.497628E-01    2.789830E-01 
   765    2.664691E-01    3.060267E-01    2.386238E-01    2.373075E-01 
   766    2.673201E-01    2.968259E-01    2.284707E-01    1.974945E-01 
   767    2.681964E-01    2.884927E-01    2.194225E-01    1.607487E-01 
   768    2.690961E-01    2.811228E-01    2.115432E-01    1.281790E-01 
   769    2.700164E-01    2.747634E-01    2.048360E-01    1.002318E-01 
   770    2.709544E-01    2.694027E-01    1.992496E-01    7.701936E-02 
   771    2.719069E-01    2.649855E-01    1.946917E-01    5.819567E-02 
   772    2.728713E-01    2.614215E-01    1.910435E-01    4.338247E-02 
   773    2.738449E-01    2.586023E-01    1.881755E-01    3.199110E-02 
   774    2.748257E-01    2.564116E-01    1.859564E-01    2.332815E-02 
   775    2.758119E-01    2.547352E-01    1.842638E-01    1.684686E-02 
   776    2.768022E-01    2.534703E-01    1.829892E-01    1.206422E-02 
   777    2.777955E-01    2.525276E-01    1.820407E-01    8.573019E-03 
   778    2.787909E-01    2.518327E-01    1.813419E-01    6.046078E-03 
   779    2.797879E-01    2.513252E-01    1.808319E-01    4.228861E-03 
   780    2.807861E-01    2.509579E-01    1.804627E-01    2.928066E-03 
   781    2.817850E-01    2.506942E-01    1.801977E-01    1.999601E-03 
   782    2.827845E-01    2.505064E-01    1.800090E-01    1.337671E-03 
   783    2.837844E-01    2.503739E-01    1.798758E-01    8.652706E-04 
   784    2.847845E-01    2.502813E-01    1.797827E-01    5.268461E-04 
   785    2.857848E-01    2.502174E-01    1.797185E-01    2.826209E-04 
   786    2.867853E-01    2.501740E-01    1.796750E-01    1.042809E-04 
   787    2.877858E-01    2.501454E-01    1.796462E-01   -2.823520E-05 
   788    2.887864E-01    2.501273E-01    1.796280E-01   -1.290868E-04 
   789    2.897870E-01    2.501167E-01    1.796174E-01   -2.082338E-04 
   790    2.907876E-01    2.501116E-01    1.796121E-01   -2.726603E-04 
   791    2.917882E-01    2.501102E-01    1.796108E-01   -3.272474E-04 
   792    2.927888E-01    2.501118E-01    1.796123E-01   -3.753931E-04 
   793    2.937894E-01    2.501153E-01    1.796160E-01   -4.194507E-04 
   794    2.947899E-01    2.501205E-01    1.796211E-01   -4.610375E-04 
   795    2.957904E-01    2.501267E-01    1.796274E-01   -5.012516E-04 
   796    2.967909E-01    2.501339E-01    1.796346E-01   -5.408240E-04 
   797    2.977914E-01    2.501418E-01    1.796425E-01   -5.802244E-04 
   798    2.987918E-01    2.501502E-01    1.796510E-01   -6.197362E-04 
   799    2.997922E-01    2.501590E-01    1.796599E-01   -6.595079E-04 
   800    3.007925E-01    2.501682E-01    1.796691E-01   -6.995896E-04 
   801    3.017929E-01    2.501776E-01    1.796786E-01   -7.399584E-04 
   802    3.027931E-01    2.501872E-01    1.796882E-01   -7.805370E-04 
   803    3.037934E-01    2.501970E-01    1.796980E-01   -8.212061E-04 
   804    3.047936E-01    2.502068E-01    1.797079E-01   -8.618144E-04 
   805    3.057937E-01    2.502166E-01    1.797178E-01   -9.021854E-04 
   806    3.067938E-01    2.502264E-01    1.797276E-01   -9.421236E-04 
   807    3.077939E-01    2.502361E-01    1.797374E-01   -9.814183E-04 
   808    3.087939E-01    2.502456E-01    1.797470E-01   -1.019848E-03 
   809    3.097939E-01    2.502549E-01    1.797563E-01   -1.057185E-03 
   810    3.107939E-01    2.502640E-01    1.797654E-01   -1.093196E-03 
   811    3.117938E-01    2.502727E-01    1.797742E-01   -1.127649E-03 
   812    3.127937E-01    2.502810E-01    1.797825E-01   -1.160313E-03 
   813    3.137935E-01    2.502889E-01    1.797904E-01   -1.190962E-03 
   814    3.147934E-01    2.502962E-01    1.797978E-01   -1.219378E-03 
   815    3.157932E-01    2.503030E-01    1.798047E-01   -1.245357E-03 
   816    3.167929E-01    2.503092E-01    1.798109E-01   -1.268707E-03 
   817    3.177927E-01    2.503148E-01    1.798165E-01   -1.289255E-03 
   818    3.187924E-01    2.503196E-01    1.798213E-01   -1.306830E-03 
   819    3.197921E-01    2.503236E-01    1.798254E-01   -1.321243E-03 
   820    3.207918E-01    2.503268E-01    1.798286E-01   -1.332313E-03 
   821    3.217915E-01    2.503291E-01    1.798309E-01   -1.339991E-03 
   822    3.227911E-01    2.503302E-01    1.798320E-01   -1.344281E-03 
   823    3.237908E-01    2.503300E-01    1.798319E-01   -1.345125E-03 
   824    3.247904E-01    2.503284E-01    1.798302E-01   -1.341856E-03 
   825    3.257901E-01    2.503249E-01    1.798267E-01   -1.332857E-03 
   826    3.267898E-01    2.503193E-01    1.798210E-01   -1.315836E-03 
   827    3.277895E-01    2.503113E-01    1.798130E-01   -1.288522E-03 
   828    3.287892E-01    2.503006E-01    1.798022E-01   -1.249328E-03 
   829    3.297890E-01    2.502870E-01    1.797886E-01   -1.197226E-03 
   830    3.307888E-01    2.502705E-01    1.797719E-01   -1.131417E-03 
   831    3.317887E-01    2.502509E-01    1.797522E-01   -1.051553E-03 
   832    3.327887E-01    2.502284E-01    1.797296E-01   -9.580108E-04 
   833    3.337888E-01    2.502032E-01    1.797043E-01   -8.517147E-04 
   834    3.347890E-01    2.501758E-01    1.796768E-01   -7.343217E-04 
   835    3.357893E-01    2.501466E-01    1.796474E-01   -6.080608E-04 
   836    3.367898E-01    2.501164E-01    1.796170E-01   -4.756590E-04 
   837    3.377904E-01    2.500858E-01    1.795863E-01   -3.404754E-04 
   838    3.387911E-01    2.500557E-01    1.795560E-01   -2.062737E-04 
   839    3.397920E-01    2.500270E-01    1.795272E-01   -7.734598E-05 
   840    3.407930E-01    2.500006E-01    1.795006E-01    4.179965E-05 
   841    3.417941E-01    2.499772E-01    1.794771E-01    1.468760E-04 
   842    3.427953E-01    2.499576E-01    1.794574E-01    2.341427E-04 
   843    3.437966E-01    2.499423E-01    1.794420E-01    3.011126E-04 
   844    3.447979E-01    2.499316E-01    1.794312E-01    3.453961E-04 
   845    3.457993E-01    2.499252E-01    1.794249E-01    3.626702E-04 
   846    3.468007E-01    2.499230E-01    1.794226E-01    3.524200E-04 
   847    3.478020E-01    2.499243E-01    1.794239E-01    3.224753E-04 
   848    3.488034E-01    2.499282E-01    1.794278E-01    2.845098E-04 
   849    3.498047E-01    2.499341E-01    1.794337E-01    2.456812E-04 
   850    3.508059E-01    2.499411E-01    1.794408E-01    2.084065E-04 
   851    3.518071E-01    2.499486E-01    1.794484E-01    1.732656E-04 
   852    3.528083E-01    2.499562E-01    1.794559E-01    1.412888E-04 
   853    3.538095E-01    2.499634E-01    1.794632E-01    1.128139E-04 
   854    3.548106E-01    2.499701E-01    1.794699E-01    8.779932E-05 
   855    3.558117E-01    2.499761E-01    1.794760E-01    6.607012E-05 
   856    3.568127E-01    2.499815E-01    1.794814E-01    4.732769E-05 
   857    3.578138E-01    2.499862E-01    1.794861E-01    3.136634E-05 
   858    3.588149E-01    2.499902E-01    1.794901E-01    1.799028E-05 
   859    3.598159E-01    2.499936E-01    1.794936E-01    7.029716E-06 
   860    3.608169E-01    2.499965E-01    1.794964E-01   -1.810026E-06 
   861    3.618179E-01    2.499988E-01    1.794988E-01   -8.869181E-06 
   862    3.628189E-01    2.500007E-01    1.795007E-01   -1.451204E-05 
   863    3.638199E-01    2.500022E-01    1.795022E-01   -1.880628E-05 
   864    3.648209E-01    2.500033E-01    1.795033E-01   -2.181998E-05 
   865    3.658218E-01    2.500042E-01    1.795042E-01   -2.358268E-05 
   866    3.668228E-01    2.500047E-01    1.795047E-01   -2.429829E-05 
   867    3.678238E-01    2.500050E-01    1.795050E-01   -2.431032E-05 
   868    3.688248E-01    2.500051E-01    1.795051E-01   -2.409405E-05 
   869    3.698257E-01    2.500050E-01    1.795050E-01   -2.378517E-05 
   870    3.708267E-01    2.500047E-01    1.795047E-01   -2.329624E-05 
   871    3.718277E-01    2.500044E-01    1.795044E-01   -2.203716E-05 
   872    3.728287E-01    2.500041E-01    1.795041E-01   -1.924255E-05 
   873    3.738297E-01    2.500037E-01    1.795037E-01   -1.501211E-05 
   874    3.748307E-01    2.500033E-01    1.795033E-01   -1.112116E-05 
   875    3.758316E-01    2.500030E-01    1.795030E-01   -9.373699E-06 
   876    3.768326E-01    2.500027E-01    1.795027E-01   -1.005671E-05 
   877    3.778336E-01    2.500026E-01    1.795026E-01   -1.165741E-05 
   878    3.788346E-01    2.500026E-01    1.795026E-01   -1.300107E-05 
   879    3.798356E-01    2.500028E-01    1.795028E-01   -1.380723E-05 
   880    3.808366E-01    2.500030E-01    1.795031E-01   -1.506824E-05 
   881    3.818376E-01    2.500034E-01    1.795034E-01   -1.679192E-05 
   882    3.828386E-01    2.500037E-01    1.795037E-01   -1.854337E-05 
   883    3.838396E-01    2.500041E-01    1.795041E-01   -1.987248E-05 
   884    3.848406E-01    2.500043E-01    1.795044E-01   -2.069629E-05 
   885    3.858415E-01    2.500045E-01    1.795046E-01   -2.123487E-05 
   886    3.868425E-01    2.500047E-01    1.795047E-01   -2.159603E-05 
   887    3.878435E-01    2.500047E-01    1.795047E-01   -2.191555E-05 
   888    3.888445E-01    2.500047E-01    1.795047E-01   -2.233459E-05 
   889    3.898455E-01    2.500046E-01    1.795046E-01   -2.241866E-05 
   890    3.908464E-01    2.500045E-01    1.795045E-01   -2.151952E-05 
   891    3.918474E-01    2.500043E-01    1.795043E-01   -1.970108E-05 
   892    3.928484E-01    2.500041E-01    1.795041E-01   -1.717585E-05 
   893    3.938494E-01    2.500038E-01    1.795038E-01   -1.495189E-05 
   894    3.948504E-01    2.500035E-01    1.795035E-01   -1.474930E-05 
   895    3.958514E-01    2.500033E-01    1.795033E-01   -1.554108E-05 
   896    3.968524E-01    2.500031E-01    1.795031E-01   -1.576129E-05 
   897    3.978534E-01    2.500030E-01    1.795030E-01   -1.489491E-05 
   898    3.988544E-01    2.500030E-01    1.795030E-01   -1.338433E-05 
   899    3.998553E-01    2.500031E-01    1.795031E-01   -1.299995E-05 
   900    4.008563E-01    2.500032E-01    1.795032E-01   -1.435038E-05 
   901    4.018573E-01    2.500033E-01    1.795033E-01   -1.580886E-05 
   902    4.028583E-01    2.500035E-01    1.795035E-01   -1.659294E-05 
   903    4.038593E-01    2.500036E-01    1.795036E-01   -1.716612E-05 
   904    4.048603E-01    2.500037E-01    1.795037E-01   -1.749576E-05 
   905    4.058613E-01    2.500037E-01    1.795037E-01   -1.749802E-05 
   906    4.068622E-01    2.500037E-01    1.795037E-01   -1.809948E-05 
   907    4.078632E-01    2.500037E-01    1.795037E-01   -1.912576E-05 
   908    4.088642E-01    2.500037E-01    1.795037E-01   -1.913704E-05 
   909    4.098652E-01    2.500037E-01    1.795037E-01   -1.814851E-05 
   910    4.108662E-01    2.500036E-01    1.795036E-01   -1.633389E-05 
   911    4.118672E-01    2.500034E-01    1.795034E-01   -1.325512E-05 
   912    4.128681E-01    2.500031E-01    1.795032E-01   -1.259512E-05 
   913    4.138691E-01    2.500029E-01    1.795029E-01   -1.431677E-05 
   914    4.148701E-01    2.500028E-01    1.795028E-01   -1.560626E-05 
   915    4.158712E-01    2.500027E-01    1.795027E-01   -1.583107E-05 
   916    4.168722E-01    2.500026E-01    1.795026E-01   -1.419812E-05 
   917    4.178732E-01    2.500026E-01    1.795026E-01   -1.031919E-05 
   918    4.188741E-01    2.500026E-01    1.795026E-01   -1.018032E-05 
   919    4.198750E-01    2.500026E-01    1.795026E-01   -1.303339E-05 
   920    4.208760E-01    2.500027E-01    1.795027E-01   -1.514786E-05 
   921    4.218771E-01    2.500028E-01    1.795028E-01   -1.583509E-05 
   922    4.228782E-01    2.500029E-01    1.795029E-01   -1.563428E-05 
   923    4.238791E-01    2.500029E-01    1.795029E-01   -1.239203E-05 
   924    4.248800E-01    2.500027E-01    1.795027E-01   -1.119554E-05 
   925    4.258809E-01    2.500026E-01    1.795026E-01   -1.472992E-05 
   926    4.268819E-01    2.500026E-01    1.795026E-01   -1.784344E-05 
   927    4.278831E-01    2.500026E-01    1.795026E-01   -1.832353E-05 
   928    4.288842E-01    2.500026E-01    1.795026E-01   -1.576763E-05 
   929    4.298852E-01    2.500025E-01    1.795025E-01   -8.483843E-06 
   930    4.308859E-01    2.500022E-01    1.795022E-01   -4.398187E-06 
   931    4.318867E-01    2.500020E-01    1.795020E-01   -9.886608E-06 
   932    4.328878E-01    2.500019E-01    1.795019E-01   -1.610207E-05 
   933    4.338890E-01    2.500019E-01    1.795020E-01   -1.828725E-05 
   934    4.348902E-01    2.500020E-01    1.795020E-01   -1.636892E-05 
   935    4.358913E-01    2.500020E-01    1.795020E-01   -7.503865E-06 
   936    4.368919E-01    2.500018E-01    1.795018E-01   -8.058679E-07 
   937    4.378925E-01    2.500015E-01    1.795015E-01   -8.866869E-06 
   938    4.388936E-01    2.500016E-01    1.795016E-01   -1.930468E-05 
   939    4.398949E-01    2.500018E-01    1.795018E-01   -2.357811E-05 
   940    4.408963E-01    2.500020E-01    1.795020E-01   -1.985913E-05 
   941    4.418976E-01    2.500019E-01    1.795019E-01   -3.024905E-06 
   942    4.428980E-01    2.500014E-01    1.795014E-01    6.975829E-06 
   943    4.438982E-01    2.500009E-01    1.795009E-01   -8.451651E-06 
   944    4.448991E-01    2.500009E-01    1.795009E-01   -2.508490E-05 
   945    4.459007E-01    2.500012E-01    1.795012E-01   -2.947681E-05 
   946    4.469029E-01    2.500015E-01    1.795014E-01   -1.781228E-05 
   947    4.479042E-01    2.500013E-01    1.795013E-01    3.355166E-06 
   948    4.489038E-01    2.500006E-01    1.795006E-01    1.520261E-05 
   949    4.499034E-01    2.499999E-01    1.794999E-01   -5.406274E-06 
   950    4.509046E-01    2.499998E-01    1.794998E-01   -2.463231E-05 
   951    4.519069E-01    2.500003E-01    1.795002E-01   -3.831095E-05 
   952    4.529093E-01    2.500007E-01    1.795007E-01   -3.161022E-05 
   953    4.539111E-01    2.500003E-01    1.795003E-01    1.858668E-05 
   954    4.549100E-01    2.499990E-01    1.794990E-01    3.580263E-05 
   955    4.559090E-01    2.499977E-01    1.794977E-01    3.705177E-06 
   956    4.569088E-01    2.499980E-01    1.794980E-01   -5.759405E-05 
   957    4.579115E-01    2.499995E-01    1.794995E-01   -7.288936E-05 
   958    4.589179E-01    2.500001E-01    1.795001E-01   -4.512971E-06 
   959    4.599203E-01    2.499988E-01    1.794988E-01    6.784454E-05 
   960    4.609161E-01    2.499969E-01    1.794969E-01    3.301585E-05 
   961    4.619103E-01    2.499964E-01    1.794964E-01   -3.207083E-05 
   962    4.629108E-01    2.499977E-01    1.794977E-01   -8.040248E-05 
   963    4.639213E-01    2.499992E-01    1.794992E-01   -5.479258E-05 
   964    4.649320E-01    2.499988E-01    1.794988E-01    4.842124E-05 
   965    4.659239E-01    2.499977E-01    1.794977E-01    5.882688E-06 
   966    4.669177E-01    2.499958E-01    1.794958E-01    6.200454E-05 
   967    4.679124E-01    2.499939E-01    1.794939E-01   -1.168339E-05 
   968    4.689184E-01    2.499948E-01    1.794948E-01   -1.024703E-04 
   969    4.699359E-01    2.499958E-01    1.794958E-01   -7.000800E-05 
   970    4.709277E-01    2.499958E-01    1.794958E-01   -4.976010E-05 
   971    4.719396E-01    2.499926E-01    1.794926E-01    1.664283E-04 
   972    4.729277E-01    2.499867E-01    1.794867E-01    1.448564E-04 
   973    4.739101E-01    2.499843E-01    1.794843E-01   -9.720856E-05 
   974    4.749142E-01    2.499877E-01    1.794878E-01   -3.045919E-04 
   975    4.759300E-01    2.499909E-01    1.794909E-01   -4.963642E-05 
   976    4.769734E-01    2.499871E-01    1.794873E-01    2.057375E-04 
   977    4.779653E-01    2.499788E-01    1.794790E-01    2.621450E-04 
   978    4.789126E-01    2.499720E-01    1.794721E-01    3.848356E-05 
   979    4.798461E-01    2.499795E-01    1.794801E-01   -5.598093E-04 
   980    4.809415E-01    2.499842E-01    1.794845E-01    4.042678E-06 
   981    4.820063E-01    2.499763E-01    1.794772E-01    1.589420E-04 
   982    4.830140E-01    2.499610E-01    1.794622E-01    2.542579E-04 
   983    4.839514E-01    2.499397E-01    1.794404E-01    2.008428E-04 
   984    4.847391E-01    2.499254E-01    1.794265E-01   -6.020230E-04 
   985    4.859669E-01    2.498924E-01    1.793936E-01    1.536283E-05 
   986    4.870178E-01    2.498163E-01    1.793196E-01    7.143011E-05 
   987    4.880376E-01    2.496828E-01    1.791877E-01    1.362826E-04 
   988    4.890100E-01    2.494532E-01    1.789558E-01    1.681652E-04 
   989    4.896984E-01    2.491934E-01    1.786568E-01   -3.238996E-04 
   990    4.909910E-01    2.486755E-01    1.785490E-01    0.000000E+00 
   991    4.919920E-01    2.483639E-01    1.783252E-01    0.000000E+00 
   992    4.929930E-01    2.477358E-01    1.778743E-01    0.000000E+00 
   993    4.939940E-01    2.460435E-01    1.766592E-01    0.000000E+00 
   994    4.949950E-01    2.421396E-01    1.738562E-01    0.000000E+00 
   995    4.959960E-01    2.342192E-01    1.681694E-01    0.000000E+00 
   996    4.969970E-01    2.204190E-01    1.582608E-01    0.000000E+00 
   997    4.979980E-01    1.999369E-01    1.435547E-01    0.000000E+00 
   998    4.989990E-01    1.731571E-01    1.243268E-01    0.000000E+00 
   999    5.000000E-01    1.416667E-01    1.017167E-01    0.000000E+00 
