     0   -5.000000E-01    5.666667E-01    5.666667E-01    0.000000E+00 
     1   -4.989990E-01    6.926264E-01    6.926264E-01    0.000000E+00 
     2   -4.979980E-01    7.997385E-01    7.997385E-01    0.000000E+00 
     3   -4.969970E-01    8.816581E-01    8.816581E-01    0.000000E+00 
     4   -4.959960E-01    9.368506E-01    9.368506E-01    0.000000E+00 
     5   -4.949950E-01    9.685257E-01    9.685257E-01    0.000000E+00 
     6   -4.939940E-01    9.841396E-01    9.841396E-01    0.000000E+00 
     7   -4.929930E-01    9.909179E-01    9.909179E-01    0.000000E+00 
     8   -4.919920E-01    9.934415E-01    9.934415E-01    0.000000E+00 
     9   -4.909910E-01    9.946974E-01    9.946974E-01    0.000000E+00 
    10   -4.896936E-01    9.967841E-01    9.953145E-01    2.392405E-04 
    11   -4.890125E-01    9.978125E-01    9.969688E-01   -1.242777E-04 
    12   -4.880398E-01    9.987323E-01    9.982626E-01   -1.003839E-04 
    13   -4.870188E-01    9.992674E-01    9.989987E-01   -5.339347E-05 
    14   -4.859670E-01    9.995724E-01    9.994119E-01   -1.085156E-05 
    15   -4.847296E-01    9.997060E-01    9.995962E-01    4.470519E-04 
    16   -4.839549E-01    9.997636E-01    9.996750E-01   -1.509915E-04 
    17   -4.830181E-01    9.998466E-01    9.997933E-01   -1.886952E-04 
    18   -4.820087E-01    9.999066E-01    9.998749E-01   -1.177285E-04 
    19   -4.809417E-01    9.999376E-01    9.999147E-01   -5.974237E-06 
    20   -4.798363E-01    9.999204E-01    9.998925E-01    4.241682E-04 
    21   -4.789138E-01    9.998916E-01    9.998498E-01   -3.466837E-05 
    22   -4.779699E-01    9.999179E-01    9.998871E-01   -1.979847E-04 
    23   -4.769766E-01    9.999491E-01    9.999303E-01   -1.515823E-04 
    24   -4.759295E-01    9.999635E-01    9.999494E-01    2.990624E-05 
    25   -4.749080E-01    9.999507E-01    9.999318E-01    2.428670E-04 
    26   -4.739088E-01    9.999368E-01    9.999121E-01    6.598735E-05 
    27   -4.729308E-01    9.999466E-01    9.999258E-01   -1.154559E-04 
    28   -4.719426E-01    9.999692E-01    9.999573E-01   -1.272850E-04 
    29   -4.709269E-01    9.999811E-01    9.999737E-01    3.539140E-05 
    30   -4.699338E-01    9.999801E-01    9.999724E-01    6.710983E-05 
    31   -4.689164E-01    9.999761E-01    9.999667E-01    7.504526E-05 
    32   -4.679128E-01    9.999735E-01    9.999631E-01   -1.464927E-06 
    33   -4.669193E-01    9.999820E-01    9.999750E-01   -5.743222E-05 
    34   -4.659240E-01    9.999895E-01    9.999854E-01    1.777663E-06 
    35   -4.649325E-01    9.999933E-01    9.999907E-01   -2.721172E-05 
    36   -4.639200E-01    9.999944E-01    9.999922E-01    4.239208E-05 
    37   -4.629094E-01    9.999892E-01    9.999849E-01    5.233246E-05 
    38   -4.619101E-01    9.999851E-01    9.999792E-01    1.576963E-05 
    39   -4.609168E-01    9.999869E-01    9.999818E-01   -2.184136E-05 
    40   -4.599217E-01    9.999933E-01    9.999907E-01   -4.917362E-05 
    41   -4.589176E-01    9.999975E-01    9.999965E-01    6.280997E-06 
    42   -4.579099E-01    9.999946E-01    9.999925E-01    5.260059E-05 
    43   -4.569078E-01    9.999891E-01    9.999848E-01    3.871373E-05 
    44   -4.559094E-01    9.999884E-01    9.999838E-01   -7.493518E-06 
    45   -4.549110E-01    9.999933E-01    9.999906E-01   -3.108652E-05 
    46   -4.539114E-01    9.999980E-01    9.999972E-01   -1.208652E-05 
    47   -4.529084E-01    9.999988E-01    9.999982E-01    2.591434E-05 
    48   -4.519059E-01    9.999966E-01    9.999952E-01    2.833609E-05 
    49   -4.509042E-01    9.999951E-01    9.999932E-01    1.285383E-05 
    50   -4.499036E-01    9.999962E-01    9.999947E-01   -2.582443E-06 
    51   -4.489043E-01    9.999990E-01    9.999986E-01   -1.260115E-05 
    52   -4.479041E-01    1.000001E+00    1.000001E+00    2.607649E-06 
    53   -4.469024E-01    1.000001E+00    1.000002E+00    1.363082E-05 
    54   -4.459001E-01    1.000000E+00    1.000000E+00    1.735559E-05 
    55   -4.448987E-01    9.999992E-01    9.999989E-01    1.268104E-05 
    56   -4.438982E-01    9.999994E-01    9.999992E-01    8.552484E-07 
    57   -4.428982E-01    1.000001E+00    1.000001E+00   -5.522374E-06 
    58   -4.418975E-01    1.000002E+00    1.000003E+00    2.754325E-06 
    59   -4.408958E-01    1.000002E+00    1.000003E+00    1.279542E-05 
    60   -4.398944E-01    1.000001E+00    1.000002E+00    1.407900E-05 
    61   -4.388932E-01    1.000001E+00    1.000001E+00    9.568415E-06 
    62   -4.378925E-01    1.000001E+00    1.000002E+00    1.091881E-06 
    63   -4.368919E-01    1.000002E+00    1.000003E+00   -5.360041E-07 
    64   -4.358910E-01    1.000003E+00    1.000004E+00    6.670933E-06 
    65   -4.348898E-01    1.000003E+00    1.000004E+00    1.017927E-05 
    66   -4.338886E-01    1.000003E+00    1.000003E+00    1.036808E-05 
    67   -4.328875E-01    1.000002E+00    1.000003E+00    7.775654E-06 
    68   -4.318866E-01    1.000003E+00    1.000004E+00    3.869121E-06 
    69   -4.308858E-01    1.000003E+00    1.000004E+00    3.199935E-06 
    70   -4.298849E-01    1.000004E+00    1.000005E+00    6.435822E-06 
    71   -4.288838E-01    1.000004E+00    1.000005E+00    8.661863E-06 
    72   -4.278826E-01    1.000003E+00    1.000005E+00    9.113303E-06 
    73   -4.268816E-01    1.000003E+00    1.000004E+00    7.614133E-06 
    74   -4.258807E-01    1.000003E+00    1.000005E+00    5.180720E-06 
    75   -4.248798E-01    1.000004E+00    1.000005E+00    4.690596E-06 
    76   -4.238788E-01    1.000004E+00    1.000005E+00    6.801288E-06 
    77   -4.228778E-01    1.000004E+00    1.000006E+00    8.213135E-06 
    78   -4.218767E-01    1.000004E+00    1.000005E+00    8.356217E-06 
    79   -4.208757E-01    1.000004E+00    1.000005E+00    7.464017E-06 
    80   -4.198747E-01    1.000004E+00    1.000005E+00    6.160848E-06 
    81   -4.188738E-01    1.000004E+00    1.000006E+00    5.881325E-06 
    82   -4.178728E-01    1.000004E+00    1.000006E+00    7.105846E-06 
    83   -4.168718E-01    1.000004E+00    1.000006E+00    7.929598E-06 
    84   -4.158707E-01    1.000004E+00    1.000006E+00    8.062469E-06 
    85   -4.148697E-01    1.000004E+00    1.000006E+00    7.608342E-06 
    86   -4.138687E-01    1.000004E+00    1.000006E+00    6.873684E-06 
    87   -4.128678E-01    1.000005E+00    1.000006E+00    6.643738E-06 
    88   -4.118668E-01    1.000005E+00    1.000006E+00    7.352392E-06 
    89   -4.108658E-01    1.000005E+00    1.000007E+00    7.914745E-06 
    90   -4.098648E-01    1.000005E+00    1.000007E+00    8.007065E-06 
    91   -4.088638E-01    1.000005E+00    1.000007E+00    7.762908E-06 
    92   -4.078628E-01    1.000005E+00    1.000007E+00    7.343879E-06 
    93   -4.068618E-01    1.000005E+00    1.000007E+00    7.181009E-06 
    94   -4.058608E-01    1.000005E+00    1.000007E+00    7.607990E-06 
    95   -4.048598E-01    1.000005E+00    1.000007E+00    7.937534E-06 
    96   -4.038588E-01    1.000005E+00    1.000007E+00    7.996434E-06 
    97   -4.028578E-01    1.000005E+00    1.000007E+00    7.859575E-06 
    98   -4.018568E-01    1.000005E+00    1.000007E+00    7.612374E-06 
    99   -4.008558E-01    1.000005E+00    1.000007E+00    7.484791E-06 
   100   -3.998548E-01    1.000005E+00    1.000008E+00    7.746038E-06 
   101   -3.988538E-01    1.000005E+00    1.000008E+00    7.896956E-06 
   102   -3.978528E-01    1.000006E+00    1.000008E+00    7.891103E-06 
   103   -3.968518E-01    1.000006E+00    1.000008E+00    7.778097E-06 
   104   -3.958508E-01    1.000006E+00    1.000008E+00    7.628459E-06 
   105   -3.948498E-01    1.000006E+00    1.000008E+00    7.547275E-06 
   106   -3.938488E-01    1.000006E+00    1.000008E+00    7.619202E-06 
   107   -3.928478E-01    1.000006E+00    1.000009E+00    7.568771E-06 
   108   -3.918468E-01    1.000006E+00    1.000009E+00    7.496126E-06 
   109   -3.908458E-01    1.000006E+00    1.000009E+00    7.371753E-06 
   110   -3.898448E-01    1.000007E+00    1.000009E+00    7.209171E-06 
   111   -3.888439E-01    1.000007E+00    1.000009E+00    7.075473E-06 
   112   -3.878429E-01    1.000007E+00    1.000010E+00    6.994697E-06 
   113   -3.868419E-01    1.000007E+00    1.000010E+00    6.831202E-06 
   114   -3.858409E-01    1.000007E+00    1.000010E+00    6.653255E-06 
   115   -3.848399E-01    1.000008E+00    1.000011E+00    6.427793E-06 
   116   -3.838389E-01    1.000008E+00    1.000011E+00    6.177433E-06 
   117   -3.828379E-01    1.000008E+00    1.000012E+00    5.950882E-06 
   118   -3.818369E-01    1.000009E+00    1.000012E+00    5.730692E-06 
   119   -3.808359E-01    1.000009E+00    1.000012E+00    5.442967E-06 
   120   -3.798349E-01    1.000009E+00    1.000013E+00    5.113077E-06 
   121   -3.788339E-01    1.000010E+00    1.000013E+00    4.728764E-06 
   122   -3.778329E-01    1.000010E+00    1.000014E+00    4.310523E-06 
   123   -3.768319E-01    1.000010E+00    1.000015E+00    3.891180E-06 
   124   -3.758310E-01    1.000011E+00    1.000015E+00    3.448473E-06 
   125   -3.748300E-01    1.000011E+00    1.000016E+00    2.941062E-06 
   126   -3.738290E-01    1.000012E+00    1.000017E+00    2.370413E-06 
   127   -3.728280E-01    1.000013E+00    1.000018E+00    1.738255E-06 
   128   -3.718270E-01    1.000013E+00    1.000018E+00    1.075845E-06 
   129   -3.708260E-01    1.000014E+00    1.000019E+00    4.003019E-07 
   130   -3.698250E-01    1.000015E+00    1.000020E+00   -3.076392E-07 
   131   -3.688240E-01    1.000015E+00    1.000021E+00   -1.081533E-06 
   132   -3.678231E-01    1.000016E+00    1.000023E+00   -1.932204E-06 
   133   -3.668221E-01    1.000017E+00    1.000024E+00   -2.849310E-06 
   134   -3.658211E-01    1.000018E+00    1.000025E+00   -3.811417E-06 
   135   -3.648201E-01    1.000019E+00    1.000026E+00   -4.805167E-06 
   136   -3.638191E-01    1.000020E+00    1.000028E+00   -5.837815E-06 
   137   -3.628181E-01    1.000021E+00    1.000029E+00   -6.939004E-06 
   138   -3.618172E-01    1.000022E+00    1.000031E+00   -8.135109E-06 
   139   -3.608162E-01    1.000023E+00    1.000032E+00   -9.405755E-06 
   140   -3.598152E-01    1.000024E+00    1.000034E+00   -1.072936E-05 
   141   -3.588142E-01    1.000025E+00    1.000036E+00   -1.209707E-05 
   142   -3.578133E-01    1.000027E+00    1.000037E+00   -1.350538E-05 
   143   -3.568123E-01    1.000028E+00    1.000039E+00   -1.497181E-05 
   144   -3.558113E-01    1.000029E+00    1.000041E+00   -1.652015E-05 
   145   -3.548103E-01    1.000031E+00    1.000043E+00   -1.813302E-05 
   146   -3.538094E-01    1.000032E+00    1.000045E+00   -1.978850E-05 
   147   -3.528084E-01    1.000034E+00    1.000047E+00   -2.147157E-05 
   148   -3.518074E-01    1.000035E+00    1.000050E+00   -2.317292E-05 
   149   -3.508065E-01    1.000037E+00    1.000052E+00   -2.490046E-05 
   150   -3.498055E-01    1.000039E+00    1.000054E+00   -2.666816E-05 
   151   -3.488045E-01    1.000040E+00    1.000056E+00   -2.846005E-05 
   152   -3.478036E-01    1.000042E+00    1.000058E+00   -3.025695E-05 
   153   -3.468026E-01    1.000043E+00    1.000061E+00   -3.204103E-05 
   154   -3.458017E-01    1.000045E+00    1.000063E+00   -3.379428E-05 
   155   -3.448007E-01    1.000047E+00    1.000065E+00   -3.551598E-05 
   156   -3.437998E-01    1.000048E+00    1.000068E+00   -3.721000E-05 
   157   -3.427988E-01    1.000050E+00    1.000070E+00   -3.886105E-05 
   158   -3.417979E-01    1.000051E+00    1.000072E+00   -4.044657E-05 
   159   -3.407969E-01    1.000053E+00    1.000074E+00   -4.194980E-05 
   160   -3.397960E-01    1.000054E+00    1.000076E+00   -4.335306E-05 
   161   -3.387950E-01    1.000055E+00    1.000078E+00   -4.464474E-05 
   162   -3.377941E-01    1.000057E+00    1.000079E+00   -4.582066E-05 
   163   -3.367931E-01    1.000058E+00    1.000081E+00   -4.687151E-05 
   164   -3.357922E-01    1.000059E+00    1.000082E+00   -4.777803E-05 
   165   -3.347912E-01    1.000060E+00    1.000084E+00   -4.851611E-05 
   166   -3.337903E-01    1.000060E+00    1.000085E+00   -4.907341E-05 
   167   -3.327894E-01    1.000061E+00    1.000085E+00   -4.944157E-05 
   168   -3.317884E-01    1.000061E+00    1.000086E+00   -4.962913E-05 
   169   -3.307875E-01    1.000061E+00    1.000085E+00   -4.959492E-05 
   170   -3.297865E-01    1.000060E+00    1.000085E+00   -4.924467E-05 
   171   -3.287856E-01    1.000059E+00    1.000083E+00   -4.839786E-05 
   172   -3.277847E-01    1.000057E+00    1.000080E+00   -4.677650E-05 
   173   -3.267837E-01    1.000055E+00    1.000076E+00   -4.410455E-05 
   174   -3.257828E-01    1.000050E+00    1.000071E+00   -4.015186E-05 
   175   -3.247818E-01    1.000045E+00    1.000063E+00   -3.466170E-05 
   176   -3.237809E-01    1.000038E+00    1.000053E+00   -2.730857E-05 
   177   -3.227799E-01    1.000029E+00    1.000040E+00   -1.778130E-05 
   178   -3.217790E-01    1.000017E+00    1.000024E+00   -5.746542E-06 
   179   -3.207780E-01    1.000003E+00    1.000004E+00    9.141834E-06 
   180   -3.197770E-01    9.999854E-01    9.999795E-01    2.740257E-05 
   181   -3.187760E-01    9.999635E-01    9.999489E-01    4.970554E-05 
   182   -3.177750E-01    9.999368E-01    9.999115E-01    7.704406E-05 
   183   -3.167739E-01    9.999042E-01    9.998659E-01    1.106556E-04 
   184   -3.157728E-01    9.998645E-01    9.998103E-01    1.520349E-04 
   185   -3.147717E-01    9.998161E-01    9.997426E-01    2.027179E-04 
   186   -3.137705E-01    9.997573E-01    9.996603E-01    2.643734E-04 
   187   -3.127693E-01    9.996861E-01    9.995605E-01    3.388463E-04 
   188   -3.117680E-01    9.996002E-01    9.994402E-01    4.285389E-04 
   189   -3.107666E-01    9.994970E-01    9.992959E-01    5.366247E-04 
   190   -3.097652E-01    9.993740E-01    9.991236E-01    6.672463E-04 
   191   -3.087635E-01    9.992278E-01    9.989190E-01    8.250780E-04 
   192   -3.077618E-01    9.990551E-01    9.986772E-01    1.014848E-03 
   193   -3.067599E-01    9.988518E-01    9.983926E-01    1.240687E-03 
   194   -3.057578E-01    9.986136E-01    9.980594E-01    1.506128E-03 
   195   -3.047554E-01    9.983363E-01    9.976713E-01    1.814865E-03 
   196   -3.037528E-01    9.980153E-01    9.972221E-01    2.171937E-03 
   197   -3.027498E-01    9.976464E-01    9.967059E-01    2.584157E-03 
   198   -3.017465E-01    9.972251E-01    9.961165E-01    3.059735E-03 
   199   -3.007427E-01    9.967470E-01    9.954478E-01    3.606799E-03 
   200   -2.997384E-01    9.962076E-01    9.946934E-01    4.231774E-03 
   201   -2.987336E-01    9.956022E-01    9.938469E-01    4.938799E-03 
   202   -2.977281E-01    9.949262E-01    9.929019E-01    5.730803E-03 
   203   -2.967220E-01    9.941752E-01    9.918524E-01    6.611161E-03 
   204   -2.957151E-01    9.933456E-01    9.906933E-01    7.584595E-03 
   205   -2.947073E-01    9.924343E-01    9.894205E-01    8.656653E-03 
   206   -2.936985E-01    9.914391E-01    9.880310E-01    9.832151E-03 
   207   -2.926886E-01    9.903583E-01    9.865226E-01    1.111544E-02 
   208   -2.916777E-01    9.891909E-01    9.848940E-01    1.250918E-02 
   209   -2.906655E-01    9.879362E-01    9.831444E-01    1.401386E-02 
   210   -2.896519E-01    9.865941E-01    9.812740E-01    1.563065E-02 
   211   -2.886370E-01    9.851648E-01    9.792830E-01    1.736105E-02 
   212   -2.876204E-01    9.836488E-01    9.771725E-01    1.920312E-02 
   213   -2.866023E-01    9.820473E-01    9.749444E-01    2.115164E-02 
   214   -2.855825E-01    9.803622E-01    9.726015E-01    2.320226E-02 
   215   -2.845609E-01    9.785960E-01    9.701474E-01    2.535101E-02 
   216   -2.835374E-01    9.767516E-01    9.675868E-01    2.759808E-02 
   217   -2.825118E-01    9.748333E-01    9.649254E-01    2.994004E-02 
   218   -2.814841E-01    9.728457E-01    9.621702E-01    3.236996E-02 
   219   -2.804544E-01    9.707940E-01    9.593284E-01    3.488524E-02 
   220   -2.794224E-01    9.686836E-01    9.564077E-01    3.748236E-02 
   221   -2.783881E-01    9.665196E-01    9.534156E-01    4.015539E-02 
   222   -2.773513E-01    9.643077E-01    9.503599E-01    4.289760E-02 
   223   -2.763121E-01    9.620532E-01    9.472484E-01    4.570075E-02 
   224   -2.752706E-01    9.597617E-01    9.440886E-01    4.855493E-02 
   225   -2.742265E-01    9.574379E-01    9.408875E-01    5.145004E-02 
   226   -2.731798E-01    9.550867E-01    9.376518E-01    5.438053E-02 
   227   -2.721304E-01    9.527130E-01    9.343884E-01    5.733742E-02 
   228   -2.710784E-01    9.503219E-01    9.311044E-01    6.030975E-02 
   229   -2.700237E-01    9.479179E-01    9.278059E-01    6.329269E-02 
   230   -2.689664E-01    9.455054E-01    9.244992E-01    6.628360E-02 
   231   -2.679063E-01    9.430884E-01    9.211896E-01    6.928157E-02 
   232   -2.668435E-01    9.406704E-01    9.178822E-01    7.228401E-02 
   233   -2.657779E-01    9.382546E-01    9.145811E-01    7.528818E-02 
   234   -2.647096E-01    9.358431E-01    9.112893E-01    7.829422E-02 
   235   -2.636385E-01    9.334373E-01    9.080086E-01    8.130316E-02 
   236   -2.625646E-01    9.310375E-01    9.047395E-01    8.431497E-02 
   237   -2.614880E-01    9.286433E-01    9.014814E-01    8.732896E-02 
   238   -2.604086E-01    9.262535E-01    8.982325E-01    9.034332E-02 
   239   -2.593265E-01    9.238660E-01    8.949902E-01    9.335482E-02 
   240   -2.582415E-01    9.214782E-01    8.917508E-01    9.636109E-02 
   241   -2.571537E-01    9.190866E-01    8.885096E-01    9.936162E-02 
   242   -2.560632E-01    9.166869E-01    8.852608E-01    1.023583E-01 
   243   -2.549697E-01    9.142743E-01    8.819979E-01    1.053545E-01 
   244   -2.538734E-01    9.118434E-01    8.787137E-01    1.083548E-01 
   245   -2.527742E-01    9.093881E-01    8.754002E-01    1.113664E-01 
   246   -2.516720E-01    9.069023E-01    8.720489E-01    1.143997E-01 
   247   -2.505668E-01    9.043791E-01    8.686511E-01    1.174718E-01 
   248   -2.494585E-01    9.018117E-01    8.651974E-01    1.206011E-01 
   249   -2.483471E-01    8.991934E-01    8.616792E-01    1.238063E-01 
   250   -2.472324E-01    8.965179E-01    8.580884E-01    1.271060E-01 
   251   -2.461143E-01    8.937801E-01    8.544183E-01    1.305174E-01 
   252   -2.449928E-01    8.909762E-01    8.506642E-01    1.340549E-01 
   253   -2.438677E-01    8.881039E-01    8.468233E-01    1.377290E-01 
   254   -2.427390E-01    8.851627E-01    8.428953E-01    1.415470E-01 
   255   -2.416064E-01    8.821539E-01    8.388825E-01    1.455111E-01 
   256   -2.404698E-01    8.790806E-01    8.347893E-01    1.496156E-01 
   257   -2.393293E-01    8.759475E-01    8.306224E-01    1.538519E-01 
   258   -2.381845E-01    8.727606E-01    8.263900E-01    1.582086E-01 
   259   -2.370356E-01    8.695271E-01    8.221020E-01    1.626714E-01 
   260   -2.358822E-01    8.662547E-01    8.177691E-01    1.672239E-01 
   261   -2.347245E-01    8.629519E-01    8.134025E-01    1.718484E-01 
   262   -2.335623E-01    8.596272E-01    8.090137E-01    1.765279E-01 
   263   -2.323955E-01    8.562891E-01    8.046142E-01    1.812447E-01 
   264   -2.312241E-01    8.529459E-01    8.002149E-01    1.859817E-01 
   265   -2.300481E-01    8.496055E-01    7.958263E-01    1.907228E-01 
   266   -2.288675E-01    8.462752E-01    7.914579E-01    1.954536E-01 
   267   -2.276822E-01    8.429614E-01    7.871179E-01    2.001615E-01 
   268   -2.264922E-01    8.396695E-01    7.828135E-01    2.048363E-01 
   269   -2.252975E-01    8.364037E-01    7.785500E-01    2.094700E-01 
   270   -2.240982E-01    8.331673E-01    7.743314E-01    2.140573E-01 
   271   -2.228942E-01    8.299621E-01    7.701599E-01    2.185948E-01 
   272   -2.216856E-01    8.267888E-01    7.660364E-01    2.230815E-01 
   273   -2.204724E-01    8.236469E-01    7.619599E-01    2.275181E-01 
   274   -2.192546E-01    8.205348E-01    7.579283E-01    2.319070E-01 
   275   -2.180322E-01    8.174497E-01    7.539375E-01    2.362528E-01 
   276   -2.168052E-01    8.143875E-01    7.499825E-01    2.405611E-01 
   277   -2.155737E-01    8.113434E-01    7.460566E-01    2.448396E-01 
   278   -2.143375E-01    8.083118E-01    7.421525E-01    2.490968E-01 
   279   -2.130967E-01    8.052865E-01    7.382625E-01    2.533484E-01 
   280   -2.118513E-01    8.022619E-01    7.343792E-01    2.576108E-01 
   281   -2.106012E-01    7.992326E-01    7.304957E-01    2.618922E-01 
   282   -2.093464E-01    7.961943E-01    7.266064E-01    2.661982E-01 
   283   -2.080868E-01    7.931437E-01    7.227075E-01    2.705331E-01 
   284   -2.068223E-01    7.900790E-01    7.187964E-01    2.748993E-01 
   285   -2.055529E-01    7.869996E-01    7.148728E-01    2.793026E-01 
   286   -2.042785E-01    7.839066E-01    7.109380E-01    2.837475E-01 
   287   -2.029990E-01    7.808028E-01    7.069958E-01    2.882286E-01 
   288   -2.017144E-01    7.776925E-01    7.030517E-01    2.927373E-01 
   289   -2.004246E-01    7.745813E-01    6.991127E-01    2.972640E-01 
   290   -1.991296E-01    7.714755E-01    6.951869E-01    3.017975E-01 
   291   -1.978293E-01    7.683819E-01    6.912829E-01    3.063261E-01 
   292   -1.965238E-01    7.653071E-01    6.874089E-01    3.108384E-01 
   293   -1.952130E-01    7.622576E-01    6.835728E-01    3.153238E-01 
   294   -1.938970E-01    7.592389E-01    6.797818E-01    3.197726E-01 
   295   -1.925757E-01    7.562561E-01    6.760417E-01    3.241765E-01 
   296   -1.912492E-01    7.533134E-01    6.723577E-01    3.285284E-01 
   297   -1.899176E-01    7.504139E-01    6.687335E-01    3.328230E-01 
   298   -1.885808E-01    7.475599E-01    6.651717E-01    3.370563E-01 
   299   -1.872390E-01    7.447529E-01    6.616738E-01    3.412258E-01 
   300   -1.858921E-01    7.419934E-01    6.582403E-01    3.453301E-01 
   301   -1.845402E-01    7.392812E-01    6.548706E-01    3.493691E-01 
   302   -1.831834E-01    7.366153E-01    6.515634E-01    3.533437E-01 
   303   -1.818218E-01    7.339944E-01    6.483165E-01    3.572553E-01 
   304   -1.804553E-01    7.314162E-01    6.451272E-01    3.611064E-01 
   305   -1.790840E-01    7.288782E-01    6.419919E-01    3.649003E-01 
   306   -1.777080E-01    7.263770E-01    6.389064E-01    3.686417E-01 
   307   -1.763273E-01    7.239086E-01    6.358655E-01    3.723362E-01 
   308   -1.749419E-01    7.214681E-01    6.328631E-01    3.759902E-01 
   309   -1.735519E-01    7.190497E-01    6.298917E-01    3.796114E-01 
   310   -1.721572E-01    7.166459E-01    6.269423E-01    3.832094E-01 
   311   -1.707578E-01    7.142478E-01    6.240037E-01    3.867959E-01 
   312   -1.693538E-01    7.118442E-01    6.210624E-01    3.903860E-01 
   313   -1.679451E-01    7.094215E-01    6.181017E-01    3.939985E-01 
   314   -1.665316E-01    7.069633E-01    6.151015E-01    3.976568E-01 
   315   -1.651132E-01    7.044506E-01    6.120391E-01    4.013934E-01 
   316   -1.636898E-01    7.018631E-01    6.088899E-01    4.052504E-01 
   317   -1.622611E-01    6.991794E-01    6.056285E-01    4.092697E-01 
   318   -1.608269E-01    6.963800E-01    6.022315E-01    4.134918E-01 
   319   -1.593868E-01    6.934480E-01    5.986796E-01    4.179534E-01 
   320   -1.579405E-01    6.903718E-01    5.949593E-01    4.226835E-01 
   321   -1.564876E-01    6.871459E-01    5.910650E-01    4.277009E-01 
   322   -1.550276E-01    6.837719E-01    5.869998E-01    4.330078E-01 
   323   -1.535603E-01    6.802584E-01    5.827750E-01    4.385891E-01 
   324   -1.520851E-01    6.766202E-01    5.784096E-01    4.444214E-01 
   325   -1.506017E-01    6.728772E-01    5.739282E-01    4.504734E-01 
   326   -1.491099E-01    6.690520E-01    5.693589E-01    4.567058E-01 
   327   -1.476093E-01    6.651692E-01    5.647316E-01    4.630759E-01 
   328   -1.460998E-01    6.612537E-01    5.600763E-01    4.695396E-01 
   329   -1.445812E-01    6.573293E-01    5.554216E-01    4.760562E-01 
   330   -1.430535E-01    6.534180E-01    5.507937E-01    4.825879E-01 
   331   -1.415166E-01    6.495394E-01    5.462155E-01    4.890998E-01 
   332   -1.399705E-01    6.457097E-01    5.417058E-01    4.955611E-01 
   333   -1.384153E-01    6.419422E-01    5.372799E-01    5.019473E-01 
   334   -1.368510E-01    6.382467E-01    5.329487E-01    5.082407E-01 
   335   -1.352776E-01    6.346300E-01    5.287197E-01    5.144286E-01 
   336   -1.336954E-01    6.310955E-01    5.245961E-01    5.205023E-01 
   337   -1.321045E-01    6.276437E-01    5.205779E-01    5.264570E-01 
   338   -1.305049E-01    6.242723E-01    5.166619E-01    5.322926E-01 
   339   -1.288967E-01    6.209767E-01    5.128421E-01    5.380134E-01 
   340   -1.272802E-01    6.177500E-01    5.091099E-01    5.436288E-01 
   341   -1.256553E-01    6.145824E-01    5.054537E-01    5.491548E-01 
   342   -1.240222E-01    6.114613E-01    5.018584E-01    5.546121E-01 
   343   -1.223808E-01    6.083710E-01    4.983059E-01    5.600252E-01 
   344   -1.207311E-01    6.052942E-01    4.947760E-01    5.654252E-01 
   345   -1.190732E-01    6.022135E-01    4.912485E-01    5.708637E-01 
   346   -1.174068E-01    5.991131E-01    4.877059E-01    5.763785E-01 
   347   -1.157317E-01    5.959811E-01    4.841345E-01    5.819875E-01 
   348   -1.140478E-01    5.928099E-01    4.805261E-01    5.877009E-01 
   349   -1.123548E-01    5.895969E-01    4.768779E-01    5.935316E-01 
   350   -1.106524E-01    5.863449E-01    4.731937E-01    5.994907E-01 
   351   -1.089404E-01    5.830630E-01    4.694839E-01    6.055582E-01 
   352   -1.072187E-01    5.797654E-01    4.657649E-01    6.117034E-01 
   353   -1.054871E-01    5.764702E-01    4.620571E-01    6.178885E-01 
   354   -1.037455E-01    5.731973E-01    4.583828E-01    6.240704E-01 
   355   -1.019938E-01    5.699666E-01    4.547643E-01    6.302037E-01 
   356   -1.002322E-01    5.667973E-01    4.512225E-01    6.362467E-01 
   357   -9.846078E-02    5.637069E-01    4.477766E-01    6.421627E-01 
   358   -9.667967E-02    5.607116E-01    4.444441E-01    6.479197E-01 
   359   -9.488912E-02    5.578261E-01    4.412404E-01    6.534896E-01 
   360   -9.308941E-02    5.550639E-01    4.381799E-01    6.588465E-01 
   361   -9.128088E-02    5.524377E-01    4.352757E-01    6.639647E-01 
   362   -8.946390E-02    5.499604E-01    4.325412E-01    6.688147E-01 
   363   -8.763890E-02    5.476470E-01    4.299921E-01    6.733640E-01 
   364   -8.580638E-02    5.455162E-01    4.276479E-01    6.775744E-01 
   365   -8.396690E-02    5.435918E-01    4.255336E-01    6.814005E-01 
   366   -8.212113E-02    5.419034E-01    4.236811E-01    6.847827E-01 
   367   -8.026988E-02    5.404877E-01    4.221291E-01    6.876460E-01 
   368   -7.841410E-02    5.393858E-01    4.209216E-01    6.898981E-01 
   369   -7.655492E-02    5.386332E-01    4.200965E-01    6.914464E-01 
   370   -7.469366E-02    5.382401E-01    4.196641E-01    6.921827E-01 
   371   -7.283193E-02    5.381724E-01    4.195870E-01    6.919054E-01 
   372   -7.097105E-02    5.383558E-01    4.197840E-01    6.911000E-01 
   373   -6.911149E-02    5.387032E-01    4.201601E-01    6.902110E-01 
   374   -6.725348E-02    5.391450E-01    4.206393E-01    6.892293E-01 
   375   -6.539717E-02    5.396390E-01    4.211756E-01    6.881936E-01 
   376   -6.354267E-02    5.401629E-01    4.217449E-01    6.871238E-01 
   377   -6.169008E-02    5.407036E-01    4.223327E-01    6.860366E-01 
   378   -5.983936E-02    5.412514E-01    4.229285E-01    6.849461E-01 
   379   -5.799058E-02    5.417974E-01    4.235225E-01    6.838689E-01 
   380   -5.614369E-02    5.423334E-01    4.241056E-01    6.828220E-01 
   381   -5.429863E-02    5.428515E-01    4.246694E-01    6.818200E-01 
   382   -5.245532E-02    5.433454E-01    4.252068E-01    6.808742E-01 
   383   -5.061366E-02    5.438100E-01    4.257121E-01    6.799932E-01 
   384   -4.877354E-02    5.442413E-01    4.261811E-01    6.791844E-01 
   385   -4.693485E-02    5.446369E-01    4.266110E-01    6.784517E-01 
   386   -4.509742E-02    5.449953E-01    4.270000E-01    6.777952E-01 
   387   -4.326114E-02    5.453164E-01    4.273482E-01    6.772130E-01 
   388   -4.142588E-02    5.456012E-01    4.276566E-01    6.767022E-01 
   389   -3.959151E-02    5.458514E-01    4.279269E-01    6.762582E-01 
   390   -3.775793E-02    5.460693E-01    4.281616E-01    6.758753E-01 
   391   -3.592500E-02    5.462577E-01    4.283641E-01    6.755471E-01 
   392   -3.409266E-02    5.464198E-01    4.285375E-01    6.752672E-01 
   393   -3.226082E-02    5.465587E-01    4.286854E-01    6.750298E-01 
   394   -3.042938E-02    5.466774E-01    4.288111E-01    6.748284E-01 
   395   -2.859832E-02    5.467788E-01    4.289178E-01    6.746576E-01 
   396   -2.676754E-02    5.468658E-01    4.290084E-01    6.745120E-01 
   397   -2.493704E-02    5.469406E-01    4.290856E-01    6.743874E-01 
   398   -2.310677E-02    5.470053E-01    4.291516E-01    6.742801E-01 
   399   -2.127667E-02    5.470618E-01    4.292086E-01    6.741865E-01 
   400   -1.944677E-02    5.471116E-01    4.292581E-01    6.741044E-01 
   401   -1.761700E-02    5.471560E-01    4.293015E-01    6.740314E-01 
   402   -1.578738E-02    5.471960E-01    4.293400E-01    6.739659E-01 
   403   -1.395789E-02    5.472324E-01    4.293744E-01    6.739067E-01 
   404   -1.212850E-02    5.472659E-01    4.294055E-01    6.738523E-01 
   405   -1.029924E-02    5.472969E-01    4.294339E-01    6.738026E-01 
   406   -8.470054E-03    5.473259E-01    4.294599E-01    6.737562E-01 
   407   -6.640976E-03    5.473532E-01    4.294838E-01    6.737131E-01 
   408   -4.811988E-03    5.473790E-01    4.295060E-01    6.736729E-01 
   409   -2.983064E-03    5.474035E-01    4.295267E-01    6.736349E-01 
   410   -1.154248E-03    5.474269E-01    4.295460E-01    6.735994E-01 
   411    6.745171E-04    5.474492E-01    4.295641E-01    6.735658E-01 
   412    2.503197E-03    5.474706E-01    4.295809E-01    6.735343E-01 
   413    4.331800E-03    5.474913E-01    4.295968E-01    6.735045E-01 
   414    6.160360E-03    5.475111E-01    4.296117E-01    6.734761E-01 
   415    7.988822E-03    5.475302E-01    4.296256E-01    6.734496E-01 
   416    9.817249E-03    5.475488E-01    4.296387E-01    6.734243E-01 
   417    1.164560E-02    5.475667E-01    4.296510E-01    6.734004E-01 
   418    1.347389E-02    5.475840E-01    4.296625E-01    6.733779E-01 
   419    1.530215E-02    5.476009E-01    4.296733E-01    6.733565E-01 
   420    1.713031E-02    5.476173E-01    4.296834E-01    6.733365E-01 
   421    1.895845E-02    5.476333E-01    4.296928E-01    6.733173E-01 
   422    2.078654E-02    5.476488E-01    4.297016E-01    6.732993E-01 
   423    2.261454E-02    5.476640E-01    4.297098E-01    6.732825E-01 
   424    2.444253E-02    5.476789E-01    4.297175E-01    6.732664E-01 
   425    2.627045E-02    5.476934E-01    4.297246E-01    6.732513E-01 
   426    2.809833E-02    5.477078E-01    4.297312E-01    6.732370E-01 
   427    2.992616E-02    5.477218E-01    4.297372E-01    6.732236E-01 
   428    3.175394E-02    5.477357E-01    4.297428E-01    6.732109E-01 
   429    3.358169E-02    5.477494E-01    4.297481E-01    6.731988E-01 
   430    3.540938E-02    5.477630E-01    4.297529E-01    6.731876E-01 
   431    3.723702E-02    5.477764E-01    4.297573E-01    6.731768E-01 
   432    3.906463E-02    5.477898E-01    4.297613E-01    6.731667E-01 
   433    4.089219E-02    5.478031E-01    4.297650E-01    6.731571E-01 
   434    4.271969E-02    5.478164E-01    4.297683E-01    6.731481E-01 
   435    4.454717E-02    5.478297E-01    4.297714E-01    6.731395E-01 
   436    4.637459E-02    5.478430E-01    4.297742E-01    6.731312E-01 
   437    4.820197E-02    5.478565E-01    4.297767E-01    6.731238E-01 
   438    5.002931E-02    5.478699E-01    4.297789E-01    6.731164E-01 
   439    5.185659E-02    5.478835E-01    4.297808E-01    6.731094E-01 
   440    5.368385E-02    5.478973E-01    4.297826E-01    6.731028E-01 
   441    5.551104E-02    5.479112E-01    4.297842E-01    6.730967E-01 
   442    5.733817E-02    5.479253E-01    4.297855E-01    6.730908E-01 
   443    5.916531E-02    5.479397E-01    4.297865E-01    6.730849E-01 
   444    6.099235E-02    5.479543E-01    4.297873E-01    6.730798E-01 
   445    6.281933E-02    5.479691E-01    4.297880E-01    6.730749E-01 
   446    6.464633E-02    5.479843E-01    4.297888E-01    6.730697E-01 
   447    6.647321E-02    5.479998E-01    4.297894E-01    6.730651E-01 
   448    6.830006E-02    5.480158E-01    4.297893E-01    6.730611E-01 
   449    7.012688E-02    5.480321E-01    4.297887E-01    6.730568E-01 
   450    7.195358E-02    5.480488E-01    4.297887E-01    6.730524E-01 
   451    7.378031E-02    5.480661E-01    4.297893E-01    6.730489E-01 
   452    7.560693E-02    5.480838E-01    4.297893E-01    6.730456E-01 
   453    7.743344E-02    5.481022E-01    4.297881E-01    6.730417E-01 
   454    7.926004E-02    5.481214E-01    4.297865E-01    6.730381E-01 
   455    8.108645E-02    5.481410E-01    4.297857E-01    6.730355E-01 
   456    8.291274E-02    5.481610E-01    4.297858E-01    6.730326E-01 
   457    8.473917E-02    5.481820E-01    4.297859E-01    6.730288E-01 
   458    8.656538E-02    5.482042E-01    4.297844E-01    6.730263E-01 
   459    8.839145E-02    5.482272E-01    4.297814E-01    6.730244E-01 
   460    9.021762E-02    5.482509E-01    4.297791E-01    6.730213E-01 
   461    9.204363E-02    5.482756E-01    4.297787E-01    6.730182E-01 
   462    9.386948E-02    5.483014E-01    4.297788E-01    6.730162E-01 
   463    9.569534E-02    5.483283E-01    4.297774E-01    6.730146E-01 
   464    9.752110E-02    5.483568E-01    4.297746E-01    6.730121E-01 
   465    9.934672E-02    5.483871E-01    4.297717E-01    6.730083E-01 
   466    1.011722E-01    5.484190E-01    4.297687E-01    6.730059E-01 
   467    1.029977E-01    5.484515E-01    4.297661E-01    6.730083E-01 
   468    1.048230E-01    5.484852E-01    4.297657E-01    6.730034E-01 
   469    1.066480E-01    5.485224E-01    4.297674E-01    6.729943E-01 
   470    1.084734E-01    5.485624E-01    4.297649E-01    6.730014E-01 
   471    1.102985E-01    5.486029E-01    4.297548E-01    6.730059E-01 
   472    1.121225E-01    5.486466E-01    4.297465E-01    6.729837E-01 
   473    1.139476E-01    5.486937E-01    4.297479E-01    6.729826E-01 
   474    1.157733E-01    5.487407E-01    4.297537E-01    6.730213E-01 
   475    1.175954E-01    5.487920E-01    4.297539E-01    6.729715E-01 
   476    1.194196E-01    5.488541E-01    4.297440E-01    6.729530E-01 
   477    1.212480E-01    5.489171E-01    4.297224E-01    6.730406E-01 
   478    1.230664E-01    5.489766E-01    4.297135E-01    6.729704E-01 
   479    1.248879E-01    5.490500E-01    4.297341E-01    6.729067E-01 
   480    1.267227E-01    5.491297E-01    4.297423E-01    6.730617E-01 
   481    1.285364E-01    5.492051E-01    4.297120E-01    6.729921E-01 
   482    1.303504E-01    5.493021E-01    4.296985E-01    6.728360E-01 
   483    1.321972E-01    5.494147E-01    4.297030E-01    6.730880E-01 
   484    1.340070E-01    5.495144E-01    4.296848E-01    6.730413E-01 
   485    1.358029E-01    5.496342E-01    4.296808E-01    6.727355E-01 
   486    1.376715E-01    5.498178E-01    4.297536E-01    6.731309E-01 
   487    1.394818E-01    5.500271E-01    4.298273E-01    6.731039E-01 
   488    1.412383E-01    5.502992E-01    4.298480E-01    6.726247E-01 
   489    1.431471E-01    5.507817E-01    4.298769E-01    6.731923E-01 
   490    1.449592E-01    5.512255E-01    4.296055E-01    6.731284E-01 
   491    1.466443E-01    5.514833E-01    4.288986E-01    6.725787E-01 
   492    1.486218E-01    5.514390E-01    4.278918E-01    6.732513E-01 
   493    1.504175E-01    5.499971E-01    4.257857E-01    6.729908E-01 
   494    1.520340E-01    5.470277E-01    4.234966E-01    6.727617E-01 
   495    1.541165E-01    5.402642E-01    4.222894E-01    6.732974E-01 
   496    1.558667E-01    5.324054E-01    4.258758E-01    6.724371E-01 
   497    1.576534E-01    5.226486E-01    4.310808E-01    6.734514E-01 
   498    1.598252E-01    5.103349E-01    4.361296E-01    6.731395E-01 
   499    1.625185E-01    4.934821E-01    4.468895E-01    6.761478E-01 
   500    1.606139E-01    5.053468E-01    3.518282E-01    6.714984E-01 
   501    1.621282E-01    4.959718E-01    3.753573E-01    6.603630E-01 
   502    1.639497E-01    4.840956E-01    3.949072E-01    6.717068E-01 
   503    1.647525E-01    4.788925E-01    4.155803E-01    6.730605E-01 
   504    1.649390E-01    4.777573E-01    4.331906E-01    6.729076E-01 
   505    1.652804E-01    4.757844E-01    4.427782E-01    6.717354E-01 
   506    1.663546E-01    4.702302E-01    4.433936E-01    6.725225E-01 
   507    1.671254E-01    4.667473E-01    4.421056E-01    6.738561E-01 
   508    1.673294E-01    4.659214E-01    4.412548E-01    6.738182E-01 
   509    1.674300E-01    4.655293E-01    4.402480E-01    6.735965E-01 
   510    1.678063E-01    4.641762E-01    4.384489E-01    6.720482E-01 
   511    1.686139E-01    4.617612E-01    4.357464E-01    6.726791E-01 
   512    1.692793E-01    4.602238E-01    4.339088E-01    6.725888E-01 
   513    1.699326E-01    4.590770E-01    4.324758E-01    6.726633E-01 
   514    1.704460E-01    4.584079E-01    4.314776E-01    6.722942E-01 
   515    1.712046E-01    4.576957E-01    4.304333E-01    6.734055E-01 
   516    1.717156E-01    4.573615E-01    4.297726E-01    6.737018E-01 
   517    1.721288E-01    4.571537E-01    4.293052E-01    6.739027E-01 
   518    1.725268E-01    4.570185E-01    4.289422E-01    6.729558E-01 
   519    1.730323E-01    4.569285E-01    4.286565E-01    6.724298E-01 
   520    1.735884E-01    4.568913E-01    4.284436E-01    6.725360E-01 
   521    1.741730E-01    4.569026E-01    4.283109E-01    6.725775E-01 
   522    1.748267E-01    4.569535E-01    4.282344E-01    6.725891E-01 
   523    1.754610E-01    4.570155E-01    4.281805E-01    6.728253E-01 
   524    1.760189E-01    4.570762E-01    4.281263E-01    6.734345E-01 
   525    1.765156E-01    4.571254E-01    4.280655E-01    6.735431E-01 
   526    1.770019E-01    4.571809E-01    4.280125E-01    6.731187E-01 
   527    1.775399E-01    4.572569E-01    4.279844E-01    6.729752E-01 
   528    1.780662E-01    4.573329E-01    4.279537E-01    6.729089E-01 
   529    1.785843E-01    4.574132E-01    4.279355E-01    6.727093E-01 
   530    1.791379E-01    4.575013E-01    4.279347E-01    6.726154E-01 
   531    1.797393E-01    4.575944E-01    4.279505E-01    6.728037E-01 
   532    1.803324E-01    4.576758E-01    4.279638E-01    6.731897E-01 
   533    1.808745E-01    4.577387E-01    4.279634E-01    6.732370E-01 
   534    1.813905E-01    4.577986E-01    4.279650E-01    6.730814E-01 
   535    1.819247E-01    4.578640E-01    4.279738E-01    6.728852E-01 
   536    1.824852E-01    4.579324E-01    4.279847E-01    6.729342E-01 
   537    1.830245E-01    4.579930E-01    4.279867E-01    6.729799E-01 
   538    1.835537E-01    4.580503E-01    4.279843E-01    6.729002E-01 
   539    1.840958E-01    4.581080E-01    4.279866E-01    6.728763E-01 
   540    1.846497E-01    4.581631E-01    4.279870E-01    6.730266E-01 
   541    1.852021E-01    4.582118E-01    4.279878E-01    6.731384E-01 
   542    1.857503E-01    4.582560E-01    4.279849E-01    6.730753E-01 
   543    1.862975E-01    4.583015E-01    4.279929E-01    6.729214E-01 
   544    1.868486E-01    4.583490E-01    4.280015E-01    6.728519E-01 
   545    1.874031E-01    4.583944E-01    4.280146E-01    6.729197E-01 
   546    1.879504E-01    4.584354E-01    4.280168E-01    6.729698E-01 
   547    1.884899E-01    4.584732E-01    4.280218E-01    6.729866E-01 
   548    1.890266E-01    4.585085E-01    4.280177E-01    6.730213E-01 
   549    1.895627E-01    4.585411E-01    4.280174E-01    6.730406E-01 
   550    1.901022E-01    4.585726E-01    4.280118E-01    6.730190E-01 
   551    1.906498E-01    4.586045E-01    4.280137E-01    6.729710E-01 
   552    1.912050E-01    4.586370E-01    4.280153E-01    6.729295E-01 
   553    1.917605E-01    4.586685E-01    4.280210E-01    6.729234E-01 
   554    1.923118E-01    4.586980E-01    4.280251E-01    6.729497E-01 
   555    1.928594E-01    4.587252E-01    4.280278E-01    6.729832E-01 
   556    1.934028E-01    4.587500E-01    4.280300E-01    6.730051E-01 
   557    1.939420E-01    4.587728E-01    4.280274E-01    6.730039E-01 
   558    1.944789E-01    4.587950E-01    4.280288E-01    6.729786E-01 
   559    1.950177E-01    4.588174E-01    4.280253E-01    6.729465E-01 
   560    1.955623E-01    4.588401E-01    4.280295E-01    6.729308E-01 
   561    1.961127E-01    4.588620E-01    4.280268E-01    6.729471E-01 
   562    1.966649E-01    4.588824E-01    4.280307E-01    6.729739E-01 
   563    1.972143E-01    4.589011E-01    4.280268E-01    6.729879E-01 
   564    1.977616E-01    4.589185E-01    4.280295E-01    6.729906E-01 
   565    1.983069E-01    4.589350E-01    4.280259E-01    6.729840E-01 
   566    1.988505E-01    4.589510E-01    4.280278E-01    6.729664E-01 
   567    1.993922E-01    4.589670E-01    4.280262E-01    6.729425E-01 
   568    1.999339E-01    4.589831E-01    4.280282E-01    6.729234E-01 
   569    2.004768E-01    4.589990E-01    4.280288E-01    6.729222E-01 
   570    2.010222E-01    4.590140E-01    4.280290E-01    6.729434E-01 
   571    2.015691E-01    4.590278E-01    4.280297E-01    6.729682E-01 
   572    2.021161E-01    4.590403E-01    4.280265E-01    6.729794E-01 
   573    2.026629E-01    4.590520E-01    4.280275E-01    6.729761E-01 
   574    2.032093E-01    4.590633E-01    4.280233E-01    6.729653E-01 
   575    2.037553E-01    4.590746E-01    4.280262E-01    6.729527E-01 
   576    2.043002E-01    4.590858E-01    4.280227E-01    6.729401E-01 
   577    2.048445E-01    4.590969E-01    4.280268E-01    6.729286E-01 
   578    2.053879E-01    4.591078E-01    4.280239E-01    6.729247E-01 
   579    2.059315E-01    4.591181E-01    4.280273E-01    6.729301E-01 
   580    2.064756E-01    4.591278E-01    4.280243E-01    6.729402E-01 
   581    2.070205E-01    4.591369E-01    4.280258E-01    6.729463E-01 
   582    2.075662E-01    4.591453E-01    4.280233E-01    6.729473E-01 
   583    2.081124E-01    4.591534E-01    4.280231E-01    6.729456E-01 
   584    2.086586E-01    4.591610E-01    4.280222E-01    6.729432E-01 
   585    2.092044E-01    4.591683E-01    4.280207E-01    6.729399E-01 
   586    2.097499E-01    4.591754E-01    4.280217E-01    6.729354E-01 
   587    2.102945E-01    4.591823E-01    4.280190E-01    6.729298E-01 
   588    2.108388E-01    4.591891E-01    4.280216E-01    6.729233E-01 
   589    2.113826E-01    4.591959E-01    4.280184E-01    6.729184E-01 
   590    2.119268E-01    4.592024E-01    4.280219E-01    6.729171E-01 
   591    2.124713E-01    4.592086E-01    4.280181E-01    6.729195E-01 
   592    2.130166E-01    4.592144E-01    4.280210E-01    6.729232E-01 
   593    2.135620E-01    4.592197E-01    4.280171E-01    6.729264E-01 
   594    2.141077E-01    4.592246E-01    4.280189E-01    6.729272E-01 
   595    2.146532E-01    4.592292E-01    4.280156E-01    6.729260E-01 
   596    2.151984E-01    4.592336E-01    4.280162E-01    6.729218E-01 
   597    2.157434E-01    4.592378E-01    4.280145E-01    6.729160E-01 
   598    2.162880E-01    4.592422E-01    4.280143E-01    6.729100E-01 
   599    2.168326E-01    4.592465E-01    4.280149E-01    6.729044E-01 
   600    2.173769E-01    4.592509E-01    4.280136E-01    6.729011E-01 
   601    2.179216E-01    4.592550E-01    4.280158E-01    6.729010E-01 
   602    2.184663E-01    4.592588E-01    4.280129E-01    6.729029E-01 
   603    2.190114E-01    4.592623E-01    4.280156E-01    6.729046E-01 
   604    2.195565E-01    4.592655E-01    4.280115E-01    6.729049E-01 
   605    2.201018E-01    4.592684E-01    4.280143E-01    6.729030E-01 
   606    2.206468E-01    4.592712E-01    4.280102E-01    6.729003E-01 
   607    2.211919E-01    4.592739E-01    4.280127E-01    6.728965E-01 
   608    2.217368E-01    4.592765E-01    4.280095E-01    6.728921E-01 
   609    2.222815E-01    4.592792E-01    4.280115E-01    6.728876E-01 
   610    2.228262E-01    4.592819E-01    4.280098E-01    6.728833E-01 
   611    2.233708E-01    4.592846E-01    4.280108E-01    6.728805E-01 
   612    2.239156E-01    4.592871E-01    4.280107E-01    6.728787E-01 
   613    2.244603E-01    4.592895E-01    4.280102E-01    6.728776E-01 
   614    2.250053E-01    4.592917E-01    4.280116E-01    6.728765E-01 
   615    2.255502E-01    4.592937E-01    4.280093E-01    6.728750E-01 
   616    2.260953E-01    4.592955E-01    4.280119E-01    6.728726E-01 
   617    2.266402E-01    4.592973E-01    4.280086E-01    6.728696E-01 
   618    2.271853E-01    4.592990E-01    4.280119E-01    6.728654E-01 
   619    2.277300E-01    4.593008E-01    4.280084E-01    6.728610E-01 
   620    2.282748E-01    4.593025E-01    4.280119E-01    6.728561E-01 
   621    2.288195E-01    4.593043E-01    4.280092E-01    6.728514E-01 
   622    2.293643E-01    4.593061E-01    4.280123E-01    6.728473E-01 
   623    2.299091E-01    4.593078E-01    4.280106E-01    6.728437E-01 
   624    2.304538E-01    4.593095E-01    4.280127E-01    6.728405E-01 
   625    2.309988E-01    4.593111E-01    4.280124E-01    6.728372E-01 
   626    2.315436E-01    4.593126E-01    4.280131E-01    6.728337E-01 
   627    2.320886E-01    4.593141E-01    4.280145E-01    6.728296E-01 
   628    2.326334E-01    4.593156E-01    4.280137E-01    6.728248E-01 
   629    2.331784E-01    4.593170E-01    4.280167E-01    6.728193E-01 
   630    2.337231E-01    4.593185E-01    4.280149E-01    6.728137E-01 
   631    2.342680E-01    4.593200E-01    4.280191E-01    6.728074E-01 
   632    2.348127E-01    4.593216E-01    4.280169E-01    6.728015E-01 
   633    2.353575E-01    4.593233E-01    4.280216E-01    6.727955E-01 
   634    2.359023E-01    4.593249E-01    4.280197E-01    6.727895E-01 
   635    2.364471E-01    4.593266E-01    4.280242E-01    6.727837E-01 
   636    2.369919E-01    4.593283E-01    4.280231E-01    6.727775E-01 
   637    2.375368E-01    4.593299E-01    4.280269E-01    6.727712E-01 
   638    2.380817E-01    4.593316E-01    4.280272E-01    6.727644E-01 
   639    2.386265E-01    4.593334E-01    4.280299E-01    6.727570E-01 
   640    2.391713E-01    4.593352E-01    4.280320E-01    6.727493E-01 
   641    2.397161E-01    4.593371E-01    4.280335E-01    6.727411E-01 
   642    2.402609E-01    4.593390E-01    4.280374E-01    6.727325E-01 
   643    2.408056E-01    4.593411E-01    4.280378E-01    6.727239E-01 
   644    2.413505E-01    4.593432E-01    4.280432E-01    6.727147E-01 
   645    2.418952E-01    4.593454E-01    4.280430E-01    6.727058E-01 
   646    2.424401E-01    4.593477E-01    4.280493E-01    6.726963E-01 
   647    2.429848E-01    4.593501E-01    4.280490E-01    6.726868E-01 
   648    2.435297E-01    4.593525E-01    4.280555E-01    6.726768E-01 
   649    2.440745E-01    4.593551E-01    4.280559E-01    6.726663E-01 
   650    2.446192E-01    4.593577E-01    4.280621E-01    6.726556E-01 
   651    2.451641E-01    4.593604E-01    4.280638E-01    6.726442E-01 
   652    2.457088E-01    4.593633E-01    4.280692E-01    6.726324E-01 
   653    2.462536E-01    4.593662E-01    4.280727E-01    6.726204E-01 
   654    2.467983E-01    4.593693E-01    4.280771E-01    6.726078E-01 
   655    2.473431E-01    4.593725E-01    4.280825E-01    6.725950E-01 
   656    2.478878E-01    4.593758E-01    4.280857E-01    6.725820E-01 
   657    2.484327E-01    4.593792E-01    4.280929E-01    6.725683E-01 
   658    2.489773E-01    4.593827E-01    4.280952E-01    6.725548E-01 
   659    2.495222E-01    4.593864E-01    4.281036E-01    6.725403E-01 
   660    2.500669E-01    4.593902E-01    4.281057E-01    6.725259E-01 
   661    2.506117E-01    4.593941E-01    4.281147E-01    6.725109E-01 
   662    2.511564E-01    4.593981E-01    4.281172E-01    6.724953E-01 
   663    2.517011E-01    4.594022E-01    4.281262E-01    6.724796E-01 
   664    2.522459E-01    4.594065E-01    4.281298E-01    6.724633E-01 
   665    2.527906E-01    4.594109E-01    4.281381E-01    6.724468E-01 
   666    2.533353E-01    4.594154E-01    4.281433E-01    6.724299E-01 
   667    2.538800E-01    4.594200E-01    4.281508E-01    6.724126E-01 
   668    2.544247E-01    4.594248E-01    4.281578E-01    6.723952E-01 
   669    2.549694E-01    4.594296E-01    4.281641E-01    6.723774E-01 
   670    2.555142E-01    4.594346E-01    4.281729E-01    6.723591E-01 
   671    2.560588E-01    4.594396E-01    4.281781E-01    6.723408E-01 
   672    2.566036E-01    4.594448E-01    4.281884E-01    6.723218E-01 
   673    2.571481E-01    4.594500E-01    4.281929E-01    6.723030E-01 
   674    2.576929E-01    4.594554E-01    4.282040E-01    6.722836E-01 
   675    2.582375E-01    4.594608E-01    4.282084E-01    6.722641E-01 
   676    2.587822E-01    4.594663E-01    4.282197E-01    6.722444E-01 
   677    2.593268E-01    4.594719E-01    4.282248E-01    6.722244E-01 
   678    2.598715E-01    4.594776E-01    4.282355E-01    6.722045E-01 
   679    2.604161E-01    4.594832E-01    4.282417E-01    6.721843E-01 
   680    2.609607E-01    4.594890E-01    4.282515E-01    6.721640E-01 
   681    2.615054E-01    4.594947E-01    4.282591E-01    6.721437E-01 
   682    2.620500E-01    4.595005E-01    4.282676E-01    6.721232E-01 
   683    2.625946E-01    4.595063E-01    4.282769E-01    6.721029E-01 
   684    2.631391E-01    4.595121E-01    4.282839E-01    6.720826E-01 
   685    2.636839E-01    4.595179E-01    4.282945E-01    6.720620E-01 
   686    2.642283E-01    4.595236E-01    4.283002E-01    6.720420E-01 
   687    2.647730E-01    4.595294E-01    4.283117E-01    6.720215E-01 
   688    2.653175E-01    4.595350E-01    4.283166E-01    6.720018E-01 
   689    2.658621E-01    4.595406E-01    4.283282E-01    6.719820E-01 
   690    2.664067E-01    4.595462E-01    4.283330E-01    6.719624E-01 
   691    2.669512E-01    4.595516E-01    4.283440E-01    6.719432E-01 
   692    2.674958E-01    4.595569E-01    4.283492E-01    6.719242E-01 
   693    2.680403E-01    4.595621E-01    4.283589E-01    6.719057E-01 
   694    2.685849E-01    4.595672E-01    4.283649E-01    6.718876E-01 
   695    2.691294E-01    4.595721E-01    4.283731E-01    6.718697E-01 
   696    2.696739E-01    4.595768E-01    4.283801E-01    6.718526E-01 
   697    2.702184E-01    4.595813E-01    4.283863E-01    6.718359E-01 
   698    2.707630E-01    4.595856E-01    4.283944E-01    6.718197E-01 
   699    2.713074E-01    4.595898E-01    4.283986E-01    6.718043E-01 
   700    2.718520E-01    4.595936E-01    4.284073E-01    6.717892E-01 
   701    2.723964E-01    4.595973E-01    4.284098E-01    6.717753E-01 
   702    2.729410E-01    4.596006E-01    4.284184E-01    6.717616E-01 
   703    2.734854E-01    4.596037E-01    4.284198E-01    6.717490E-01 
   704    2.740299E-01    4.596065E-01    4.284277E-01    6.717372E-01 
   705    2.745744E-01    4.596089E-01    4.284286E-01    6.717260E-01 
   706    2.751189E-01    4.596111E-01    4.284350E-01    6.717159E-01 
   707    2.756634E-01    4.596129E-01    4.284360E-01    6.717065E-01 
   708    2.762078E-01    4.596144E-01    4.284404E-01    6.716982E-01 
   709    2.767523E-01    4.596154E-01    4.284417E-01    6.716909E-01 
   710    2.772967E-01    4.596161E-01    4.284437E-01    6.716844E-01 
   711    2.778412E-01    4.596163E-01    4.284455E-01    6.716790E-01 
   712    2.783857E-01    4.596161E-01    4.284449E-01    6.716746E-01 
   713    2.789302E-01    4.596154E-01    4.284469E-01    6.716709E-01 
   714    2.794746E-01    4.596142E-01    4.284436E-01    6.716685E-01 
   715    2.800192E-01    4.596125E-01    4.284452E-01    6.716664E-01 
   716    2.805635E-01    4.596102E-01    4.284397E-01    6.716657E-01 
   717    2.811081E-01    4.596073E-01    4.284402E-01    6.716654E-01 
   718    2.816525E-01    4.596037E-01    4.284329E-01    6.716664E-01 
   719    2.821970E-01    4.595994E-01    4.284312E-01    6.716690E-01 
   720    2.827415E-01    4.595944E-01    4.284226E-01    6.716732E-01 
   721    2.832860E-01    4.595885E-01    4.284180E-01    6.716803E-01 
   722    2.838305E-01    4.595818E-01    4.284082E-01    6.716901E-01 
   723    2.843750E-01    4.595740E-01    4.284000E-01    6.717037E-01 
   724    2.849195E-01    4.595652E-01    4.283890E-01    6.717212E-01 
   725    2.854640E-01    4.595552E-01    4.283764E-01    6.717413E-01 
   726    2.860086E-01    4.595441E-01    4.283639E-01    6.717642E-01 
   727    2.865531E-01    4.595318E-01    4.283468E-01    6.717892E-01 
   728    2.870978E-01    4.595183E-01    4.283325E-01    6.718145E-01 
   729    2.876422E-01    4.595038E-01    4.283113E-01    6.718421E-01 
   730    2.881869E-01    4.594882E-01    4.282950E-01    6.718685E-01 
   731    2.887314E-01    4.594719E-01    4.282709E-01    6.718982E-01 
   732    2.892761E-01    4.594549E-01    4.282529E-01    6.719285E-01 
   733    2.898207E-01    4.594374E-01    4.282275E-01    6.719625E-01 
   734    2.903654E-01    4.594197E-01    4.282079E-01    6.720017E-01 
   735    2.909102E-01    4.594018E-01    4.281828E-01    6.720448E-01 
   736    2.914549E-01    4.593839E-01    4.281621E-01    6.720950E-01 
   737    2.919998E-01    4.593661E-01    4.281382E-01    6.721487E-01 
   738    2.925446E-01    4.593483E-01    4.281162E-01    6.722059E-01 
   739    2.930894E-01    4.593304E-01    4.280938E-01    6.722651E-01 
   740    2.936342E-01    4.593124E-01    4.280702E-01    6.723217E-01 
   741    2.941791E-01    4.592943E-01    4.280490E-01    6.723750E-01 
   742    2.947238E-01    4.592760E-01    4.280234E-01    6.724229E-01 
   743    2.952688E-01    4.592574E-01    4.280027E-01    6.724612E-01 
   744    2.958135E-01    4.592387E-01    4.279757E-01    6.724960E-01 
   745    2.963586E-01    4.592200E-01    4.279554E-01    6.725188E-01 
   746    2.969034E-01    4.592017E-01    4.279286E-01    6.725382E-01 
   747    2.974485E-01    4.591840E-01    4.279094E-01    6.725486E-01 
   748    2.979935E-01    4.591673E-01    4.278853E-01    6.725537E-01 
   749    2.985385E-01    4.591521E-01    4.278686E-01    6.725595E-01 
   750    2.990836E-01    4.591387E-01    4.278496E-01    6.725644E-01 
   751    2.996287E-01    4.591272E-01    4.278368E-01    6.725777E-01 
   752    3.001738E-01    4.591178E-01    4.278243E-01    6.725982E-01 
   753    3.007189E-01    4.591104E-01    4.278154E-01    6.726275E-01 
   754    3.012642E-01    4.591047E-01    4.278094E-01    6.726713E-01 
   755    3.018094E-01    4.591004E-01    4.278032E-01    6.727169E-01 
   756    3.023546E-01    4.590971E-01    4.278017E-01    6.727571E-01 
   757    3.028996E-01    4.590942E-01    4.277958E-01    6.727906E-01 
   758    3.034447E-01    4.590910E-01    4.277956E-01    6.728138E-01 
   759    3.039896E-01    4.590872E-01    4.277880E-01    6.728319E-01 
   760    3.045347E-01    4.590825E-01    4.277861E-01    6.728399E-01 
   761    3.050796E-01    4.590767E-01    4.277758E-01    6.728413E-01 
   762    3.056247E-01    4.590698E-01    4.277707E-01    6.728355E-01 
   763    3.061698E-01    4.590619E-01    4.277584E-01    6.728226E-01 
   764    3.067149E-01    4.590534E-01    4.277505E-01    6.728033E-01 
   765    3.072601E-01    4.590446E-01    4.277383E-01    6.727766E-01 
   766    3.078053E-01    4.590362E-01    4.277294E-01    6.727443E-01 
   767    3.083506E-01    4.590286E-01    4.277202E-01    6.727074E-01 
   768    3.088958E-01    4.590223E-01    4.277127E-01    6.726674E-01 
   769    3.094411E-01    4.590177E-01    4.277091E-01    6.726261E-01 
   770    3.099862E-01    4.590151E-01    4.277049E-01    6.725848E-01 
   771    3.105316E-01    4.590145E-01    4.277079E-01    6.725457E-01 
   772    3.110766E-01    4.590161E-01    4.277082E-01    6.725161E-01 
   773    3.116220E-01    4.590196E-01    4.277173E-01    6.724971E-01 
   774    3.121671E-01    4.590249E-01    4.277220E-01    6.724953E-01 
   775    3.127124E-01    4.590318E-01    4.277356E-01    6.725063E-01 
   776    3.132575E-01    4.590397E-01    4.277437E-01    6.725288E-01 
   777    3.138027E-01    4.590482E-01    4.277589E-01    6.725576E-01 
   778    3.143479E-01    4.590569E-01    4.277687E-01    6.725881E-01 
   779    3.148930E-01    4.590652E-01    4.277824E-01    6.726172E-01 
   780    3.154381E-01    4.590724E-01    4.277913E-01    6.726424E-01 
   781    3.159832E-01    4.590780E-01    4.278001E-01    6.726637E-01 
   782    3.165283E-01    4.590813E-01    4.278051E-01    6.726800E-01 
   783    3.170733E-01    4.590818E-01    4.278055E-01    6.726912E-01 
   784    3.176184E-01    4.590787E-01    4.278033E-01    6.726968E-01 
   785    3.181634E-01    4.590717E-01    4.277921E-01    6.726963E-01 
   786    3.187085E-01    4.590603E-01    4.277797E-01    6.726883E-01 
   787    3.192534E-01    4.590442E-01    4.277552E-01    6.726705E-01 
   788    3.197986E-01    4.590235E-01    4.277309E-01    6.726401E-01 
   789    3.203436E-01    4.589985E-01    4.276937E-01    6.725947E-01 
   790    3.208888E-01    4.589697E-01    4.276584E-01    6.725305E-01 
   791    3.214339E-01    4.589381E-01    4.276122E-01    6.724478E-01 
   792    3.219791E-01    4.589050E-01    4.275701E-01    6.723452E-01 
   793    3.225244E-01    4.588720E-01    4.275222E-01    6.722235E-01 
   794    3.230697E-01    4.588408E-01    4.274810E-01    6.720852E-01 
   795    3.236152E-01    4.588135E-01    4.274410E-01    6.719299E-01 
   796    3.241607E-01    4.587919E-01    4.274106E-01    6.717651E-01 
   797    3.247064E-01    4.587780E-01    4.273892E-01    6.716020E-01 
   798    3.252521E-01    4.587731E-01    4.273789E-01    6.714621E-01 
   799    3.257980E-01    4.587785E-01    4.273839E-01    6.713747E-01 
   800    3.263437E-01    4.587944E-01    4.273993E-01    6.713610E-01 
   801    3.268896E-01    4.588206E-01    4.274330E-01    6.714343E-01 
   802    3.274352E-01    4.588559E-01    4.274731E-01    6.715900E-01 
   803    3.279810E-01    4.588983E-01    4.275295E-01    6.718029E-01 
   804    3.285263E-01    4.589447E-01    4.275849E-01    6.720578E-01 
   805    3.290717E-01    4.589916E-01    4.276485E-01    6.723250E-01 
   806    3.296168E-01    4.590344E-01    4.277012E-01    6.725922E-01 
   807    3.301618E-01    4.590683E-01    4.277490E-01    6.728416E-01 
   808    3.307066E-01    4.590878E-01    4.277740E-01    6.730588E-01 
   809    3.312513E-01    4.590875E-01    4.277781E-01    6.732330E-01 
   810    3.317959E-01    4.590622E-01    4.277474E-01    6.733567E-01 
   811    3.323404E-01    4.590071E-01    4.276800E-01    6.734208E-01 
   812    3.328850E-01    4.589185E-01    4.275691E-01    6.734174E-01 
   813    3.334296E-01    4.587938E-01    4.274096E-01    6.733374E-01 
   814    3.339743E-01    4.586323E-01    4.272049E-01    6.731679E-01 
   815    3.345190E-01    4.584353E-01    4.269490E-01    6.728871E-01 
   816    3.350642E-01    4.582064E-01    4.266565E-01    6.724705E-01 
   817    3.356095E-01    4.579522E-01    4.263239E-01    6.718967E-01 
   818    3.361555E-01    4.576816E-01    4.259761E-01    6.711578E-01 
   819    3.367018E-01    4.574064E-01    4.256148E-01    6.702615E-01 
   820    3.372489E-01    4.571402E-01    4.252715E-01    6.692150E-01 
   821    3.377966E-01    4.568984E-01    4.249536E-01    6.680422E-01 
   822    3.383450E-01    4.566968E-01    4.246931E-01    6.667588E-01 
   823    3.388943E-01    4.565505E-01    4.245003E-01    6.654394E-01 
   824    3.394442E-01    4.564726E-01    4.243999E-01    6.642383E-01 
   825    3.399948E-01    4.564729E-01    4.243995E-01    6.633955E-01 
   826    3.405457E-01    4.565560E-01    4.245075E-01    6.631044E-01 
   827    3.410967E-01    4.567203E-01    4.247225E-01    6.635128E-01 
   828    3.416473E-01    4.569562E-01    4.250284E-01    6.645890E-01 
   829    3.421971E-01    4.572466E-01    4.254092E-01    6.661942E-01 
   830    3.427457E-01    4.575656E-01    4.258222E-01    6.681428E-01 
   831    3.432932E-01    4.578798E-01    4.262350E-01    6.702688E-01 
   832    3.438391E-01    4.581481E-01    4.265812E-01    6.723990E-01 
   833    3.443840E-01    4.583236E-01    4.268129E-01    6.744305E-01 
   834    3.449274E-01    4.583538E-01    4.268472E-01    6.762116E-01 
   835    3.454699E-01    4.581823E-01    4.266233E-01    6.776527E-01 
   836    3.460115E-01    4.577500E-01    4.260506E-01    6.786866E-01 
   837    3.465528E-01    4.569962E-01    4.250591E-01    6.792714E-01 
   838    3.470939E-01    4.558599E-01    4.235596E-01    6.792899E-01 
   839    3.476355E-01    4.542821E-01    4.214807E-01    6.785819E-01 
   840    3.481779E-01    4.522072E-01    4.187448E-01    6.771053E-01 
   841    3.487220E-01    4.495815E-01    4.152833E-01    6.746062E-01 
   842    3.492684E-01    4.463565E-01    4.110378E-01    6.706413E-01 
   843    3.498182E-01    4.424912E-01    4.059528E-01    6.650196E-01 
   844    3.503727E-01    4.379470E-01    3.999911E-01    6.575164E-01 
   845    3.509332E-01    4.326957E-01    3.931177E-01    6.477604E-01 
   846    3.515013E-01    4.267167E-01    3.853287E-01    6.356188E-01 
   847    3.520787E-01    4.200014E-01    3.766155E-01    6.206532E-01 
   848    3.526673E-01    4.125462E-01    3.670096E-01    6.025765E-01 
   849    3.532691E-01    4.043706E-01    3.565443E-01    5.817277E-01 
   850    3.538863E-01    3.955023E-01    3.452955E-01    5.577966E-01 
   851    3.545207E-01    3.860050E-01    3.333652E-01    5.302175E-01 
   852    3.551748E-01    3.759528E-01    3.208813E-01    4.989229E-01 
   853    3.558507E-01    3.654505E-01    3.079982E-01    4.646141E-01 
   854    3.565505E-01    3.546262E-01    2.949057E-01    4.277500E-01 
   855    3.572756E-01    3.436500E-01    2.818272E-01    3.881886E-01 
   856    3.580275E-01    3.327067E-01    2.689941E-01    3.463992E-01 
   857    3.588072E-01    3.219921E-01    2.566370E-01    3.037659E-01 
   858    3.596150E-01    3.117096E-01    2.449797E-01    2.614064E-01 
   859    3.604505E-01    3.020534E-01    2.342187E-01    2.203072E-01 
   860    3.613123E-01    2.931892E-01    2.245034E-01    1.815260E-01 
   861    3.621990E-01    2.852409E-01    2.159315E-01    1.464209E-01 
   862    3.631078E-01    2.782861E-01    2.085401E-01    1.157100E-01 
   863    3.640361E-01    2.723460E-01    2.023087E-01    8.977066E-02 
   864    3.649808E-01    2.673886E-01    1.971658E-01    6.844117E-02 
   865    3.659388E-01    2.633420E-01    1.930056E-01    5.137633E-02 
   866    3.669075E-01    2.601055E-01    1.897025E-01    3.811200E-02 
   867    3.678846E-01    2.575661E-01    1.871246E-01    2.796593E-02 
   868    3.688680E-01    2.556066E-01    1.851429E-01    2.031144E-02 
   869    3.698563E-01    2.541164E-01    1.836398E-01    1.462766E-02 
   870    3.708481E-01    2.529981E-01    1.825138E-01    1.046096E-02 
   871    3.718425E-01    2.521684E-01    1.816793E-01    7.437563E-03 
   872    3.728388E-01    2.515588E-01    1.810665E-01    5.261941E-03 
   873    3.738365E-01    2.511146E-01    1.806201E-01    3.706907E-03 
   874    3.748351E-01    2.507934E-01    1.802973E-01    2.601582E-03 
   875    3.758345E-01    2.505626E-01    1.800654E-01    1.819596E-03 
   876    3.768343E-01    2.503976E-01    1.798996E-01    1.268599E-03 
   877    3.778345E-01    2.502803E-01    1.797817E-01    8.816114E-04 
   878    3.788349E-01    2.501972E-01    1.796982E-01    6.105092E-04 
   879    3.798355E-01    2.501386E-01    1.796393E-01    4.210390E-04 
   880    3.808363E-01    2.500974E-01    1.795979E-01    2.889285E-04 
   881    3.818371E-01    2.500685E-01    1.795688E-01    1.970392E-04 
   882    3.828379E-01    2.500482E-01    1.795485E-01    1.333055E-04 
   883    3.838388E-01    2.500341E-01    1.795343E-01    8.913453E-05 
   884    3.848398E-01    2.500242E-01    1.795244E-01    5.842969E-05 
   885    3.858407E-01    2.500174E-01    1.795175E-01    3.708018E-05 
   886    3.868417E-01    2.500126E-01    1.795127E-01    2.226169E-05 
   887    3.878427E-01    2.500093E-01    1.795094E-01    1.203532E-05 
   888    3.888437E-01    2.500070E-01    1.795071E-01    5.131364E-06 
   889    3.898446E-01    2.500055E-01    1.795055E-01    4.384275E-07 
   890    3.908456E-01    2.500044E-01    1.795044E-01   -2.859815E-06 
   891    3.918466E-01    2.500036E-01    1.795036E-01   -5.111905E-06 
   892    3.928476E-01    2.500031E-01    1.795031E-01   -6.574571E-06 
   893    3.938486E-01    2.500027E-01    1.795027E-01   -7.488098E-06 
   894    3.948496E-01    2.500024E-01    1.795024E-01   -7.749255E-06 
   895    3.958506E-01    2.500022E-01    1.795022E-01   -7.853692E-06 
   896    3.968515E-01    2.500020E-01    1.795020E-01   -8.192076E-06 
   897    3.978525E-01    2.500019E-01    1.795019E-01   -8.570024E-06 
   898    3.988535E-01    2.500018E-01    1.795018E-01   -8.826629E-06 
   899    3.998546E-01    2.500017E-01    1.795017E-01   -8.771491E-06 
   900    4.008556E-01    2.500017E-01    1.795017E-01   -7.657084E-06 
   901    4.018565E-01    2.500016E-01    1.795016E-01   -7.256432E-06 
   902    4.028575E-01    2.500016E-01    1.795016E-01   -7.622305E-06 
   903    4.038585E-01    2.500016E-01    1.795016E-01   -8.119324E-06 
   904    4.048595E-01    2.500016E-01    1.795016E-01   -8.376890E-06 
   905    4.058605E-01    2.500016E-01    1.795016E-01   -8.382407E-06 
   906    4.068615E-01    2.500016E-01    1.795016E-01   -7.498736E-06 
   907    4.078625E-01    2.500015E-01    1.795015E-01   -7.035497E-06 
   908    4.088635E-01    2.500015E-01    1.795015E-01   -7.577992E-06 
   909    4.098645E-01    2.500015E-01    1.795015E-01   -8.283661E-06 
   910    4.108655E-01    2.500014E-01    1.795014E-01   -8.518622E-06 
   911    4.118665E-01    2.500014E-01    1.795014E-01   -8.070361E-06 
   912    4.128675E-01    2.500014E-01    1.795014E-01   -6.590977E-06 
   913    4.138685E-01    2.500013E-01    1.795013E-01   -5.614200E-06 
   914    4.148694E-01    2.500013E-01    1.795013E-01   -6.483777E-06 
   915    4.158704E-01    2.500013E-01    1.795013E-01   -7.765579E-06 
   916    4.168715E-01    2.500013E-01    1.795013E-01   -8.379372E-06 
   917    4.178725E-01    2.500013E-01    1.795013E-01   -7.932265E-06 
   918    4.188735E-01    2.500012E-01    1.795012E-01   -5.864132E-06 
   919    4.198744E-01    2.500012E-01    1.795012E-01   -4.369468E-06 
   920    4.208753E-01    2.500011E-01    1.795011E-01   -5.942887E-06 
   921    4.218763E-01    2.500011E-01    1.795011E-01   -8.284585E-06 
   922    4.228774E-01    2.500011E-01    1.795011E-01   -9.146779E-06 
   923    4.238785E-01    2.500012E-01    1.795012E-01   -8.005273E-06 
   924    4.248796E-01    2.500011E-01    1.795011E-01   -4.833042E-06 
   925    4.258804E-01    2.500010E-01    1.795010E-01   -2.730531E-06 
   926    4.268813E-01    2.500009E-01    1.795009E-01   -5.516781E-06 
   927    4.278822E-01    2.500009E-01    1.795009E-01   -9.015602E-06 
   928    4.288834E-01    2.500010E-01    1.795010E-01   -1.008292E-05 
   929    4.298846E-01    2.500010E-01    1.795010E-01   -8.619114E-06 
   930    4.308857E-01    2.500010E-01    1.795010E-01   -3.723159E-06 
   931    4.318864E-01    2.500008E-01    1.795008E-01    5.064552E-07 
   932    4.328871E-01    2.500006E-01    1.795006E-01   -4.318409E-06 
   933    4.338881E-01    2.500006E-01    1.795006E-01   -1.068903E-05 
   934    4.348893E-01    2.500007E-01    1.795007E-01   -1.317050E-05 
   935    4.358907E-01    2.500008E-01    1.795008E-01   -1.023240E-05 
   936    4.368920E-01    2.500008E-01    1.795008E-01    9.541489E-07 
   937    4.378925E-01    2.500005E-01    1.795005E-01    5.192697E-06 
   938    4.388928E-01    2.500002E-01    1.795002E-01   -5.792589E-06 
   939    4.398937E-01    2.500003E-01    1.795003E-01   -1.566377E-05 
   940    4.408952E-01    2.500006E-01    1.795006E-01   -1.702519E-05 
   941    4.418973E-01    2.500007E-01    1.795007E-01   -6.916280E-06 
   942    4.428985E-01    2.500005E-01    1.795005E-01    6.340833E-06 
   943    4.438982E-01    2.500001E-01    1.795001E-01    6.879437E-06 
   944    4.448981E-01    2.499998E-01    1.794998E-01   -7.595221E-06 
   945    4.458993E-01    2.499999E-01    1.794998E-01   -1.746681E-05 
   946    4.469017E-01    2.500001E-01    1.795001E-01   -2.082125E-05 
   947    4.479039E-01    2.500003E-01    1.795003E-01   -1.308733E-05 
   948    4.489049E-01    2.499999E-01    1.794999E-01    1.749848E-05 
   949    4.499039E-01    2.499991E-01    1.794991E-01    1.728371E-05 
   950    4.509037E-01    2.499984E-01    1.794984E-01   -3.871807E-06 
   951    4.519044E-01    2.499987E-01    1.794987E-01   -3.777839E-05 
   952    4.529070E-01    2.499996E-01    1.794996E-01   -4.139765E-05 
   953    4.539120E-01    2.499997E-01    1.794997E-01    8.884460E-06 
   954    4.549127E-01    2.499987E-01    1.794987E-01    4.605313E-05 
   955    4.559099E-01    2.499973E-01    1.794973E-01    1.969931E-05 
   956    4.569058E-01    2.499973E-01    1.794973E-01   -3.810293E-05 
   957    4.579072E-01    2.499986E-01    1.794986E-01   -6.225102E-05 
   958    4.589172E-01    2.499995E-01    1.794995E-01   -1.747563E-05 
   959    4.599242E-01    2.499989E-01    1.794989E-01    5.302330E-05 
   960    4.609178E-01    2.499977E-01    1.794977E-01    1.895522E-05 
   961    4.619095E-01    2.499970E-01    1.794970E-01    5.988193E-06 
   962    4.629069E-01    2.499973E-01    1.794973E-01   -4.246204E-05 
   963    4.639178E-01    2.499983E-01    1.794983E-01   -5.483886E-05 
   964    4.649338E-01    2.499983E-01    1.794983E-01    6.247002E-06 
   965    4.659234E-01    2.499977E-01    1.794977E-01   -1.929201E-05 
   966    4.669228E-01    2.499958E-01    1.794958E-01    9.073560E-05 
   967    4.679133E-01    2.499929E-01    1.794929E-01    3.787090E-05 
   968    4.689124E-01    2.499929E-01    1.794929E-01   -8.517993E-05 
   969    4.699299E-01    2.499942E-01    1.794942E-01   -1.152249E-04 
   970    4.709248E-01    2.499952E-01    1.794951E-01   -4.145439E-05 
   971    4.719496E-01    2.499926E-01    1.794926E-01    1.496173E-04 
   972    4.729371E-01    2.499874E-01    1.794874E-01    1.500327E-04 
   973    4.739056E-01    2.499846E-01    1.794846E-01   -4.927623E-05 
   974    4.748947E-01    2.499882E-01    1.794883E-01   -3.065317E-04 
   975    4.759279E-01    2.499916E-01    1.794917E-01   -2.086283E-05 
   976    4.769847E-01    2.499886E-01    1.794888E-01    1.565925E-04 
   977    4.779805E-01    2.499819E-01    1.794822E-01    2.175466E-04 
   978    4.789159E-01    2.499758E-01    1.794760E-01    6.269218E-05 
   979    4.798137E-01    2.499821E-01    1.794828E-01   -4.657957E-04 
   980    4.809420E-01    2.499855E-01    1.794858E-01    1.158787E-05 
   981    4.820149E-01    2.499783E-01    1.794792E-01    1.144757E-04 
   982    4.830280E-01    2.499643E-01    1.794657E-01    1.918171E-04 
   983    4.839630E-01    2.499449E-01    1.794457E-01    1.669116E-04 
   984    4.847061E-01    2.499300E-01    1.794310E-01   -4.513567E-04 
   985    4.859676E-01    2.498955E-01    1.793968E-01    7.573277E-06 
   986    4.870216E-01    2.498190E-01    1.793224E-01    4.955056E-05 
   987    4.880450E-01    2.496849E-01    1.791902E-01    9.978393E-05 
   988    4.890191E-01    2.494540E-01    1.789574E-01    1.238309E-04 
   989    4.896810E-01    2.492040E-01    1.786653E-01   -2.328573E-04 
   990    4.909910E-01    2.486714E-01    1.785460E-01    0.000000E+00 
   991    4.919920E-01    2.483507E-01    1.783158E-01    0.000000E+00 
   992    4.929930E-01    2.477120E-01    1.778572E-01    0.000000E+00 
   993    4.939940E-01    2.460116E-01    1.766363E-01    0.000000E+00 
   994    4.949950E-01    2.421094E-01    1.738346E-01    0.000000E+00 
   995    4.959960E-01    2.341953E-01    1.681522E-01    0.000000E+00 
   996    4.969970E-01    2.204028E-01    1.582492E-01    0.000000E+00 
   997    4.979980E-01    1.999288E-01    1.435489E-01    0.000000E+00 
   998    4.989990E-01    1.731554E-01    1.243256E-01    0.000000E+00 
   999    5.000000E-01    1.416667E-01    1.017167E-01    0.000000E+00 
