     0   -5.000000E-01    5.666667E-01    5.666667E-01    0.000000E+00 
     1   -4.989990E-01    6.926283E-01    6.926283E-01    0.000000E+00 
     2   -4.979980E-01    7.997475E-01    7.997475E-01    0.000000E+00 
     3   -4.969970E-01    8.816761E-01    8.816761E-01    0.000000E+00 
     4   -4.959960E-01    9.368772E-01    9.368772E-01    0.000000E+00 
     5   -4.949950E-01    9.685596E-01    9.685596E-01    0.000000E+00 
     6   -4.939940E-01    9.841755E-01    9.841755E-01    0.000000E+00 
     7   -4.929930E-01    9.909448E-01    9.909448E-01    0.000000E+00 
     8   -4.919920E-01    9.934565E-01    9.934565E-01    0.000000E+00 
     9   -4.909910E-01    9.947019E-01    9.947019E-01    0.000000E+00 
    10   -4.896984E-01    9.967723E-01    9.953014E-01    2.614205E-04 
    11   -4.890100E-01    9.978113E-01    9.969660E-01   -1.348421E-04 
    12   -4.880378E-01    9.987299E-01    9.982586E-01   -1.089269E-04 
    13   -4.870177E-01    9.992645E-01    9.989944E-01   -5.906190E-05 
    14   -4.859668E-01    9.995691E-01    9.994073E-01   -1.272205E-05 
    15   -4.847385E-01    9.997007E-01    9.995888E-01    4.817058E-04 
    16   -4.839519E-01    9.997574E-01    9.996661E-01   -1.575016E-04 
    17   -4.830144E-01    9.998424E-01    9.997872E-01   -2.031743E-04 
    18   -4.820063E-01    9.999042E-01    9.998714E-01   -1.284467E-04 
    19   -4.809416E-01    9.999360E-01    9.999124E-01   -3.785159E-06 
    20   -4.798446E-01    9.999176E-01    9.998883E-01    4.435875E-04 
    21   -4.789132E-01    9.998875E-01    9.998440E-01   -2.814072E-05 
    22   -4.779661E-01    9.999144E-01    9.998821E-01   -2.069262E-04 
    23   -4.769736E-01    9.999474E-01    9.999279E-01   -1.625891E-04 
    24   -4.759301E-01    9.999627E-01    9.999482E-01    3.641004E-05 
    25   -4.749126E-01    9.999503E-01    9.999311E-01    2.404509E-04 
    26   -4.739102E-01    9.999366E-01    9.999117E-01    7.569171E-05 
    27   -4.729286E-01    9.999457E-01    9.999244E-01   -1.123884E-04 
    28   -4.719401E-01    9.999687E-01    9.999566E-01   -1.300158E-04 
    29   -4.709276E-01    9.999813E-01    9.999739E-01    3.604535E-05 
    30   -4.699350E-01    9.999814E-01    9.999742E-01    5.695336E-05 
    31   -4.689179E-01    9.999780E-01    9.999693E-01    7.768738E-05 
    32   -4.679128E-01    9.999744E-01    9.999643E-01    7.904784E-06 
    33   -4.669183E-01    9.999816E-01    9.999743E-01   -4.909370E-05 
    34   -4.659240E-01    9.999889E-01    9.999846E-01   -3.874477E-06 
    35   -4.649319E-01    9.999934E-01    9.999908E-01   -3.594743E-05 
    36   -4.639208E-01    9.999949E-01    9.999928E-01    4.141546E-05 
    37   -4.629105E-01    9.999893E-01    9.999851E-01    5.888212E-05 
    38   -4.619104E-01    9.999843E-01    9.999781E-01    2.319739E-05 
    39   -4.609164E-01    9.999858E-01    9.999801E-01   -2.328931E-05 
    40   -4.599207E-01    9.999927E-01    9.999899E-01   -5.175261E-05 
    41   -4.589177E-01    9.999975E-01    9.999966E-01    3.666493E-06 
    42   -4.579109E-01    9.999952E-01    9.999932E-01    5.306656E-05 
    43   -4.569085E-01    9.999896E-01    9.999855E-01    4.129194E-05 
    44   -4.559093E-01    9.999886E-01    9.999841E-01   -3.974901E-06 
    45   -4.549105E-01    9.999932E-01    9.999906E-01   -2.820692E-05 
    46   -4.539112E-01    9.999981E-01    9.999973E-01   -1.391823E-05 
    47   -4.529088E-01    9.999993E-01    9.999990E-01    2.330144E-05 
    48   -4.519065E-01    9.999977E-01    9.999967E-01    2.775971E-05 
    49   -4.509045E-01    9.999961E-01    9.999945E-01    1.618627E-05 
    50   -4.499036E-01    9.999966E-01    9.999952E-01    2.345793E-06 
    51   -4.489041E-01    9.999991E-01    9.999987E-01   -1.128621E-05 
    52   -4.479041E-01    1.000001E+00    1.000002E+00   -4.272709E-07 
    53   -4.469026E-01    1.000002E+00    1.000003E+00    1.259107E-05 
    54   -4.459005E-01    1.000001E+00    1.000002E+00    1.876791E-05 
    55   -4.448990E-01    9.999998E-01    9.999997E-01    1.531453E-05 
    56   -4.438983E-01    9.999997E-01    9.999996E-01    3.833641E-06 
    57   -4.428981E-01    1.000001E+00    1.000002E+00   -5.097376E-06 
    58   -4.418975E-01    1.000003E+00    1.000004E+00    1.856172E-06 
    59   -4.408961E-01    1.000003E+00    1.000004E+00    1.279139E-05 
    60   -4.398946E-01    1.000002E+00    1.000003E+00    1.500391E-05 
    61   -4.388934E-01    1.000002E+00    1.000002E+00    1.152079E-05 
    62   -4.378926E-01    1.000002E+00    1.000002E+00    3.856919E-06 
    63   -4.368919E-01    1.000003E+00    1.000004E+00    3.196601E-07 
    64   -4.358911E-01    1.000004E+00    1.000005E+00    6.119510E-06 
    65   -4.348900E-01    1.000004E+00    1.000005E+00    1.065436E-05 
    66   -4.338888E-01    1.000003E+00    1.000005E+00    1.155999E-05 
    67   -4.328876E-01    1.000003E+00    1.000004E+00    9.862138E-06 
    68   -4.318867E-01    1.000003E+00    1.000005E+00    6.052295E-06 
    69   -4.308859E-01    1.000004E+00    1.000005E+00    3.982022E-06 
    70   -4.298850E-01    1.000004E+00    1.000006E+00    6.565329E-06 
    71   -4.288839E-01    1.000004E+00    1.000006E+00    9.528650E-06 
    72   -4.278828E-01    1.000004E+00    1.000006E+00    1.036991E-05 
    73   -4.268818E-01    1.000004E+00    1.000006E+00    9.350370E-06 
    74   -4.258808E-01    1.000004E+00    1.000006E+00    7.078279E-06 
    75   -4.248799E-01    1.000004E+00    1.000006E+00    5.737472E-06 
    76   -4.238789E-01    1.000005E+00    1.000007E+00    7.293272E-06 
    77   -4.228779E-01    1.000005E+00    1.000007E+00    9.151210E-06 
    78   -4.218769E-01    1.000005E+00    1.000007E+00    9.575876E-06 
    79   -4.208758E-01    1.000005E+00    1.000007E+00    9.020483E-06 
    80   -4.198748E-01    1.000005E+00    1.000007E+00    7.836381E-06 
    81   -4.188739E-01    1.000005E+00    1.000007E+00    6.991092E-06 
    82   -4.178729E-01    1.000005E+00    1.000007E+00    7.802659E-06 
    83   -4.168719E-01    1.000005E+00    1.000007E+00    8.930021E-06 
    84   -4.158709E-01    1.000005E+00    1.000007E+00    9.251765E-06 
    85   -4.148699E-01    1.000005E+00    1.000007E+00    8.982588E-06 
    86   -4.138689E-01    1.000005E+00    1.000007E+00    8.324037E-06 
    87   -4.128679E-01    1.000005E+00    1.000007E+00    7.768138E-06 
    88   -4.118669E-01    1.000005E+00    1.000008E+00    8.195382E-06 
    89   -4.108659E-01    1.000006E+00    1.000008E+00    9.026110E-06 
    90   -4.098649E-01    1.000006E+00    1.000008E+00    9.265972E-06 
    91   -4.088639E-01    1.000006E+00    1.000008E+00    9.147866E-06 
    92   -4.078629E-01    1.000006E+00    1.000008E+00    8.787805E-06 
    93   -4.068619E-01    1.000006E+00    1.000008E+00    8.451205E-06 
    94   -4.058610E-01    1.000006E+00    1.000008E+00    8.650411E-06 
    95   -4.048600E-01    1.000006E+00    1.000008E+00    9.225712E-06 
    96   -4.038590E-01    1.000006E+00    1.000008E+00    9.336939E-06 
    97   -4.028579E-01    1.000006E+00    1.000008E+00    9.260643E-06 
    98   -4.018569E-01    1.000006E+00    1.000008E+00    9.067548E-06 
    99   -4.008560E-01    1.000006E+00    1.000008E+00    8.866108E-06 
   100   -3.998550E-01    1.000006E+00    1.000009E+00    9.003940E-06 
   101   -3.988540E-01    1.000006E+00    1.000009E+00    9.600860E-06 
   102   -3.978530E-01    1.000006E+00    1.000009E+00    9.706992E-06 
   103   -3.968520E-01    1.000006E+00    1.000009E+00    9.679739E-06 
   104   -3.958510E-01    1.000006E+00    1.000009E+00    9.568606E-06 
   105   -3.948500E-01    1.000006E+00    1.000009E+00    9.483814E-06 
   106   -3.938490E-01    1.000007E+00    1.000009E+00    9.566293E-06 
   107   -3.928480E-01    1.000007E+00    1.000009E+00    9.909759E-06 
   108   -3.918470E-01    1.000007E+00    1.000009E+00    9.916457E-06 
   109   -3.908460E-01    1.000007E+00    1.000009E+00    9.879143E-06 
   110   -3.898450E-01    1.000007E+00    1.000009E+00    9.789792E-06 
   111   -3.888440E-01    1.000007E+00    1.000009E+00    9.729411E-06 
   112   -3.878430E-01    1.000007E+00    1.000010E+00    9.849384E-06 
   113   -3.868420E-01    1.000007E+00    1.000010E+00    1.030302E-05 
   114   -3.858411E-01    1.000007E+00    1.000010E+00    1.030301E-05 
   115   -3.848401E-01    1.000007E+00    1.000010E+00    1.020116E-05 
   116   -3.838391E-01    1.000007E+00    1.000010E+00    1.010407E-05 
   117   -3.828381E-01    1.000007E+00    1.000010E+00    1.014384E-05 
   118   -3.818371E-01    1.000007E+00    1.000010E+00    1.050167E-05 
   119   -3.808361E-01    1.000008E+00    1.000011E+00    1.085533E-05 
   120   -3.798351E-01    1.000008E+00    1.000011E+00    1.094487E-05 
   121   -3.788341E-01    1.000008E+00    1.000011E+00    1.094577E-05 
   122   -3.778331E-01    1.000008E+00    1.000011E+00    1.093843E-05 
   123   -3.768321E-01    1.000008E+00    1.000011E+00    1.097249E-05 
   124   -3.758311E-01    1.000008E+00    1.000011E+00    1.108952E-05 
   125   -3.748301E-01    1.000008E+00    1.000011E+00    1.116621E-05 
   126   -3.738291E-01    1.000008E+00    1.000012E+00    1.110035E-05 
   127   -3.728281E-01    1.000008E+00    1.000012E+00    1.100116E-05 
   128   -3.718271E-01    1.000008E+00    1.000012E+00    1.089979E-05 
   129   -3.708261E-01    1.000009E+00    1.000012E+00    1.081680E-05 
   130   -3.698252E-01    1.000009E+00    1.000012E+00    1.088771E-05 
   131   -3.688242E-01    1.000009E+00    1.000012E+00    1.103033E-05 
   132   -3.678232E-01    1.000009E+00    1.000013E+00    1.096571E-05 
   133   -3.668222E-01    1.000009E+00    1.000013E+00    1.087239E-05 
   134   -3.658212E-01    1.000009E+00    1.000013E+00    1.085782E-05 
   135   -3.648202E-01    1.000010E+00    1.000014E+00    1.090941E-05 
   136   -3.638192E-01    1.000010E+00    1.000014E+00    1.096445E-05 
   137   -3.628182E-01    1.000010E+00    1.000014E+00    1.094629E-05 
   138   -3.618172E-01    1.000010E+00    1.000015E+00    1.083710E-05 
   139   -3.608162E-01    1.000011E+00    1.000015E+00    1.068386E-05 
   140   -3.598152E-01    1.000011E+00    1.000015E+00    1.048296E-05 
   141   -3.588143E-01    1.000011E+00    1.000016E+00    1.023689E-05 
   142   -3.578133E-01    1.000011E+00    1.000016E+00    9.952319E-06 
   143   -3.568123E-01    1.000012E+00    1.000016E+00    9.634617E-06 
   144   -3.558113E-01    1.000012E+00    1.000017E+00    9.260203E-06 
   145   -3.548103E-01    1.000012E+00    1.000017E+00    8.851155E-06 
   146   -3.538093E-01    1.000013E+00    1.000018E+00    8.430522E-06 
   147   -3.528083E-01    1.000013E+00    1.000019E+00    8.012177E-06 
   148   -3.518073E-01    1.000014E+00    1.000020E+00    7.604932E-06 
   149   -3.508064E-01    1.000015E+00    1.000020E+00    7.190254E-06 
   150   -3.498054E-01    1.000015E+00    1.000021E+00    6.733013E-06 
   151   -3.488044E-01    1.000016E+00    1.000022E+00    6.230123E-06 
   152   -3.478034E-01    1.000016E+00    1.000023E+00    5.675942E-06 
   153   -3.468024E-01    1.000017E+00    1.000024E+00    5.069539E-06 
   154   -3.458014E-01    1.000018E+00    1.000025E+00    4.419303E-06 
   155   -3.448004E-01    1.000019E+00    1.000026E+00    3.714684E-06 
   156   -3.437995E-01    1.000020E+00    1.000028E+00    2.932124E-06 
   157   -3.427985E-01    1.000021E+00    1.000029E+00    2.071277E-06 
   158   -3.417975E-01    1.000022E+00    1.000030E+00    1.142703E-06 
   159   -3.407965E-01    1.000023E+00    1.000032E+00    1.478872E-07 
   160   -3.397955E-01    1.000024E+00    1.000033E+00   -9.087771E-07 
   161   -3.387946E-01    1.000025E+00    1.000035E+00   -2.026854E-06 
   162   -3.377936E-01    1.000026E+00    1.000037E+00   -3.218857E-06 
   163   -3.367926E-01    1.000028E+00    1.000039E+00   -4.492741E-06 
   164   -3.357916E-01    1.000029E+00    1.000041E+00   -5.843392E-06 
   165   -3.347907E-01    1.000030E+00    1.000043E+00   -7.265226E-06 
   166   -3.337897E-01    1.000032E+00    1.000045E+00   -8.760007E-06 
   167   -3.327887E-01    1.000033E+00    1.000047E+00   -1.033096E-05 
   168   -3.317878E-01    1.000035E+00    1.000049E+00   -1.198000E-05 
   169   -3.307868E-01    1.000037E+00    1.000052E+00   -1.370935E-05 
   170   -3.297858E-01    1.000039E+00    1.000054E+00   -1.551690E-05 
   171   -3.287849E-01    1.000040E+00    1.000057E+00   -1.739464E-05 
   172   -3.277839E-01    1.000042E+00    1.000059E+00   -1.932738E-05 
   173   -3.267830E-01    1.000044E+00    1.000062E+00   -2.130324E-05 
   174   -3.257820E-01    1.000046E+00    1.000065E+00   -2.330777E-05 
   175   -3.247810E-01    1.000048E+00    1.000068E+00   -2.533491E-05 
   176   -3.237801E-01    1.000050E+00    1.000070E+00   -2.736808E-05 
   177   -3.227791E-01    1.000052E+00    1.000073E+00   -2.939875E-05 
   178   -3.217782E-01    1.000055E+00    1.000076E+00   -3.140877E-05 
   179   -3.207773E-01    1.000057E+00    1.000079E+00   -3.338352E-05 
   180   -3.197763E-01    1.000059E+00    1.000082E+00   -3.528835E-05 
   181   -3.187754E-01    1.000061E+00    1.000085E+00   -3.710501E-05 
   182   -3.177744E-01    1.000063E+00    1.000088E+00   -3.880670E-05 
   183   -3.167735E-01    1.000065E+00    1.000091E+00   -4.037626E-05 
   184   -3.157726E-01    1.000066E+00    1.000093E+00   -4.178587E-05 
   185   -3.147716E-01    1.000068E+00    1.000095E+00   -4.302304E-05 
   186   -3.137707E-01    1.000070E+00    1.000097E+00   -4.405602E-05 
   187   -3.127698E-01    1.000071E+00    1.000099E+00   -4.485972E-05 
   188   -3.117688E-01    1.000072E+00    1.000101E+00   -4.541218E-05 
   189   -3.107679E-01    1.000073E+00    1.000102E+00   -4.572745E-05 
   190   -3.097670E-01    1.000073E+00    1.000102E+00   -4.582250E-05 
   191   -3.087661E-01    1.000073E+00    1.000102E+00   -4.570430E-05 
   192   -3.077651E-01    1.000072E+00    1.000101E+00   -4.527884E-05 
   193   -3.067642E-01    1.000071E+00    1.000100E+00   -4.440047E-05 
   194   -3.057633E-01    1.000069E+00    1.000097E+00   -4.289142E-05 
   195   -3.047623E-01    1.000067E+00    1.000093E+00   -4.063146E-05 
   196   -3.037614E-01    1.000063E+00    1.000088E+00   -3.758121E-05 
   197   -3.027605E-01    1.000058E+00    1.000082E+00   -3.366018E-05 
   198   -3.017595E-01    1.000052E+00    1.000073E+00   -2.874330E-05 
   199   -3.007586E-01    1.000045E+00    1.000063E+00   -2.267577E-05 
   200   -2.997576E-01    1.000036E+00    1.000050E+00   -1.511969E-05 
   201   -2.987567E-01    1.000024E+00    1.000034E+00   -5.549024E-06 
   202   -2.977557E-01    1.000010E+00    1.000015E+00    6.540849E-06 
   203   -2.967547E-01    9.999931E-01    9.999903E-01    2.153109E-05 
   204   -2.957537E-01    9.999715E-01    9.999601E-01    3.962603E-05 
   205   -2.947527E-01    9.999448E-01    9.999227E-01    6.126177E-05 
   206   -2.937517E-01    9.999119E-01    9.998767E-01    8.745477E-05 
   207   -2.927506E-01    9.998717E-01    9.998204E-01    1.201898E-04 
   208   -2.917495E-01    9.998226E-01    9.997516E-01    1.624205E-04 
   209   -2.907483E-01    9.997627E-01    9.996678E-01    2.179746E-04 
   210   -2.897471E-01    9.996897E-01    9.995655E-01    2.899075E-04 
   211   -2.887458E-01    9.996004E-01    9.994405E-01    3.796855E-04 
   212   -2.877444E-01    9.994914E-01    9.992880E-01    4.880783E-04 
   213   -2.867430E-01    9.993591E-01    9.991028E-01    6.162760E-04 
   214   -2.857414E-01    9.991999E-01    9.988800E-01    7.672800E-04 
   215   -2.847396E-01    9.990103E-01    9.986145E-01    9.482085E-04 
   216   -2.837377E-01    9.987866E-01    9.983015E-01    1.169386E-03 
   217   -2.827354E-01    9.985249E-01    9.979352E-01    1.438924E-03 
   218   -2.817330E-01    9.982209E-01    9.975097E-01    1.761619E-03 
   219   -2.807302E-01    9.978696E-01    9.970181E-01    2.143722E-03 
   220   -2.797272E-01    9.974653E-01    9.964526E-01    2.590638E-03 
   221   -2.787237E-01    9.970022E-01    9.958046E-01    3.111999E-03 
   222   -2.777196E-01    9.964740E-01    9.950659E-01    3.712011E-03 
   223   -2.767151E-01    9.958747E-01    9.942279E-01    4.389739E-03 
   224   -2.757100E-01    9.951985E-01    9.932825E-01    5.149727E-03 
   225   -2.747041E-01    9.944404E-01    9.922228E-01    5.997726E-03 
   226   -2.736975E-01    9.935962E-01    9.910432E-01    6.941605E-03 
   227   -2.726900E-01    9.926627E-01    9.897392E-01    7.986379E-03 
   228   -2.716814E-01    9.916380E-01    9.883082E-01    9.135205E-03 
   229   -2.706718E-01    9.905211E-01    9.867493E-01    1.039408E-02 
   230   -2.696610E-01    9.893120E-01    9.850623E-01    1.176973E-02 
   231   -2.686489E-01    9.880111E-01    9.832481E-01    1.326858E-02 
   232   -2.676354E-01    9.866195E-01    9.813084E-01    1.489690E-02 
   233   -2.666205E-01    9.851386E-01    9.792454E-01    1.665995E-02 
   234   -2.656039E-01    9.835700E-01    9.770616E-01    1.856073E-02 
   235   -2.645857E-01    9.819159E-01    9.747602E-01    2.060030E-02 
   236   -2.635657E-01    9.801785E-01    9.723444E-01    2.277791E-02 
   237   -2.625438E-01    9.783602E-01    9.698180E-01    2.509110E-02 
   238   -2.615200E-01    9.764639E-01    9.671852E-01    2.753555E-02 
   239   -2.604941E-01    9.744925E-01    9.644503E-01    3.010467E-02 
   240   -2.594661E-01    9.724496E-01    9.616185E-01    3.279010E-02 
   241   -2.584359E-01    9.703390E-01    9.586954E-01    3.558195E-02 
   242   -2.574034E-01    9.681651E-01    9.556872E-01    3.846911E-02 
   243   -2.563685E-01    9.659325E-01    9.526006E-01    4.143987E-02 
   244   -2.553312E-01    9.636460E-01    9.494427E-01    4.448226E-02 
   245   -2.542913E-01    9.613108E-01    9.462205E-01    4.758474E-02 
   246   -2.532489E-01    9.589320E-01    9.429412E-01    5.073640E-02 
   247   -2.522038E-01    9.565144E-01    9.396120E-01    5.392783E-02 
   248   -2.511560E-01    9.540628E-01    9.362395E-01    5.715068E-02 
   249   -2.501055E-01    9.515819E-01    9.328301E-01    6.039754E-02 
   250   -2.490523E-01    9.490760E-01    9.293899E-01    6.366234E-02 
   251   -2.479962E-01    9.465490E-01    9.259246E-01    6.694015E-02 
   252   -2.469373E-01    9.440049E-01    9.224395E-01    7.022653E-02 
   253   -2.458754E-01    9.414473E-01    9.189398E-01    7.351796E-02 
   254   -2.448107E-01    9.388795E-01    9.154299E-01    7.681078E-02 
   255   -2.437430E-01    9.363047E-01    9.119143E-01    8.010188E-02 
   256   -2.426724E-01    9.337252E-01    9.083963E-01    8.338838E-02 
   257   -2.415988E-01    9.311432E-01    9.048786E-01    8.666820E-02 
   258   -2.405222E-01    9.285597E-01    9.013630E-01    8.994005E-02 
   259   -2.394427E-01    9.259750E-01    8.978495E-01    9.320414E-02 
   260   -2.383600E-01    9.233880E-01    8.943368E-01    9.646194E-02 
   261   -2.372744E-01    9.207966E-01    8.908221E-01    9.971669E-02 
   262   -2.361857E-01    9.181972E-01    8.873004E-01    1.029732E-01 
   263   -2.350940E-01    9.155850E-01    8.837653E-01    1.062380E-01 
   264   -2.339991E-01    9.129537E-01    8.802085E-01    1.095190E-01 
   265   -2.329011E-01    9.102961E-01    8.766201E-01    1.128258E-01 
   266   -2.317999E-01    9.076039E-01    8.729892E-01    1.161697E-01 
   267   -2.306955E-01    9.048681E-01    8.693038E-01    1.195672E-01 
   268   -2.295877E-01    9.020796E-01    8.655518E-01    1.230343E-01 
   269   -2.284765E-01    8.992293E-01    8.617215E-01    1.265863E-01 
   270   -2.273617E-01    8.963091E-01    8.578020E-01    1.302379E-01 
   271   -2.262433E-01    8.933118E-01    8.537844E-01    1.340027E-01 
   272   -2.251211E-01    8.902323E-01    8.496620E-01    1.378920E-01 
   273   -2.239950E-01    8.870673E-01    8.454311E-01    1.419143E-01 
   274   -2.228647E-01    8.838164E-01    8.410916E-01    1.460742E-01 
   275   -2.217303E-01    8.804818E-01    8.366469E-01    1.503722E-01 
   276   -2.205914E-01    8.770683E-01    8.321040E-01    1.548002E-01 
   277   -2.194480E-01    8.735833E-01    8.274732E-01    1.593477E-01 
   278   -2.183000E-01    8.700361E-01    8.227674E-01    1.640015E-01 
   279   -2.171472E-01    8.664373E-01    8.180011E-01    1.687458E-01 
   280   -2.159895E-01    8.627988E-01    8.131902E-01    1.735639E-01 
   281   -2.148268E-01    8.591323E-01    8.083506E-01    1.784385E-01 
   282   -2.136591E-01    8.554496E-01    8.034980E-01    1.833529E-01 
   283   -2.124863E-01    8.517618E-01    7.986472E-01    1.882911E-01 
   284   -2.113084E-01    8.480793E-01    7.938117E-01    1.932386E-01 
   285   -2.101254E-01    8.444111E-01    7.890034E-01    1.981821E-01 
   286   -2.089371E-01    8.407650E-01    7.842325E-01    2.031103E-01 
   287   -2.077438E-01    8.371477E-01    7.795074E-01    2.080135E-01 
   288   -2.065452E-01    8.335640E-01    7.748345E-01    2.128839E-01 
   289   -2.053416E-01    8.300174E-01    7.702178E-01    2.177159E-01 
   290   -2.041327E-01    8.265097E-01    7.656595E-01    2.225059E-01 
   291   -2.029188E-01    8.230409E-01    7.611593E-01    2.272529E-01 
   292   -2.016998E-01    8.196092E-01    7.567149E-01    2.319582E-01 
   293   -2.004758E-01    8.162112E-01    7.523214E-01    2.366260E-01 
   294   -1.992467E-01    8.128420E-01    7.479723E-01    2.412628E-01 
   295   -1.980125E-01    8.094956E-01    7.436597E-01    2.458768E-01 
   296   -1.967733E-01    8.061653E-01    7.393750E-01    2.504839E-01 
   297   -1.955290E-01    8.028448E-01    7.351098E-01    2.551024E-01 
   298   -1.942795E-01    7.995280E-01    7.308564E-01    2.597417E-01 
   299   -1.930249E-01    7.962101E-01    7.266086E-01    2.644061E-01 
   300   -1.917650E-01    7.928872E-01    7.223615E-01    2.690998E-01 
   301   -1.904999E-01    7.895570E-01    7.181122E-01    2.738247E-01 
   302   -1.892294E-01    7.862185E-01    7.138596E-01    2.785867E-01 
   303   -1.879535E-01    7.828725E-01    7.096046E-01    2.833920E-01 
   304   -1.866721E-01    7.795213E-01    7.053505E-01    2.882362E-01 
   305   -1.853851E-01    7.761694E-01    7.011027E-01    2.931095E-01 
   306   -1.840926E-01    7.728222E-01    6.968684E-01    2.980017E-01 
   307   -1.827944E-01    7.694865E-01    6.926558E-01    3.029006E-01 
   308   -1.814905E-01    7.661694E-01    6.884740E-01    3.077929E-01 
   309   -1.801810E-01    7.628779E-01    6.843318E-01    3.126657E-01 
   310   -1.788658E-01    7.596186E-01    6.802372E-01    3.175071E-01 
   311   -1.775449E-01    7.563975E-01    6.761976E-01    3.223064E-01 
   312   -1.762185E-01    7.532198E-01    6.722191E-01    3.270543E-01 
   313   -1.748864E-01    7.500893E-01    6.683065E-01    3.317434E-01 
   314   -1.735489E-01    7.470093E-01    6.644633E-01    3.363681E-01 
   315   -1.722058E-01    7.439816E-01    6.606916E-01    3.409245E-01 
   316   -1.708573E-01    7.410072E-01    6.569922E-01    3.454101E-01 
   317   -1.695034E-01    7.380858E-01    6.533647E-01    3.498242E-01 
   318   -1.681442E-01    7.352164E-01    6.498072E-01    3.541672E-01 
   319   -1.667797E-01    7.323968E-01    6.463169E-01    3.584408E-01 
   320   -1.654100E-01    7.296241E-01    6.428900E-01    3.626480E-01 
   321   -1.640351E-01    7.268946E-01    6.395215E-01    3.667930E-01 
   322   -1.626552E-01    7.242033E-01    6.362052E-01    3.708820E-01 
   323   -1.612701E-01    7.215444E-01    6.329336E-01    3.749228E-01 
   324   -1.598800E-01    7.189106E-01    6.296974E-01    3.789254E-01 
   325   -1.584848E-01    7.162926E-01    6.264855E-01    3.829014E-01 
   326   -1.570846E-01    7.136791E-01    6.232836E-01    3.868655E-01 
   327   -1.556793E-01    7.110557E-01    6.200744E-01    3.908368E-01 
   328   -1.542688E-01    7.084052E-01    6.168366E-01    3.948390E-01 
   329   -1.528531E-01    7.057072E-01    6.135457E-01    3.989031E-01 
   330   -1.514320E-01    7.029392E-01    6.101744E-01    4.030737E-01 
   331   -1.500053E-01    7.000777E-01    6.066947E-01    4.073981E-01 
   332   -1.485727E-01    6.971000E-01    6.030796E-01    4.119233E-01 
   333   -1.471339E-01    6.939865E-01    5.993061E-01    4.166928E-01 
   334   -1.456886E-01    6.907221E-01    5.953569E-01    4.217423E-01 
   335   -1.442363E-01    6.872986E-01    5.912232E-01    4.270961E-01 
   336   -1.427765E-01    6.837155E-01    5.869056E-01    4.327643E-01 
   337   -1.413088E-01    6.799804E-01    5.824144E-01    4.387337E-01 
   338   -1.398328E-01    6.761082E-01    5.777690E-01    4.449797E-01 
   339   -1.383481E-01    6.721199E-01    5.729954E-01    4.514662E-01 
   340   -1.368543E-01    6.680405E-01    5.681246E-01    4.581503E-01 
   341   -1.353511E-01    6.638976E-01    5.631905E-01    4.649854E-01 
   342   -1.338384E-01    6.597196E-01    5.582270E-01    4.719251E-01 
   343   -1.323160E-01    6.555334E-01    5.532666E-01    4.789220E-01 
   344   -1.307838E-01    6.513638E-01    5.483385E-01    4.859309E-01 
   345   -1.292417E-01    6.472320E-01    5.434678E-01    4.929112E-01 
   346   -1.276897E-01    6.431562E-01    5.386752E-01    4.998301E-01 
   347   -1.261279E-01    6.391503E-01    5.339770E-01    5.066615E-01 
   348   -1.245564E-01    6.352248E-01    5.293844E-01    5.133855E-01 
   349   -1.229753E-01    6.313860E-01    5.249042E-01    5.199880E-01 
   350   -1.213846E-01    6.276362E-01    5.205386E-01    5.264620E-01 
   351   -1.197846E-01    6.239745E-01    5.162855E-01    5.328072E-01 
   352   -1.181753E-01    6.203961E-01    5.121388E-01    5.390289E-01 
   353   -1.165568E-01    6.168925E-01    5.080881E-01    5.451382E-01 
   354   -1.149293E-01    6.134515E-01    5.041186E-01    5.511525E-01 
   355   -1.132928E-01    6.100567E-01    5.002111E-01    5.570951E-01 
   356   -1.116472E-01    6.066893E-01    4.963436E-01    5.629967E-01 
   357   -1.099927E-01    6.033301E-01    4.924940E-01    5.689107E-01 
   358   -1.083289E-01    5.999619E-01    4.886425E-01    5.748896E-01 
   359   -1.066558E-01    5.965708E-01    4.847737E-01    5.809557E-01 
   360   -1.049732E-01    5.931480E-01    4.808775E-01    5.871233E-01 
   361   -1.032807E-01    5.896893E-01    4.769496E-01    5.934012E-01 
   362   -1.015782E-01    5.861964E-01    4.729923E-01    5.998065E-01 
   363   -9.986550E-02    5.826774E-01    4.690151E-01    6.063206E-01 
   364   -9.814226E-02    5.791473E-01    4.650349E-01    6.129075E-01 
   365   -9.640838E-02    5.756256E-01    4.610741E-01    6.195236E-01 
   366   -9.466379E-02    5.721350E-01    4.571580E-01    6.261234E-01 
   367   -9.290849E-02    5.686989E-01    4.533123E-01    6.326580E-01 
   368   -9.114257E-02    5.653395E-01    4.495616E-01    6.390809E-01 
   369   -8.936617E-02    5.620776E-01    4.459283E-01    6.453486E-01 
   370   -8.757953E-02    5.589317E-01    4.424323E-01    6.514225E-01 
   371   -8.578292E-02    5.559188E-01    4.390915E-01    6.572668E-01 
   372   -8.397672E-02    5.530549E-01    4.359226E-01    6.628459E-01 
   373   -8.216132E-02    5.503562E-01    4.329426E-01    6.681244E-01 
   374   -8.033721E-02    5.478414E-01    4.301708E-01    6.730642E-01 
   375   -7.850491E-02    5.455332E-01    4.276311E-01    6.776212E-01 
   376   -7.666509E-02    5.434599E-01    4.253534E-01    6.817432E-01 
   377   -7.481851E-02    5.416565E-01    4.233747E-01    6.853641E-01 
   378   -7.296610E-02    5.401644E-01    4.217391E-01    6.883976E-01 
   379   -7.110894E-02    5.390286E-01    4.204944E-01    6.907341E-01 
   380   -6.924832E-02    5.382835E-01    4.196773E-01    6.922709E-01 
   381   -6.738577E-02    5.379305E-01    4.192882E-01    6.928393E-01 
   382   -6.552308E-02    5.379216E-01    4.192748E-01    6.923335E-01 
   383   -6.366146E-02    5.381702E-01    4.195422E-01    6.914168E-01 
   384   -6.180135E-02    5.385824E-01    4.199883E-01    6.903962E-01 
   385   -5.994304E-02    5.390864E-01    4.205348E-01    6.893016E-01 
   386   -5.808665E-02    5.396391E-01    4.211346E-01    6.881602E-01 
   387   -5.623228E-02    5.402177E-01    4.217630E-01    6.869899E-01 
   388   -5.437996E-02    5.408086E-01    4.224051E-01    6.858077E-01 
   389   -5.252972E-02    5.414009E-01    4.230488E-01    6.846328E-01 
   390   -5.068156E-02    5.419846E-01    4.236834E-01    6.834866E-01 
   391   -4.883538E-02    5.425509E-01    4.242990E-01    6.823867E-01 
   392   -4.699113E-02    5.430918E-01    4.248871E-01    6.813478E-01 
   393   -4.514871E-02    5.436011E-01    4.254406E-01    6.803822E-01 
   394   -4.330796E-02    5.440736E-01    4.259539E-01    6.794979E-01 
   395   -4.146879E-02    5.445059E-01    4.264232E-01    6.786995E-01 
   396   -3.963099E-02    5.448962E-01    4.268464E-01    6.779869E-01 
   397   -3.779444E-02    5.452442E-01    4.272233E-01    6.773585E-01 
   398   -3.595900E-02    5.455511E-01    4.275550E-01    6.768105E-01 
   399   -3.412450E-02    5.458189E-01    4.278439E-01    6.763376E-01 
   400   -3.229086E-02    5.460506E-01    4.280930E-01    6.759333E-01 
   401   -3.045790E-02    5.462496E-01    4.283061E-01    6.755897E-01 
   402   -2.862556E-02    5.464195E-01    4.284871E-01    6.752995E-01 
   403   -2.679373E-02    5.465640E-01    4.286403E-01    6.750554E-01 
   404   -2.496232E-02    5.466867E-01    4.287694E-01    6.748500E-01 
   405   -2.313130E-02    5.467909E-01    4.288781E-01    6.746769E-01 
   406   -2.130057E-02    5.468798E-01    4.289699E-01    6.745297E-01 
   407   -1.947012E-02    5.469561E-01    4.290476E-01    6.744043E-01 
   408   -1.763990E-02    5.470221E-01    4.291139E-01    6.742964E-01 
   409   -1.580986E-02    5.470798E-01    4.291711E-01    6.742021E-01 
   410   -1.398002E-02    5.471308E-01    4.292208E-01    6.741192E-01 
   411   -1.215032E-02    5.471766E-01    4.292646E-01    6.740452E-01 
   412   -1.032077E-02    5.472180E-01    4.293034E-01    6.739787E-01 
   413   -8.491363E-03    5.472560E-01    4.293383E-01    6.739182E-01 
   414   -6.662044E-03    5.472911E-01    4.293700E-01    6.738623E-01 
   415   -4.832876E-03    5.473238E-01    4.293989E-01    6.738110E-01 
   416   -3.003782E-03    5.473547E-01    4.294255E-01    6.737631E-01 
   417   -1.174798E-03    5.473838E-01    4.294501E-01    6.737184E-01 
   418    6.540756E-04    5.474115E-01    4.294730E-01    6.736766E-01 
   419    2.482899E-03    5.474380E-01    4.294943E-01    6.736370E-01 
   420    4.311588E-03    5.474633E-01    4.295142E-01    6.736001E-01 
   421    6.140224E-03    5.474877E-01    4.295329E-01    6.735650E-01 
   422    7.968787E-03    5.475111E-01    4.295504E-01    6.735319E-01 
   423    9.797238E-03    5.475338E-01    4.295668E-01    6.735008E-01 
   424    1.162565E-02    5.475557E-01    4.295822E-01    6.734710E-01 
   425    1.345397E-02    5.475770E-01    4.295966E-01    6.734430E-01 
   426    1.528223E-02    5.475976E-01    4.296102E-01    6.734164E-01 
   427    1.711042E-02    5.476177E-01    4.296229E-01    6.733913E-01 
   428    1.893853E-02    5.476373E-01    4.296348E-01    6.733674E-01 
   429    2.076660E-02    5.476564E-01    4.296459E-01    6.733448E-01 
   430    2.259459E-02    5.476751E-01    4.296564E-01    6.733236E-01 
   431    2.442251E-02    5.476934E-01    4.296661E-01    6.733034E-01 
   432    2.625040E-02    5.477113E-01    4.296752E-01    6.732842E-01 
   433    2.807821E-02    5.477290E-01    4.296836E-01    6.732662E-01 
   434    2.990595E-02    5.477464E-01    4.296914E-01    6.732493E-01 
   435    3.173366E-02    5.477635E-01    4.296987E-01    6.732331E-01 
   436    3.356130E-02    5.477804E-01    4.297054E-01    6.732178E-01 
   437    3.538887E-02    5.477972E-01    4.297116E-01    6.732037E-01 
   438    3.721641E-02    5.478138E-01    4.297173E-01    6.731901E-01 
   439    3.904387E-02    5.478304E-01    4.297225E-01    6.731771E-01 
   440    4.087130E-02    5.478470E-01    4.297273E-01    6.731651E-01 
   441    4.269866E-02    5.478635E-01    4.297318E-01    6.731538E-01 
   442    4.452594E-02    5.478800E-01    4.297358E-01    6.731429E-01 
   443    4.635323E-02    5.478967E-01    4.297394E-01    6.731323E-01 
   444    4.818040E-02    5.479135E-01    4.297425E-01    6.731229E-01 
   445    5.000752E-02    5.479303E-01    4.297454E-01    6.731138E-01 
   446    5.183465E-02    5.479474E-01    4.297483E-01    6.731045E-01 
   447    5.366165E-02    5.479648E-01    4.297509E-01    6.730963E-01 
   448    5.548860E-02    5.479825E-01    4.297527E-01    6.730888E-01 
   449    5.731554E-02    5.480003E-01    4.297539E-01    6.730809E-01 
   450    5.914235E-02    5.480186E-01    4.297555E-01    6.730734E-01 
   451    6.096917E-02    5.480373E-01    4.297577E-01    6.730671E-01 
   452    6.279588E-02    5.480563E-01    4.297591E-01    6.730608E-01 
   453    6.462249E-02    5.480760E-01    4.297593E-01    6.730540E-01 
   454    6.644918E-02    5.480964E-01    4.297590E-01    6.730479E-01 
   455    6.827565E-02    5.481170E-01    4.297594E-01    6.730432E-01 
   456    7.010202E-02    5.481380E-01    4.297606E-01    6.730377E-01 
   457    7.192854E-02    5.481601E-01    4.297617E-01    6.730314E-01 
   458    7.375482E-02    5.481832E-01    4.297613E-01    6.730273E-01 
   459    7.558094E-02    5.482069E-01    4.297592E-01    6.730236E-01 
   460    7.740719E-02    5.482314E-01    4.297577E-01    6.730178E-01 
   461    7.923327E-02    5.482570E-01    4.297582E-01    6.730128E-01 
   462    8.105917E-02    5.482834E-01    4.297591E-01    6.730101E-01 
   463    8.288507E-02    5.483108E-01    4.297582E-01    6.730065E-01 
   464    8.471092E-02    5.483400E-01    4.297562E-01    6.730009E-01 
   465    8.653661E-02    5.483712E-01    4.297542E-01    6.729966E-01 
   466    8.836214E-02    5.484033E-01    4.297515E-01    6.729952E-01 
   467    9.018764E-02    5.484359E-01    4.297490E-01    6.729931E-01 
   468    9.201307E-02    5.484705E-01    4.297495E-01    6.729858E-01 
   469    9.383819E-02    5.485083E-01    4.297519E-01    6.729800E-01 
   470    9.566345E-02    5.485481E-01    4.297493E-01    6.729874E-01 
   471    9.748851E-02    5.485889E-01    4.297395E-01    6.729821E-01 
   472    9.931292E-02    5.486336E-01    4.297322E-01    6.729651E-01 
   473    1.011380E-01    5.486804E-01    4.297333E-01    6.729699E-01 
   474    1.029630E-01    5.487269E-01    4.297385E-01    6.729945E-01 
   475    1.047860E-01    5.487792E-01    4.297399E-01    6.729496E-01 
   476    1.066106E-01    5.488413E-01    4.297299E-01    6.729409E-01 
   477    1.084373E-01    5.489031E-01    4.297070E-01    6.730160E-01 
   478    1.102571E-01    5.489633E-01    4.296989E-01    6.729433E-01 
   479    1.120797E-01    5.490370E-01    4.297199E-01    6.728954E-01 
   480    1.139116E-01    5.491151E-01    4.297263E-01    6.730385E-01 
   481    1.157267E-01    5.491908E-01    4.296964E-01    6.729618E-01 
   482    1.175436E-01    5.492897E-01    4.296849E-01    6.728241E-01 
   483    1.193858E-01    5.494004E-01    4.296874E-01    6.730604E-01 
   484    1.211965E-01    5.495005E-01    4.296695E-01    6.730094E-01 
   485    1.229980E-01    5.496242E-01    4.296697E-01    6.727156E-01 
   486    1.248593E-01    5.498045E-01    4.297390E-01    6.730972E-01 
   487    1.266702E-01    5.500141E-01    4.298132E-01    6.730694E-01 
   488    1.284359E-01    5.502925E-01    4.298402E-01    6.725792E-01 
   489    1.303337E-01    5.507676E-01    4.298618E-01    6.731666E-01 
   490    1.321471E-01    5.512111E-01    4.295900E-01    6.730906E-01 
   491    1.338434E-01    5.514761E-01    4.288903E-01    6.724747E-01 
   492    1.358070E-01    5.514255E-01    4.278762E-01    6.732482E-01 
   493    1.376076E-01    5.499768E-01    4.257632E-01    6.729886E-01 
   494    1.392308E-01    5.469822E-01    4.234522E-01    6.725438E-01 
   495    1.413011E-01    5.402561E-01    4.222790E-01    6.732677E-01 
   496    1.430655E-01    5.322703E-01    4.257575E-01    6.726022E-01 
   497    1.448385E-01    5.224789E-01    4.309155E-01    6.730873E-01 
   498    1.470146E-01    5.101988E-01    4.360028E-01    6.729371E-01 
   499    1.496504E-01    4.940179E-01    4.474167E-01    6.757788E-01 
   500    1.478362E-01    5.050590E-01    3.516305E-01    6.711588E-01 
   501    1.495432E-01    4.946997E-01    3.744340E-01    6.625950E-01 
   502    1.511626E-01    4.841517E-01    3.949763E-01    6.718451E-01 
   503    1.519404E-01    4.791241E-01    4.158046E-01    6.731600E-01 
   504    1.521306E-01    4.779667E-01    4.334046E-01    6.729256E-01 
   505    1.524945E-01    4.758656E-01    4.428772E-01    6.717108E-01 
   506    1.535512E-01    4.703763E-01    4.435473E-01    6.727150E-01 
   507    1.542927E-01    4.669668E-01    4.423191E-01    6.744165E-01 
   508    1.544999E-01    4.661039E-01    4.414294E-01    6.742315E-01 
   509    1.546099E-01    4.656666E-01    4.403789E-01    6.735158E-01 
   510    1.550202E-01    4.641889E-01    4.384650E-01    6.715116E-01 
   511    1.558117E-01    4.618217E-01    4.358130E-01    6.724936E-01 
   512    1.564775E-01    4.602698E-01    4.339616E-01    6.725291E-01 
   513    1.571291E-01    4.591134E-01    4.325188E-01    6.726149E-01 
   514    1.576499E-01    4.584268E-01    4.315030E-01    6.722035E-01 
   515    1.583860E-01    4.577252E-01    4.304675E-01    6.734773E-01 
   516    1.588917E-01    4.573847E-01    4.297990E-01    6.737402E-01 
   517    1.593025E-01    4.571738E-01    4.293281E-01    6.738067E-01 
   518    1.597161E-01    4.570309E-01    4.289578E-01    6.730762E-01 
   519    1.602318E-01    4.569323E-01    4.286615E-01    6.725397E-01 
   520    1.607871E-01    4.568925E-01    4.284449E-01    6.725318E-01 
   521    1.613715E-01    4.569036E-01    4.283118E-01    6.725188E-01 
   522    1.620252E-01    4.569551E-01    4.282360E-01    6.725150E-01 
   523    1.626540E-01    4.570170E-01    4.281823E-01    6.728396E-01 
   524    1.632008E-01    4.570758E-01    4.281259E-01    6.733861E-01 
   525    1.636958E-01    4.571245E-01    4.280648E-01    6.734682E-01 
   526    1.641903E-01    4.571819E-01    4.280138E-01    6.730207E-01 
   527    1.647305E-01    4.572585E-01    4.279865E-01    6.729267E-01 
   528    1.652576E-01    4.573334E-01    4.279543E-01    6.729096E-01 
   529    1.657794E-01    4.574120E-01    4.279336E-01    6.727197E-01 
   530    1.663350E-01    4.574984E-01    4.279305E-01    6.726143E-01 
   531    1.669325E-01    4.575887E-01    4.279430E-01    6.728328E-01 
   532    1.675187E-01    4.576668E-01    4.279522E-01    6.731760E-01 
   533    1.680604E-01    4.577281E-01    4.279498E-01    6.731774E-01 
   534    1.685797E-01    4.577885E-01    4.279519E-01    6.729817E-01 
   535    1.691177E-01    4.578551E-01    4.279620E-01    6.727915E-01 
   536    1.696769E-01    4.579232E-01    4.279725E-01    6.728670E-01 
   537    1.702154E-01    4.579834E-01    4.279741E-01    6.729105E-01 
   538    1.707458E-01    4.580400E-01    4.279709E-01    6.728550E-01 
   539    1.712881E-01    4.580964E-01    4.279713E-01    6.728600E-01 
   540    1.718391E-01    4.581493E-01    4.279689E-01    6.730076E-01 
   541    1.723898E-01    4.581962E-01    4.279676E-01    6.730883E-01 
   542    1.729394E-01    4.582401E-01    4.279640E-01    6.730052E-01 
   543    1.734895E-01    4.582856E-01    4.279721E-01    6.728515E-01 
   544    1.740418E-01    4.583329E-01    4.279803E-01    6.727918E-01 
   545    1.745951E-01    4.583779E-01    4.279929E-01    6.728524E-01 
   546    1.751415E-01    4.584186E-01    4.279948E-01    6.729016E-01 
   547    1.756806E-01    4.584562E-01    4.279996E-01    6.729249E-01 
   548    1.762167E-01    4.584911E-01    4.279950E-01    6.729595E-01 
   549    1.767525E-01    4.585234E-01    4.279943E-01    6.729699E-01 
   550    1.772924E-01    4.585549E-01    4.279888E-01    6.729428E-01 
   551    1.778410E-01    4.585870E-01    4.279907E-01    6.728994E-01 
   552    1.783967E-01    4.586192E-01    4.279921E-01    6.728695E-01 
   553    1.789523E-01    4.586502E-01    4.279971E-01    6.728707E-01 
   554    1.795032E-01    4.586790E-01    4.280003E-01    6.728924E-01 
   555    1.800502E-01    4.587057E-01    4.280023E-01    6.729204E-01 
   556    1.805932E-01    4.587301E-01    4.280040E-01    6.729343E-01 
   557    1.811325E-01    4.587529E-01    4.280014E-01    6.729245E-01 
   558    1.816700E-01    4.587753E-01    4.280030E-01    6.728935E-01 
   559    1.822094E-01    4.587980E-01    4.279999E-01    6.728649E-01 
   560    1.827542E-01    4.588206E-01    4.280041E-01    6.728583E-01 
   561    1.833042E-01    4.588423E-01    4.280011E-01    6.728837E-01 
   562    1.838558E-01    4.588623E-01    4.280044E-01    6.729156E-01 
   563    1.844050E-01    4.588804E-01    4.279998E-01    6.729274E-01 
   564    1.849523E-01    4.588974E-01    4.280019E-01    6.729240E-01 
   565    1.854978E-01    4.589137E-01    4.279981E-01    6.729119E-01 
   566    1.860418E-01    4.589298E-01    4.280002E-01    6.728898E-01 
   567    1.865840E-01    4.589460E-01    4.279988E-01    6.728652E-01 
   568    1.871260E-01    4.589623E-01    4.280010E-01    6.728476E-01 
   569    1.876689E-01    4.589782E-01    4.280016E-01    6.728495E-01 
   570    1.882138E-01    4.589931E-01    4.280017E-01    6.728742E-01 
   571    1.887603E-01    4.590068E-01    4.280023E-01    6.728993E-01 
   572    1.893070E-01    4.590193E-01    4.279990E-01    6.729098E-01 
   573    1.898540E-01    4.590309E-01    4.280000E-01    6.729064E-01 
   574    1.904006E-01    4.590422E-01    4.279957E-01    6.728959E-01 
   575    1.909468E-01    4.590533E-01    4.279985E-01    6.728836E-01 
   576    1.914919E-01    4.590644E-01    4.279949E-01    6.728717E-01 
   577    1.920365E-01    4.590755E-01    4.279989E-01    6.728601E-01 
   578    1.925799E-01    4.590863E-01    4.279959E-01    6.728545E-01 
   579    1.931235E-01    4.590966E-01    4.279992E-01    6.728568E-01 
   580    1.936674E-01    4.591064E-01    4.279963E-01    6.728652E-01 
   581    1.942122E-01    4.591154E-01    4.279978E-01    6.728730E-01 
   582    1.947577E-01    4.591239E-01    4.279953E-01    6.728769E-01 
   583    1.953039E-01    4.591319E-01    4.279951E-01    6.728774E-01 
   584    1.958502E-01    4.591394E-01    4.279940E-01    6.728765E-01 
   585    1.963961E-01    4.591465E-01    4.279922E-01    6.728740E-01 
   586    1.969417E-01    4.591533E-01    4.279929E-01    6.728694E-01 
   587    1.974863E-01    4.591600E-01    4.279899E-01    6.728629E-01 
   588    1.980308E-01    4.591667E-01    4.279923E-01    6.728547E-01 
   589    1.985747E-01    4.591733E-01    4.279889E-01    6.728479E-01 
   590    1.991189E-01    4.591798E-01    4.279924E-01    6.728455E-01 
   591    1.996634E-01    4.591860E-01    4.279885E-01    6.728485E-01 
   592    2.002086E-01    4.591917E-01    4.279914E-01    6.728544E-01 
   593    2.007540E-01    4.591969E-01    4.279872E-01    6.728598E-01 
   594    2.012996E-01    4.592016E-01    4.279888E-01    6.728617E-01 
   595    2.018451E-01    4.592059E-01    4.279852E-01    6.728611E-01 
   596    2.023904E-01    4.592100E-01    4.279855E-01    6.728572E-01 
   597    2.029355E-01    4.592141E-01    4.279835E-01    6.728515E-01 
   598    2.034802E-01    4.592181E-01    4.279829E-01    6.728456E-01 
   599    2.040249E-01    4.592222E-01    4.279831E-01    6.728400E-01 
   600    2.045693E-01    4.592262E-01    4.279814E-01    6.728361E-01 
   601    2.051139E-01    4.592301E-01    4.279833E-01    6.728355E-01 
   602    2.056586E-01    4.592337E-01    4.279801E-01    6.728378E-01 
   603    2.062037E-01    4.592369E-01    4.279825E-01    6.728408E-01 
   604    2.067487E-01    4.592398E-01    4.279780E-01    6.728427E-01 
   605    2.072940E-01    4.592424E-01    4.279804E-01    6.728422E-01 
   606    2.078391E-01    4.592448E-01    4.279757E-01    6.728406E-01 
   607    2.083843E-01    4.592470E-01    4.279776E-01    6.728376E-01 
   608    2.089292E-01    4.592492E-01    4.279738E-01    6.728342E-01 
   609    2.094740E-01    4.592513E-01    4.279750E-01    6.728306E-01 
   610    2.100188E-01    4.592535E-01    4.279727E-01    6.728270E-01 
   611    2.105634E-01    4.592556E-01    4.279729E-01    6.728246E-01 
   612    2.111082E-01    4.592576E-01    4.279722E-01    6.728233E-01 
   613    2.116530E-01    4.592594E-01    4.279709E-01    6.728231E-01 
   614    2.121980E-01    4.592610E-01    4.279716E-01    6.728233E-01 
   615    2.127429E-01    4.592623E-01    4.279685E-01    6.728234E-01 
   616    2.132880E-01    4.592635E-01    4.279701E-01    6.728228E-01 
   617    2.138329E-01    4.592646E-01    4.279658E-01    6.728217E-01 
   618    2.143780E-01    4.592655E-01    4.279681E-01    6.728194E-01 
   619    2.149229E-01    4.592663E-01    4.279635E-01    6.728169E-01 
   620    2.154677E-01    4.592672E-01    4.279658E-01    6.728139E-01 
   621    2.160125E-01    4.592680E-01    4.279618E-01    6.728111E-01 
   622    2.165573E-01    4.592688E-01    4.279636E-01    6.728089E-01 
   623    2.171021E-01    4.592695E-01    4.279606E-01    6.728072E-01 
   624    2.176469E-01    4.592701E-01    4.279613E-01    6.728061E-01 
   625    2.181919E-01    4.592706E-01    4.279595E-01    6.728053E-01 
   626    2.187368E-01    4.592709E-01    4.279587E-01    6.728044E-01 
   627    2.192818E-01    4.592711E-01    4.279584E-01    6.728033E-01 
   628    2.198267E-01    4.592713E-01    4.279559E-01    6.728017E-01 
   629    2.203717E-01    4.592713E-01    4.279571E-01    6.727996E-01 
   630    2.209165E-01    4.592713E-01    4.279533E-01    6.727975E-01 
   631    2.214614E-01    4.592713E-01    4.279555E-01    6.727948E-01 
   632    2.220062E-01    4.592712E-01    4.279511E-01    6.727926E-01 
   633    2.225511E-01    4.592712E-01    4.279536E-01    6.727903E-01 
   634    2.230959E-01    4.592710E-01    4.279494E-01    6.727883E-01 
   635    2.236408E-01    4.592709E-01    4.279515E-01    6.727867E-01 
   636    2.241857E-01    4.592706E-01    4.279479E-01    6.727850E-01 
   637    2.247306E-01    4.592703E-01    4.279490E-01    6.727835E-01 
   638    2.252755E-01    4.592699E-01    4.279466E-01    6.727817E-01 
   639    2.258204E-01    4.592694E-01    4.279465E-01    6.727797E-01 
   640    2.263653E-01    4.592690E-01    4.279456E-01    6.727777E-01 
   641    2.269102E-01    4.592684E-01    4.279439E-01    6.727753E-01 
   642    2.274551E-01    4.592679E-01    4.279446E-01    6.727728E-01 
   643    2.279999E-01    4.592673E-01    4.279416E-01    6.727705E-01 
   644    2.285449E-01    4.592668E-01    4.279435E-01    6.727678E-01 
   645    2.290896E-01    4.592662E-01    4.279396E-01    6.727657E-01 
   646    2.296346E-01    4.592656E-01    4.279421E-01    6.727633E-01 
   647    2.301795E-01    4.592649E-01    4.279379E-01    6.727611E-01 
   648    2.307244E-01    4.592643E-01    4.279404E-01    6.727589E-01 
   649    2.312693E-01    4.592636E-01    4.279366E-01    6.727563E-01 
   650    2.318142E-01    4.592628E-01    4.279384E-01    6.727540E-01 
   651    2.323591E-01    4.592621E-01    4.279356E-01    6.727512E-01 
   652    2.329040E-01    4.592614E-01    4.279363E-01    6.727483E-01 
   653    2.334489E-01    4.592606E-01    4.279350E-01    6.727455E-01 
   654    2.339938E-01    4.592599E-01    4.279344E-01    6.727424E-01 
   655    2.345387E-01    4.592592E-01    4.279347E-01    6.727394E-01 
   656    2.350835E-01    4.592585E-01    4.279327E-01    6.727365E-01 
   657    2.356285E-01    4.592578E-01    4.279345E-01    6.727331E-01 
   658    2.361733E-01    4.592571E-01    4.279312E-01    6.727302E-01 
   659    2.367183E-01    4.592564E-01    4.279340E-01    6.727266E-01 
   660    2.372632E-01    4.592557E-01    4.279302E-01    6.727233E-01 
   661    2.378081E-01    4.592550E-01    4.279333E-01    6.727198E-01 
   662    2.383530E-01    4.592544E-01    4.279297E-01    6.727159E-01 
   663    2.388979E-01    4.592537E-01    4.279325E-01    6.727122E-01 
   664    2.394428E-01    4.592531E-01    4.279297E-01    6.727079E-01 
   665    2.399877E-01    4.592526E-01    4.279317E-01    6.727037E-01 
   666    2.405326E-01    4.592521E-01    4.279303E-01    6.726994E-01 
   667    2.410775E-01    4.592516E-01    4.279311E-01    6.726948E-01 
   668    2.416225E-01    4.592512E-01    4.279313E-01    6.726903E-01 
   669    2.421673E-01    4.592508E-01    4.279308E-01    6.726855E-01 
   670    2.427123E-01    4.592505E-01    4.279327E-01    6.726803E-01 
   671    2.432571E-01    4.592502E-01    4.279309E-01    6.726753E-01 
   672    2.438022E-01    4.592499E-01    4.279342E-01    6.726695E-01 
   673    2.443470E-01    4.592498E-01    4.279316E-01    6.726640E-01 
   674    2.448919E-01    4.592497E-01    4.279356E-01    6.726579E-01 
   675    2.454368E-01    4.592497E-01    4.279329E-01    6.726517E-01 
   676    2.459817E-01    4.592497E-01    4.279371E-01    6.726453E-01 
   677    2.465267E-01    4.592499E-01    4.279351E-01    6.726384E-01 
   678    2.470716E-01    4.592501E-01    4.279387E-01    6.726316E-01 
   679    2.476165E-01    4.592504E-01    4.279379E-01    6.726242E-01 
   680    2.481614E-01    4.592508E-01    4.279407E-01    6.726166E-01 
   681    2.487063E-01    4.592513E-01    4.279416E-01    6.726088E-01 
   682    2.492512E-01    4.592519E-01    4.279433E-01    6.726004E-01 
   683    2.497962E-01    4.592527E-01    4.279459E-01    6.725919E-01 
   684    2.503410E-01    4.592535E-01    4.279464E-01    6.725831E-01 
   685    2.508860E-01    4.592544E-01    4.279508E-01    6.725735E-01 
   686    2.514308E-01    4.592555E-01    4.279503E-01    6.725641E-01 
   687    2.519758E-01    4.592567E-01    4.279559E-01    6.725537E-01 
   688    2.525206E-01    4.592580E-01    4.279552E-01    6.725434E-01 
   689    2.530656E-01    4.592595E-01    4.279614E-01    6.725326E-01 
   690    2.536105E-01    4.592611E-01    4.279610E-01    6.725212E-01 
   691    2.541554E-01    4.592628E-01    4.279672E-01    6.725096E-01 
   692    2.547003E-01    4.592647E-01    4.279679E-01    6.724973E-01 
   693    2.552451E-01    4.592667E-01    4.279735E-01    6.724848E-01 
   694    2.557901E-01    4.592689E-01    4.279758E-01    6.724718E-01 
   695    2.563349E-01    4.592713E-01    4.279806E-01    6.724583E-01 
   696    2.568798E-01    4.592738E-01    4.279848E-01    6.724445E-01 
   697    2.574247E-01    4.592765E-01    4.279886E-01    6.724301E-01 
   698    2.579696E-01    4.592793E-01    4.279947E-01    6.724152E-01 
   699    2.585144E-01    4.592823E-01    4.279975E-01    6.724002E-01 
   700    2.590594E-01    4.592855E-01    4.280052E-01    6.723842E-01 
   701    2.596042E-01    4.592889E-01    4.280074E-01    6.723683E-01 
   702    2.601491E-01    4.592923E-01    4.280162E-01    6.723513E-01 
   703    2.606939E-01    4.592960E-01    4.280184E-01    6.723342E-01 
   704    2.612388E-01    4.592998E-01    4.280275E-01    6.723166E-01 
   705    2.617836E-01    4.593038E-01    4.280305E-01    6.722982E-01 
   706    2.623285E-01    4.593079E-01    4.280394E-01    6.722795E-01 
   707    2.628733E-01    4.593122E-01    4.280437E-01    6.722601E-01 
   708    2.634182E-01    4.593167E-01    4.280520E-01    6.722403E-01 
   709    2.639630E-01    4.593213E-01    4.280580E-01    6.722201E-01 
   710    2.645078E-01    4.593261E-01    4.280653E-01    6.721992E-01 
   711    2.650527E-01    4.593311E-01    4.280733E-01    6.721780E-01 
   712    2.655974E-01    4.593362E-01    4.280796E-01    6.721565E-01 
   713    2.661423E-01    4.593416E-01    4.280895E-01    6.721343E-01 
   714    2.666870E-01    4.593470E-01    4.280949E-01    6.721123E-01 
   715    2.672319E-01    4.593526E-01    4.281061E-01    6.720894E-01 
   716    2.677766E-01    4.593584E-01    4.281111E-01    6.720669E-01 
   717    2.683215E-01    4.593643E-01    4.281231E-01    6.720437E-01 
   718    2.688662E-01    4.593704E-01    4.281284E-01    6.720204E-01 
   719    2.694110E-01    4.593766E-01    4.281404E-01    6.719971E-01 
   720    2.699557E-01    4.593828E-01    4.281465E-01    6.719734E-01 
   721    2.705005E-01    4.593892E-01    4.281579E-01    6.719499E-01 
   722    2.710452E-01    4.593956E-01    4.281653E-01    6.719260E-01 
   723    2.715900E-01    4.594021E-01    4.281756E-01    6.719021E-01 
   724    2.721347E-01    4.594085E-01    4.281845E-01    6.718783E-01 
   725    2.726794E-01    4.594150E-01    4.281934E-01    6.718542E-01 
   726    2.732242E-01    4.594214E-01    4.282037E-01    6.718301E-01 
   727    2.737688E-01    4.594277E-01    4.282109E-01    6.718060E-01 
   728    2.743136E-01    4.594339E-01    4.282223E-01    6.717815E-01 
   729    2.748581E-01    4.594400E-01    4.282280E-01    6.717572E-01 
   730    2.754030E-01    4.594458E-01    4.282397E-01    6.717322E-01 
   731    2.759475E-01    4.594516E-01    4.282444E-01    6.717076E-01 
   732    2.764922E-01    4.594571E-01    4.282557E-01    6.716823E-01 
   733    2.770369E-01    4.594624E-01    4.282601E-01    6.716569E-01 
   734    2.775815E-01    4.594675E-01    4.282703E-01    6.716315E-01 
   735    2.781262E-01    4.594724E-01    4.282750E-01    6.716058E-01 
   736    2.786708E-01    4.594771E-01    4.282837E-01    6.715805E-01 
   737    2.792155E-01    4.594817E-01    4.282891E-01    6.715551E-01 
   738    2.797601E-01    4.594861E-01    4.282962E-01    6.715301E-01 
   739    2.803047E-01    4.594905E-01    4.283027E-01    6.715059E-01 
   740    2.808493E-01    4.594947E-01    4.283080E-01    6.714823E-01 
   741    2.813940E-01    4.594988E-01    4.283158E-01    6.714600E-01 
   742    2.819385E-01    4.595029E-01    4.283195E-01    6.714392E-01 
   743    2.824832E-01    4.595069E-01    4.283283E-01    6.714197E-01 
   744    2.830277E-01    4.595109E-01    4.283309E-01    6.714028E-01 
   745    2.835725E-01    4.595148E-01    4.283401E-01    6.713873E-01 
   746    2.841169E-01    4.595187E-01    4.283422E-01    6.713749E-01 
   747    2.846616E-01    4.595223E-01    4.283510E-01    6.713644E-01 
   748    2.852061E-01    4.595258E-01    4.283530E-01    6.713562E-01 
   749    2.857507E-01    4.595288E-01    4.283601E-01    6.713517E-01 
   750    2.862953E-01    4.595313E-01    4.283619E-01    6.713506E-01 
   751    2.868399E-01    4.595329E-01    4.283661E-01    6.713548E-01 
   752    2.873844E-01    4.595334E-01    4.283666E-01    6.713633E-01 
   753    2.879290E-01    4.595324E-01    4.283660E-01    6.713754E-01 
   754    2.884736E-01    4.595293E-01    4.283635E-01    6.713909E-01 
   755    2.890181E-01    4.595237E-01    4.283555E-01    6.714066E-01 
   756    2.895627E-01    4.595151E-01    4.283470E-01    6.714215E-01 
   757    2.901071E-01    4.595027E-01    4.283289E-01    6.714342E-01 
   758    2.906518E-01    4.594862E-01    4.283112E-01    6.714428E-01 
   759    2.911962E-01    4.594650E-01    4.282809E-01    6.714489E-01 
   760    2.917409E-01    4.594389E-01    4.282511E-01    6.714460E-01 
   761    2.922854E-01    4.594079E-01    4.282079E-01    6.714325E-01 
   762    2.928301E-01    4.593722E-01    4.281652E-01    6.714049E-01 
   763    2.933747E-01    4.593324E-01    4.281113E-01    6.713603E-01 
   764    2.939194E-01    4.592895E-01    4.280585E-01    6.712981E-01 
   765    2.944642E-01    4.592450E-01    4.279996E-01    6.712150E-01 
   766    2.950090E-01    4.592004E-01    4.279436E-01    6.711130E-01 
   767    2.955540E-01    4.591578E-01    4.278887E-01    6.709923E-01 
   768    2.960991E-01    4.591193E-01    4.278392E-01    6.708597E-01 
   769    2.966443E-01    4.590869E-01    4.277993E-01    6.707293E-01 
   770    2.971896E-01    4.590625E-01    4.277667E-01    6.706260E-01 
   771    2.977352E-01    4.590474E-01    4.277508E-01    6.705767E-01 
   772    2.982805E-01    4.590426E-01    4.277428E-01    6.706099E-01 
   773    2.988263E-01    4.590482E-01    4.277546E-01    6.707322E-01 
   774    2.993716E-01    4.590633E-01    4.277720E-01    6.709394E-01 
   775    2.999172E-01    4.590861E-01    4.278064E-01    6.712042E-01 
   776    3.004624E-01    4.591139E-01    4.278405E-01    6.715098E-01 
   777    3.010076E-01    4.591430E-01    4.278825E-01    6.718388E-01 
   778    3.015526E-01    4.591689E-01    4.279147E-01    6.721693E-01 
   779    3.020975E-01    4.591863E-01    4.279404E-01    6.724847E-01 
   780    3.026422E-01    4.591896E-01    4.279442E-01    6.727647E-01 
   781    3.031867E-01    4.591731E-01    4.279242E-01    6.729950E-01 
   782    3.037312E-01    4.591313E-01    4.278701E-01    6.731659E-01 
   783    3.042756E-01    4.590591E-01    4.277757E-01    6.732680E-01 
   784    3.048201E-01    4.589527E-01    4.276386E-01    6.732937E-01 
   785    3.053646E-01    4.588097E-01    4.274499E-01    6.732342E-01 
   786    3.059092E-01    4.586294E-01    4.272171E-01    6.730765E-01 
   787    3.064539E-01    4.584137E-01    4.269320E-01    6.728063E-01 
   788    3.069992E-01    4.581665E-01    4.266122E-01    6.723976E-01 
   789    3.075445E-01    4.578953E-01    4.262538E-01    6.718300E-01 
   790    3.080907E-01    4.576095E-01    4.258831E-01    6.710903E-01 
   791    3.086371E-01    4.573216E-01    4.255028E-01    6.701874E-01 
   792    3.091844E-01    4.570458E-01    4.251443E-01    6.691299E-01 
   793    3.097323E-01    4.567979E-01    4.248166E-01    6.679392E-01 
   794    3.102810E-01    4.565939E-01    4.245503E-01    6.666425E-01 
   795    3.108306E-01    4.564489E-01    4.243572E-01    6.653326E-01 
   796    3.113807E-01    4.563757E-01    4.242596E-01    6.641694E-01 
   797    3.119316E-01    4.563835E-01    4.242665E-01    6.633914E-01 
   798    3.124826E-01    4.564760E-01    4.243829E-01    6.631926E-01 
   799    3.130337E-01    4.566504E-01    4.246084E-01    6.636825E-01 
   800    3.135842E-01    4.568963E-01    4.249234E-01    6.648248E-01 
   801    3.141341E-01    4.571953E-01    4.253125E-01    6.664799E-01 
   802    3.146826E-01    4.575203E-01    4.257301E-01    6.684367E-01 
   803    3.152301E-01    4.578373E-01    4.261442E-01    6.705681E-01 
   804    3.157759E-01    4.581042E-01    4.264867E-01    6.726729E-01 
   805    3.163207E-01    4.582737E-01    4.267093E-01    6.746649E-01 
   806    3.168641E-01    4.582928E-01    4.267292E-01    6.764104E-01 
   807    3.174066E-01    4.581051E-01    4.264844E-01    6.777991E-01 
   808    3.179482E-01    4.576514E-01    4.258857E-01    6.787819E-01 
   809    3.184896E-01    4.568709E-01    4.248612E-01    6.793107E-01 
   810    3.190308E-01    4.557032E-01    4.233242E-01    6.792680E-01 
   811    3.195725E-01    4.540895E-01    4.212013E-01    6.784812E-01 
   812    3.201151E-01    4.519744E-01    4.184177E-01    6.769317E-01 
   813    3.206593E-01    4.493050E-01    4.149024E-01    6.743188E-01 
   814    3.212061E-01    4.460332E-01    4.106006E-01    6.702099E-01 
   815    3.217562E-01    4.421185E-01    4.054544E-01    6.644417E-01 
   816    3.223113E-01    4.375224E-01    3.994295E-01    6.567652E-01 
   817    3.228723E-01    4.322179E-01    3.924908E-01    6.468187E-01 
   818    3.234412E-01    4.261851E-01    3.846364E-01    6.344736E-01 
   819    3.240193E-01    4.194160E-01    3.758585E-01    6.192658E-01 
   820    3.246090E-01    4.119082E-01    3.661904E-01    6.009591E-01 
   821    3.252119E-01    4.036820E-01    3.556676E-01    5.799008E-01 
   822    3.258305E-01    3.947672E-01    3.443679E-01    5.557164E-01 
   823    3.264663E-01    3.852288E-01    3.323966E-01    5.278490E-01 
   824    3.271221E-01    3.751435E-01    3.198823E-01    4.963033E-01 
   825    3.277997E-01    3.646162E-01    3.069827E-01    4.618056E-01 
   826    3.285014E-01    3.537797E-01    2.938896E-01    4.247601E-01 
   827    3.292286E-01    3.428041E-01    2.808282E-01    3.850180E-01 
   828    3.299825E-01    3.318767E-01    2.680292E-01    3.431289E-01 
   829    3.307644E-01    3.211920E-01    2.557232E-01    3.005063E-01 
   830    3.315742E-01    3.109550E-01    2.441321E-01    2.582250E-01 
   831    3.324117E-01    3.013567E-01    2.334496E-01    2.172841E-01 
   832    3.332755E-01    2.925607E-01    2.238208E-01    1.787463E-01 
   833    3.341639E-01    2.846871E-01    2.153393E-01    1.439688E-01 
   834    3.350743E-01    2.778099E-01    2.080378E-01    1.136151E-01 
   835    3.360039E-01    2.719456E-01    2.018916E-01    8.803846E-02 
   836    3.369496E-01    2.670594E-01    1.968262E-01    6.703918E-02 
   837    3.379085E-01    2.630767E-01    1.927341E-01    5.027442E-02 
   838    3.388779E-01    2.598956E-01    1.894891E-01    3.726451E-02 
   839    3.398555E-01    2.574028E-01    1.869592E-01    2.731828E-02 
   840    3.408394E-01    2.554811E-01    1.850161E-01    1.982279E-02 
   841    3.418279E-01    2.540211E-01    1.835438E-01    1.426190E-02 
   842    3.428199E-01    2.529263E-01    1.824416E-01    1.018804E-02 
   843    3.438145E-01    2.521147E-01    1.816253E-01    7.233709E-03 
   844    3.448110E-01    2.515188E-01    1.810263E-01    5.108890E-03 
   845    3.458088E-01    2.510850E-01    1.805904E-01    3.590976E-03 
   846    3.468075E-01    2.507715E-01    1.802753E-01    2.512659E-03 
   847    3.478069E-01    2.505465E-01    1.800492E-01    1.750327E-03 
   848    3.488068E-01    2.503858E-01    1.798877E-01    1.213697E-03 
   849    3.498070E-01    2.502717E-01    1.797731E-01    8.373754E-04 
   850    3.508074E-01    2.501910E-01    1.796920E-01    5.743856E-04 
   851    3.518080E-01    2.501342E-01    1.796349E-01    3.912173E-04 
   852    3.528088E-01    2.500943E-01    1.795948E-01    2.640715E-04 
   853    3.538096E-01    2.500664E-01    1.795668E-01    1.761415E-04 
   854    3.548105E-01    2.500469E-01    1.795472E-01    1.155770E-04 
   855    3.558114E-01    2.500334E-01    1.795335E-01    7.403416E-05 
   856    3.568123E-01    2.500239E-01    1.795241E-01    4.566085E-05 
   857    3.578132E-01    2.500174E-01    1.795175E-01    2.633949E-05 
   858    3.588142E-01    2.500129E-01    1.795129E-01    1.316168E-05 
   859    3.598152E-01    2.500097E-01    1.795098E-01    4.139148E-06 
   860    3.608161E-01    2.500076E-01    1.795076E-01   -2.034759E-06 
   861    3.618171E-01    2.500061E-01    1.795061E-01   -6.261740E-06 
   862    3.628181E-01    2.500051E-01    1.795052E-01   -9.161305E-06 
   863    3.638191E-01    2.500045E-01    1.795045E-01   -1.119894E-05 
   864    3.648201E-01    2.500041E-01    1.795041E-01   -1.268870E-05 
   865    3.658211E-01    2.500039E-01    1.795039E-01   -1.374779E-05 
   866    3.668221E-01    2.500037E-01    1.795037E-01   -1.446135E-05 
   867    3.678230E-01    2.500036E-01    1.795036E-01   -1.492813E-05 
   868    3.688240E-01    2.500035E-01    1.795035E-01   -1.519635E-05 
   869    3.698250E-01    2.500035E-01    1.795035E-01   -1.529613E-05 
   870    3.708260E-01    2.500034E-01    1.795034E-01   -1.526711E-05 
   871    3.718270E-01    2.500034E-01    1.795034E-01   -1.512182E-05 
   872    3.728280E-01    2.500033E-01    1.795033E-01   -1.484913E-05 
   873    3.738290E-01    2.500032E-01    1.795032E-01   -1.448296E-05 
   874    3.748300E-01    2.500031E-01    1.795031E-01   -1.399661E-05 
   875    3.758310E-01    2.500030E-01    1.795030E-01   -1.335302E-05 
   876    3.768319E-01    2.500029E-01    1.795029E-01   -1.274496E-05 
   877    3.778329E-01    2.500028E-01    1.795028E-01   -1.237807E-05 
   878    3.788339E-01    2.500027E-01    1.795027E-01   -1.223923E-05 
   879    3.798349E-01    2.500027E-01    1.795027E-01   -1.225871E-05 
   880    3.808359E-01    2.500026E-01    1.795026E-01   -1.221910E-05 
   881    3.818369E-01    2.500026E-01    1.795026E-01   -1.193090E-05 
   882    3.828379E-01    2.500026E-01    1.795026E-01   -1.182684E-05 
   883    3.838389E-01    2.500027E-01    1.795027E-01   -1.202194E-05 
   884    3.848398E-01    2.500027E-01    1.795027E-01   -1.226022E-05 
   885    3.858408E-01    2.500027E-01    1.795027E-01   -1.246505E-05 
   886    3.868418E-01    2.500027E-01    1.795027E-01   -1.259873E-05 
   887    3.878428E-01    2.500027E-01    1.795027E-01   -1.258822E-05 
   888    3.888438E-01    2.500027E-01    1.795027E-01   -1.248394E-05 
   889    3.898448E-01    2.500027E-01    1.795027E-01   -1.246534E-05 
   890    3.908458E-01    2.500026E-01    1.795026E-01   -1.247721E-05 
   891    3.918468E-01    2.500026E-01    1.795026E-01   -1.242273E-05 
   892    3.928478E-01    2.500025E-01    1.795026E-01   -1.219583E-05 
   893    3.938488E-01    2.500025E-01    1.795025E-01   -1.155712E-05 
   894    3.948498E-01    2.500024E-01    1.795024E-01   -1.063744E-05 
   895    3.958507E-01    2.500024E-01    1.795024E-01   -1.045646E-05 
   896    3.968517E-01    2.500023E-01    1.795023E-01   -1.067001E-05 
   897    3.978527E-01    2.500022E-01    1.795022E-01   -1.097114E-05 
   898    3.988537E-01    2.500022E-01    1.795022E-01   -1.116957E-05 
   899    3.998547E-01    2.500022E-01    1.795022E-01   -1.054810E-05 
   900    4.008557E-01    2.500022E-01    1.795022E-01   -9.736354E-06 
   901    4.018567E-01    2.500022E-01    1.795022E-01   -9.900595E-06 
   902    4.028577E-01    2.500021E-01    1.795022E-01   -1.033543E-05 
   903    4.038587E-01    2.500022E-01    1.795022E-01   -1.067726E-05 
   904    4.048597E-01    2.500022E-01    1.795022E-01   -1.085807E-05 
   905    4.058607E-01    2.500022E-01    1.795022E-01   -1.057079E-05 
   906    4.068617E-01    2.500021E-01    1.795021E-01   -9.701699E-06 
   907    4.078626E-01    2.500021E-01    1.795021E-01   -9.709474E-06 
   908    4.088636E-01    2.500020E-01    1.795020E-01   -1.033560E-05 
   909    4.098646E-01    2.500020E-01    1.795020E-01   -1.079043E-05 
   910    4.108657E-01    2.500019E-01    1.795019E-01   -1.071426E-05 
   911    4.118667E-01    2.500019E-01    1.795019E-01   -9.725208E-06 
   912    4.128677E-01    2.500018E-01    1.795018E-01   -7.670463E-06 
   913    4.138686E-01    2.500018E-01    1.795018E-01   -7.443536E-06 
   914    4.148696E-01    2.500017E-01    1.795017E-01   -8.623363E-06 
   915    4.158706E-01    2.500017E-01    1.795017E-01   -9.783986E-06 
   916    4.168716E-01    2.500016E-01    1.795016E-01   -1.007535E-05 
   917    4.178727E-01    2.500016E-01    1.795016E-01   -9.279112E-06 
   918    4.188736E-01    2.500016E-01    1.795016E-01   -6.775124E-06 
   919    4.198746E-01    2.500015E-01    1.795015E-01   -6.514527E-06 
   920    4.208755E-01    2.500015E-01    1.795015E-01   -8.496742E-06 
   921    4.218765E-01    2.500015E-01    1.795015E-01   -1.044708E-05 
   922    4.228776E-01    2.500015E-01    1.795015E-01   -1.070491E-05 
   923    4.238787E-01    2.500015E-01    1.795015E-01   -8.982448E-06 
   924    4.248797E-01    2.500015E-01    1.795015E-01   -5.170285E-06 
   925    4.258805E-01    2.500013E-01    1.795013E-01   -4.565595E-06 
   926    4.268814E-01    2.500012E-01    1.795012E-01   -8.081523E-06 
   927    4.278824E-01    2.500012E-01    1.795012E-01   -1.112799E-05 
   928    4.288836E-01    2.500013E-01    1.795013E-01   -1.129988E-05 
   929    4.298848E-01    2.500013E-01    1.795013E-01   -8.636432E-06 
   930    4.308857E-01    2.500012E-01    1.795012E-01   -3.042084E-06 
   931    4.318865E-01    2.500010E-01    1.795010E-01   -1.575365E-06 
   932    4.328872E-01    2.500008E-01    1.795008E-01   -7.221454E-06 
   933    4.338883E-01    2.500009E-01    1.795009E-01   -1.254244E-05 
   934    4.348896E-01    2.500010E-01    1.795010E-01   -1.368783E-05 
   935    4.358909E-01    2.500011E-01    1.795011E-01   -9.525203E-06 
   936    4.368920E-01    2.500009E-01    1.795009E-01    1.990977E-06 
   937    4.378924E-01    2.500006E-01    1.795006E-01    2.771934E-06 
   938    4.388929E-01    2.500004E-01    1.795004E-01   -9.117110E-06 
   939    4.398940E-01    2.500005E-01    1.795005E-01   -1.744648E-05 
   940    4.408955E-01    2.500008E-01    1.795008E-01   -1.766151E-05 
   941    4.418974E-01    2.500008E-01    1.795008E-01   -5.153705E-06 
   942    4.428984E-01    2.500006E-01    1.795006E-01    8.341097E-06 
   943    4.438981E-01    2.500001E-01    1.795001E-01    4.130312E-06 
   944    4.448983E-01    2.499999E-01    1.794999E-01   -1.168038E-05 
   945    4.458996E-01    2.500001E-01    1.795001E-01   -2.035404E-05 
   946    4.469021E-01    2.500004E-01    1.795004E-01   -1.993343E-05 
   947    4.479041E-01    2.500004E-01    1.795004E-01   -8.428697E-06 
   948    4.489046E-01    2.500000E-01    1.795000E-01    1.811326E-05 
   949    4.499036E-01    2.499992E-01    1.794992E-01    1.261743E-05 
   950    4.509038E-01    2.499987E-01    1.794987E-01   -1.001730E-05 
   951    4.519052E-01    2.499990E-01    1.794990E-01   -3.803548E-05 
   952    4.529078E-01    2.499998E-01    1.794998E-01   -3.900833E-05 
   953    4.539118E-01    2.499998E-01    1.794998E-01    1.232747E-05 
   954    4.549119E-01    2.499987E-01    1.794986E-01    4.481383E-05 
   955    4.559096E-01    2.499973E-01    1.794973E-01    1.696055E-05 
   956    4.569066E-01    2.499973E-01    1.794973E-01   -4.384487E-05 
   957    4.579084E-01    2.499987E-01    1.794987E-01   -6.635494E-05 
   958    4.589175E-01    2.499996E-01    1.794996E-01   -1.293529E-05 
   959    4.599231E-01    2.499988E-01    1.794988E-01    5.754848E-05 
   960    4.609173E-01    2.499974E-01    1.794974E-01    2.394481E-05 
   961    4.619095E-01    2.499968E-01    1.794968E-01   -4.519075E-06 
   962    4.629078E-01    2.499974E-01    1.794974E-01   -5.248708E-05 
   963    4.639188E-01    2.499986E-01    1.794986E-01   -5.579033E-05 
   964    4.649335E-01    2.499985E-01    1.794985E-01    1.960541E-05 
   965    4.659237E-01    2.499978E-01    1.794977E-01   -1.489727E-05 
   966    4.669211E-01    2.499958E-01    1.794958E-01    8.673917E-05 
   967    4.679127E-01    2.499931E-01    1.794931E-01    2.429923E-05 
   968    4.689141E-01    2.499933E-01    1.794933E-01   -8.974404E-05 
   969    4.699319E-01    2.499946E-01    1.794946E-01   -1.045980E-04 
   970    4.709256E-01    2.499953E-01    1.794952E-01   -4.326238E-05 
   971    4.719467E-01    2.499925E-01    1.794926E-01    1.546545E-04 
   972    4.729343E-01    2.499871E-01    1.794871E-01    1.499011E-04 
   973    4.739066E-01    2.499844E-01    1.794844E-01   -6.124444E-05 
   974    4.749006E-01    2.499880E-01    1.794881E-01   -3.080193E-04 
   975    4.759283E-01    2.499914E-01    1.794914E-01   -2.709948E-05 
   976    4.769816E-01    2.499881E-01    1.794884E-01    1.682662E-04 
   977    4.779762E-01    2.499810E-01    1.794813E-01    2.298131E-04 
   978    4.789148E-01    2.499747E-01    1.794749E-01    5.708867E-05 
   979    4.798228E-01    2.499814E-01    1.794821E-01   -4.907991E-04 
   980    4.809418E-01    2.499851E-01    1.794854E-01    1.017038E-05 
   981    4.820126E-01    2.499777E-01    1.794787E-01    1.254549E-04 
   982    4.830242E-01    2.499635E-01    1.794648E-01    2.073356E-04 
   983    4.839597E-01    2.499435E-01    1.794444E-01    1.762270E-04 
   984    4.847150E-01    2.499288E-01    1.794298E-01   -4.897064E-04 
   985    4.859674E-01    2.498946E-01    1.793959E-01    9.415196E-06 
   986    4.870206E-01    2.498182E-01    1.793216E-01    5.509911E-05 
   987    4.880430E-01    2.496843E-01    1.791895E-01    1.088935E-04 
   988    4.890166E-01    2.494537E-01    1.789570E-01    1.345228E-04 
   989    4.896857E-01    2.492011E-01    1.786630E-01   -2.552031E-04 
   990    4.909910E-01    2.486724E-01    1.785468E-01    0.000000E+00 
   991    4.919920E-01    2.483541E-01    1.783182E-01    0.000000E+00 
   992    4.929930E-01    2.477182E-01    1.778616E-01    0.000000E+00 
   993    4.939940E-01    2.460199E-01    1.766423E-01    0.000000E+00 
   994    4.949950E-01    2.421173E-01    1.738402E-01    0.000000E+00 
   995    4.959960E-01    2.342016E-01    1.681567E-01    0.000000E+00 
   996    4.969970E-01    2.204070E-01    1.582523E-01    0.000000E+00 
   997    4.979980E-01    1.999309E-01    1.435504E-01    0.000000E+00 
   998    4.989990E-01    1.731558E-01    1.243259E-01    0.000000E+00 
   999    5.000000E-01    1.416667E-01    1.017167E-01    0.000000E+00 
