     0   -5.000000E-01    5.666667E-01    5.666667E-01    0.000000E+00 
     1   -4.989990E-01    6.926449E-01    6.926449E-01    0.000000E+00 
     2   -4.979980E-01    7.998252E-01    7.998252E-01    0.000000E+00 
     3   -4.969970E-01    8.818323E-01    8.818323E-01    0.000000E+00 
     4   -4.959960E-01    9.371100E-01    9.371100E-01    0.000000E+00 
     5   -4.949950E-01    9.688583E-01    9.688583E-01    0.000000E+00 
     6   -4.939940E-01    9.844946E-01    9.844946E-01    0.000000E+00 
     7   -4.929930E-01    9.911860E-01    9.911860E-01    0.000000E+00 
     8   -4.919920E-01    9.935916E-01    9.935916E-01    0.000000E+00 
     9   -4.909910E-01    9.947429E-01    9.947429E-01    0.000000E+00 
    10   -4.897377E-01    9.966724E-01    9.951896E-01    5.219838E-04 
    11   -4.889903E-01    9.977960E-01    9.969346E-01   -2.593709E-04 
    12   -4.880220E-01    9.987097E-01    9.982256E-01   -2.040962E-04 
    13   -4.870085E-01    9.992443E-01    9.989642E-01   -1.226137E-04 
    14   -4.859646E-01    9.995475E-01    9.993763E-01   -3.121483E-05 
    15   -4.848059E-01    9.996551E-01    9.995246E-01    8.242305E-04 
    16   -4.839332E-01    9.996952E-01    9.995774E-01   -1.841803E-04 
    17   -4.829858E-01    9.997983E-01    9.997235E-01   -3.547114E-04 
    18   -4.819875E-01    9.998808E-01    9.998376E-01   -2.377339E-04 
    19   -4.809428E-01    9.999225E-01    9.998930E-01    3.952420E-05 
    20   -4.798987E-01    9.998996E-01    9.998614E-01    5.545887E-04 
    21   -4.789141E-01    9.998650E-01    9.998118E-01    7.264663E-05 
    22   -4.779412E-01    9.998943E-01    9.998529E-01   -2.493660E-04 
    23   -4.769523E-01    9.999406E-01    9.999177E-01   -2.408348E-04 
    24   -4.759360E-01    9.999638E-01    9.999495E-01    6.947224E-05 
    25   -4.749361E-01    9.999600E-01    9.999444E-01    1.745336E-04 
    26   -4.739222E-01    9.999494E-01    9.999294E-01    1.493754E-04 
    27   -4.729201E-01    9.999474E-01    9.999266E-01   -1.105336E-05 
    28   -4.719259E-01    9.999671E-01    9.999540E-01   -1.105337E-04 
    29   -4.709306E-01    9.999837E-01    9.999773E-01   -7.828744E-06 
    30   -4.699372E-01    9.999914E-01    9.999880E-01   -3.256146E-05 
    31   -4.689270E-01    9.999922E-01    9.999893E-01    9.340055E-05 
    32   -4.679180E-01    9.999824E-01    9.999756E-01    1.018355E-04 
    33   -4.669168E-01    9.999757E-01    9.999661E-01    3.330296E-05 
    34   -4.659214E-01    9.999805E-01    9.999728E-01   -4.343906E-05 
    35   -4.649258E-01    9.999928E-01    9.999900E-01   -8.002374E-05 
    36   -4.639242E-01    1.000001E+00    1.000001E+00    1.847962E-05 
    37   -4.629189E-01    9.999968E-01    9.999956E-01    9.197674E-05 
    38   -4.619156E-01    9.999884E-01    9.999839E-01    7.433721E-05 
    39   -4.609146E-01    9.999867E-01    9.999815E-01    7.040102E-06 
    40   -4.599154E-01    9.999940E-01    9.999916E-01   -3.221857E-05 
    41   -4.589169E-01    1.000002E+00    1.000003E+00   -2.260567E-05 
    42   -4.579160E-01    1.000005E+00    1.000008E+00    3.657510E-05 
    43   -4.569136E-01    1.000003E+00    1.000005E+00    5.191220E-05 
    44   -4.559111E-01    1.000000E+00    1.000000E+00    4.198716E-05 
    45   -4.549094E-01    9.999992E-01    9.999990E-01    1.775475E-05 
    46   -4.539094E-01    1.000002E+00    1.000003E+00   -8.892863E-06 
    47   -4.529100E-01    1.000007E+00    1.000010E+00   -6.580470E-06 
    48   -4.519093E-01    1.000009E+00    1.000012E+00    2.480279E-05 
    49   -4.509075E-01    1.000008E+00    1.000011E+00    4.081134E-05 
    50   -4.499056E-01    1.000006E+00    1.000008E+00    3.764440E-05 
    51   -4.489041E-01    1.000006E+00    1.000008E+00    1.962516E-05 
    52   -4.479036E-01    1.000008E+00    1.000012E+00    1.983126E-06 
    53   -4.469035E-01    1.000012E+00    1.000017E+00    5.463064E-06 
    54   -4.459028E-01    1.000014E+00    1.000019E+00    2.621016E-05 
    55   -4.449015E-01    1.000013E+00    1.000018E+00    3.613472E-05 
    56   -4.439000E-01    1.000012E+00    1.000016E+00    3.539638E-05 
    57   -4.428986E-01    1.000011E+00    1.000015E+00    2.538692E-05 
    58   -4.418978E-01    1.000012E+00    1.000017E+00    1.495597E-05 
    59   -4.408973E-01    1.000013E+00    1.000019E+00    1.473234E-05 
    60   -4.398966E-01    1.000014E+00    1.000019E+00    2.409795E-05 
    61   -4.388955E-01    1.000013E+00    1.000019E+00    2.857442E-05 
    62   -4.378942E-01    1.000012E+00    1.000017E+00    2.761795E-05 
    63   -4.368929E-01    1.000012E+00    1.000016E+00    2.009313E-05 
    64   -4.358919E-01    1.000012E+00    1.000017E+00    1.212744E-05 
    65   -4.348913E-01    1.000014E+00    1.000019E+00    1.155498E-05 
    66   -4.338905E-01    1.000015E+00    1.000021E+00    2.307029E-05 
    67   -4.328895E-01    1.000015E+00    1.000022E+00    3.213063E-05 
    68   -4.318883E-01    1.000016E+00    1.000022E+00    3.313375E-05 
    69   -4.308871E-01    1.000017E+00    1.000024E+00    2.840264E-05 
    70   -4.298861E-01    1.000019E+00    1.000027E+00    2.358496E-05 
    71   -4.288853E-01    1.000021E+00    1.000029E+00    2.395161E-05 
    72   -4.278845E-01    1.000022E+00    1.000031E+00    2.996498E-05 
    73   -4.268836E-01    1.000023E+00    1.000032E+00    3.483176E-05 
    74   -4.258825E-01    1.000022E+00    1.000031E+00    3.693967E-05 
    75   -4.248813E-01    1.000021E+00    1.000030E+00    3.478710E-05 
    76   -4.238803E-01    1.000021E+00    1.000029E+00    3.127366E-05 
    77   -4.228794E-01    1.000020E+00    1.000029E+00    2.883316E-05 
    78   -4.218786E-01    1.000020E+00    1.000028E+00    2.905860E-05 
    79   -4.208776E-01    1.000020E+00    1.000028E+00    3.094733E-05 
    80   -4.198766E-01    1.000020E+00    1.000028E+00    2.930407E-05 
    81   -4.188755E-01    1.000020E+00    1.000028E+00    2.611096E-05 
    82   -4.178744E-01    1.000021E+00    1.000029E+00    2.274008E-05 
    83   -4.168735E-01    1.000022E+00    1.000031E+00    2.142831E-05 
    84   -4.158727E-01    1.000023E+00    1.000032E+00    2.698579E-05 
    85   -4.148717E-01    1.000024E+00    1.000034E+00    3.717603E-05 
    86   -4.138707E-01    1.000025E+00    1.000035E+00    3.992235E-05 
    87   -4.128697E-01    1.000026E+00    1.000036E+00    3.907836E-05 
    88   -4.118686E-01    1.000027E+00    1.000037E+00    3.763592E-05 
    89   -4.108677E-01    1.000028E+00    1.000039E+00    3.713971E-05 
    90   -4.098668E-01    1.000028E+00    1.000039E+00    3.809560E-05 
    91   -4.088659E-01    1.000027E+00    1.000038E+00    3.945958E-05 
    92   -4.078649E-01    1.000026E+00    1.000036E+00    3.965953E-05 
    93   -4.068639E-01    1.000023E+00    1.000033E+00    3.830252E-05 
    94   -4.058628E-01    1.000020E+00    1.000028E+00    3.542355E-05 
    95   -4.048618E-01    1.000016E+00    1.000022E+00    3.165070E-05 
    96   -4.038609E-01    1.000011E+00    1.000015E+00    2.748579E-05 
    97   -4.028600E-01    1.000005E+00    1.000007E+00    2.276631E-05 
    98   -4.018590E-01    9.999972E-01    9.999961E-01    1.671935E-05 
    99   -4.008579E-01    9.999882E-01    9.999834E-01    8.723479E-06 
   100   -3.998569E-01    9.999777E-01    9.999687E-01   -1.377110E-06 
   101   -3.988558E-01    9.999657E-01    9.999519E-01   -1.340554E-05 
   102   -3.978548E-01    9.999521E-01    9.999329E-01   -2.678607E-05 
   103   -3.968538E-01    9.999366E-01    9.999113E-01   -4.178948E-05 
   104   -3.958528E-01    9.999192E-01    9.998868E-01   -5.893196E-05 
   105   -3.948517E-01    9.998997E-01    9.998596E-01   -7.831288E-05 
   106   -3.938505E-01    9.998784E-01    9.998298E-01   -1.010815E-04 
   107   -3.928494E-01    9.998557E-01    9.997979E-01   -1.270246E-04 
   108   -3.918483E-01    9.998320E-01    9.997648E-01   -1.544532E-04 
   109   -3.908471E-01    9.998085E-01    9.997319E-01   -1.858086E-04 
   110   -3.898459E-01    9.997871E-01    9.997019E-01   -2.194390E-04 
   111   -3.888447E-01    9.997702E-01    9.996783E-01   -2.544633E-04 
   112   -3.878434E-01    9.997613E-01    9.996658E-01   -2.963542E-04 
   113   -3.868421E-01    9.997638E-01    9.996693E-01   -3.356586E-04 
   114   -3.858408E-01    9.997810E-01    9.996934E-01   -3.477311E-04 
   115   -3.848395E-01    9.998154E-01    9.997415E-01   -3.179326E-04 
   116   -3.838382E-01    9.998682E-01    9.998154E-01   -2.504260E-04 
   117   -3.828370E-01    9.999394E-01    9.999151E-01   -1.527352E-04 
   118   -3.818359E-01    1.000028E+00    1.000039E+00   -2.975130E-05 
   119   -3.808350E-01    1.000130E+00    1.000182E+00    1.122090E-04 
   120   -3.798341E-01    1.000244E+00    1.000342E+00    2.667608E-04 
   121   -3.788334E-01    1.000365E+00    1.000510E+00    4.282138E-04 
   122   -3.778328E-01    1.000488E+00    1.000683E+00    5.914611E-04 
   123   -3.768324E-01    1.000609E+00    1.000853E+00    7.513993E-04 
   124   -3.758321E-01    1.000726E+00    1.001016E+00    9.030166E-04 
   125   -3.748319E-01    1.000833E+00    1.001167E+00    1.041777E-03 
   126   -3.738319E-01    1.000931E+00    1.001303E+00    1.164131E-03 
   127   -3.728319E-01    1.001016E+00    1.001422E+00    1.267983E-03 
   128   -3.718320E-01    1.001087E+00    1.001523E+00    1.352660E-03 
   129   -3.708322E-01    1.001146E+00    1.001605E+00    1.418645E-03 
   130   -3.698324E-01    1.001192E+00    1.001669E+00    1.467090E-03 
   131   -3.688327E-01    1.001226E+00    1.001716E+00    1.499338E-03 
   132   -3.678329E-01    1.001249E+00    1.001749E+00    1.518058E-03 
   133   -3.668332E-01    1.001263E+00    1.001768E+00    1.527098E-03 
   134   -3.658335E-01    1.001269E+00    1.001777E+00    1.529820E-03 
   135   -3.648338E-01    1.001269E+00    1.001778E+00    1.528215E-03 
   136   -3.638341E-01    1.001264E+00    1.001770E+00    1.523111E-03 
   137   -3.628344E-01    1.001255E+00    1.001758E+00    1.514631E-03 
   138   -3.618346E-01    1.001242E+00    1.001740E+00    1.502517E-03 
   139   -3.608349E-01    1.001226E+00    1.001718E+00    1.486878E-03 
   140   -3.598351E-01    1.001208E+00    1.001692E+00    1.467911E-03 
   141   -3.588353E-01    1.001187E+00    1.001662E+00    1.445817E-03 
   142   -3.578355E-01    1.001163E+00    1.001629E+00    1.420760E-03 
   143   -3.568356E-01    1.001138E+00    1.001593E+00    1.392906E-03 
   144   -3.558358E-01    1.001110E+00    1.001555E+00    1.362439E-03 
   145   -3.548359E-01    1.001081E+00    1.001514E+00    1.329560E-03 
   146   -3.538360E-01    1.001050E+00    1.001470E+00    1.294485E-03 
   147   -3.528360E-01    1.001018E+00    1.001425E+00    1.257438E-03 
   148   -3.518360E-01    1.000984E+00    1.001378E+00    1.218651E-03 
   149   -3.508360E-01    1.000950E+00    1.001330E+00    1.178362E-03 
   150   -3.498359E-01    1.000914E+00    1.001280E+00    1.136808E-03 
   151   -3.488358E-01    1.000878E+00    1.001230E+00    1.094230E-03 
   152   -3.478357E-01    1.000842E+00    1.001178E+00    1.050863E-03 
   153   -3.468355E-01    1.000805E+00    1.001127E+00    1.006942E-03 
   154   -3.458353E-01    1.000768E+00    1.001075E+00    9.626911E-04 
   155   -3.448350E-01    1.000731E+00    1.001024E+00    9.183286E-04 
   156   -3.438347E-01    1.000695E+00    1.000973E+00    8.740618E-04 
   157   -3.428344E-01    1.000659E+00    1.000922E+00    8.300870E-04 
   158   -3.418340E-01    1.000623E+00    1.000872E+00    7.865875E-04 
   159   -3.408336E-01    1.000588E+00    1.000824E+00    7.437331E-04 
   160   -3.398332E-01    1.000554E+00    1.000776E+00    7.016791E-04 
   161   -3.388327E-01    1.000521E+00    1.000729E+00    6.605658E-04 
   162   -3.378322E-01    1.000488E+00    1.000684E+00    6.205182E-04 
   163   -3.368317E-01    1.000457E+00    1.000640E+00    5.816461E-04 
   164   -3.358311E-01    1.000427E+00    1.000598E+00    5.440438E-04 
   165   -3.348305E-01    1.000398E+00    1.000557E+00    5.077903E-04 
   166   -3.338299E-01    1.000370E+00    1.000518E+00    4.729502E-04 
   167   -3.328293E-01    1.000344E+00    1.000481E+00    4.395738E-04 
   168   -3.318286E-01    1.000318E+00    1.000446E+00    4.076978E-04 
   169   -3.308279E-01    1.000294E+00    1.000412E+00    3.773462E-04 
   170   -3.298272E-01    1.000271E+00    1.000380E+00    3.485311E-04 
   171   -3.288264E-01    1.000250E+00    1.000350E+00    3.212533E-04 
   172   -3.278257E-01    1.000230E+00    1.000322E+00    2.955039E-04 
   173   -3.268249E-01    1.000211E+00    1.000295E+00    2.712643E-04 
   174   -3.258241E-01    1.000193E+00    1.000270E+00    2.485083E-04 
   175   -3.248233E-01    1.000176E+00    1.000247E+00    2.272021E-04 
   176   -3.238224E-01    1.000161E+00    1.000225E+00    2.073058E-04 
   177   -3.228216E-01    1.000146E+00    1.000204E+00    1.887743E-04 
   178   -3.218207E-01    1.000133E+00    1.000186E+00    1.715579E-04 
   179   -3.208198E-01    1.000120E+00    1.000168E+00    1.556036E-04 
   180   -3.198189E-01    1.000109E+00    1.000152E+00    1.408554E-04 
   181   -3.188180E-01    1.000098E+00    1.000137E+00    1.272556E-04 
   182   -3.178171E-01    1.000088E+00    1.000124E+00    1.147449E-04 
   183   -3.168162E-01    1.000080E+00    1.000111E+00    1.032636E-04 
   184   -3.158153E-01    1.000071E+00    1.000100E+00    9.275180E-05 
   185   -3.148143E-01    1.000064E+00    1.000090E+00    8.315008E-05 
   186   -3.138134E-01    1.000057E+00    1.000080E+00    7.439982E-05 
   187   -3.128124E-01    1.000051E+00    1.000071E+00    6.644369E-05 
   188   -3.118115E-01    1.000045E+00    1.000064E+00    5.922592E-05 
   189   -3.108105E-01    1.000040E+00    1.000057E+00    5.269261E-05 
   190   -3.098096E-01    1.000036E+00    1.000050E+00    4.679191E-05 
   191   -3.088086E-01    1.000032E+00    1.000045E+00    4.147424E-05 
   192   -3.078076E-01    1.000028E+00    1.000039E+00    3.669239E-05 
   193   -3.068066E-01    1.000025E+00    1.000035E+00    3.240162E-05 
   194   -3.058057E-01    1.000022E+00    1.000031E+00    2.855970E-05 
   195   -3.048047E-01    1.000019E+00    1.000027E+00    2.512696E-05 
   196   -3.038037E-01    1.000017E+00    1.000024E+00    2.206625E-05 
   197   -3.028027E-01    1.000015E+00    1.000021E+00    1.934294E-05 
   198   -3.018017E-01    1.000013E+00    1.000018E+00    1.692483E-05 
   199   -3.008007E-01    1.000011E+00    1.000016E+00    1.478213E-05 
   200   -2.997997E-01    1.000010E+00    1.000014E+00    1.288734E-05 
   201   -2.987987E-01    1.000009E+00    1.000012E+00    1.121517E-05 
   202   -2.977978E-01    1.000007E+00    1.000010E+00    9.742424E-06 
   203   -2.967968E-01    1.000006E+00    1.000009E+00    8.447911E-06 
   204   -2.957958E-01    1.000006E+00    1.000008E+00    7.312321E-06 
   205   -2.947948E-01    1.000005E+00    1.000007E+00    6.318107E-06 
   206   -2.937938E-01    1.000004E+00    1.000006E+00    5.449378E-06 
   207   -2.927928E-01    1.000004E+00    1.000005E+00    4.691775E-06 
   208   -2.917918E-01    1.000003E+00    1.000004E+00    4.032366E-06 
   209   -2.907908E-01    1.000003E+00    1.000004E+00    3.459530E-06 
   210   -2.897898E-01    1.000002E+00    1.000003E+00    2.962858E-06 
   211   -2.887888E-01    1.000002E+00    1.000003E+00    2.533045E-06 
   212   -2.877878E-01    1.000002E+00    1.000002E+00    2.161799E-06 
   213   -2.867868E-01    1.000001E+00    1.000002E+00    1.841746E-06 
   214   -2.857858E-01    1.000001E+00    1.000002E+00    1.566346E-06 
   215   -2.847848E-01    1.000001E+00    1.000001E+00    1.329815E-06 
   216   -2.837838E-01    1.000001E+00    1.000001E+00    1.127046E-06 
   217   -2.827828E-01    1.000001E+00    1.000001E+00    9.535431E-07 
   218   -2.817818E-01    1.000001E+00    1.000001E+00    8.053578E-07 
   219   -2.807808E-01    1.000001E+00    1.000001E+00    6.790294E-07 
   220   -2.797798E-01    1.000000E+00    1.000001E+00    5.715322E-07 
   221   -2.787788E-01    1.000000E+00    1.000001E+00    4.802267E-07 
   222   -2.777778E-01    1.000000E+00    1.000000E+00    4.028157E-07 
   223   -2.767768E-01    1.000000E+00    1.000000E+00    3.373042E-07 
   224   -2.757758E-01    1.000000E+00    1.000000E+00    2.819636E-07 
   225   -2.747748E-01    1.000000E+00    1.000000E+00    2.352992E-07 
   226   -2.737738E-01    1.000000E+00    1.000000E+00    1.960215E-07 
   227   -2.727728E-01    1.000000E+00    1.000000E+00    1.630205E-07 
   228   -2.717718E-01    1.000000E+00    1.000000E+00    1.353423E-07 
   229   -2.707708E-01    1.000000E+00    1.000000E+00    1.121695E-07 
   230   -2.697698E-01    1.000000E+00    1.000000E+00    9.280242E-08 
   231   -2.687688E-01    1.000000E+00    1.000000E+00    7.664393E-08 
   232   -2.677678E-01    1.000000E+00    1.000000E+00    6.318506E-08 
   233   -2.667668E-01    1.000000E+00    1.000000E+00    5.199298E-08 
   234   -2.657658E-01    1.000000E+00    1.000000E+00    4.270019E-08 
   235   -2.647648E-01    1.000000E+00    1.000000E+00    3.499523E-08 
   236   -2.637638E-01    1.000000E+00    1.000000E+00    2.861454E-08 
   237   -2.627628E-01    1.000000E+00    1.000000E+00    2.333533E-08 
   238   -2.617618E-01    1.000000E+00    1.000000E+00    1.896948E-08 
   239   -2.607608E-01    1.000000E+00    1.000000E+00    1.535820E-08 
   240   -2.597598E-01    1.000000E+00    1.000000E+00    1.236738E-08 
   241   -2.587588E-01    1.000000E+00    1.000000E+00    9.883622E-09 
   242   -2.577578E-01    1.000000E+00    1.000000E+00    7.810711E-09 
   243   -2.567568E-01    1.000000E+00    1.000000E+00    6.066615E-09 
   244   -2.557558E-01    1.000000E+00    1.000000E+00    4.580807E-09 
   245   -2.547548E-01    1.000000E+00    1.000000E+00    3.291930E-09 
   246   -2.537538E-01    1.000000E+00    1.000000E+00    2.145704E-09 
   247   -2.527528E-01    1.000000E+00    1.000000E+00    1.093025E-09 
   248   -2.517518E-01    1.000000E+00    1.000000E+00    8.822687E-11 
   249   -2.507508E-01    1.000000E+00    1.000000E+00   -9.125527E-10 
   250   -2.497497E-01    1.000000E+00    1.000000E+00   -1.952970E-09 
   251   -2.487487E-01    1.000000E+00    1.000000E+00   -3.078050E-09 
   252   -2.477477E-01    1.000000E+00    1.000000E+00   -4.335787E-09 
   253   -2.467467E-01    1.000000E+00    1.000000E+00   -5.778829E-09 
   254   -2.457457E-01    1.000000E+00    1.000000E+00   -7.466278E-09 
   255   -2.447447E-01    1.000000E+00    1.000000E+00   -9.465663E-09 
   256   -2.437437E-01    1.000000E+00    1.000000E+00   -1.185511E-08 
   257   -2.427427E-01    1.000000E+00    1.000000E+00   -1.472580E-08 
   258   -2.417417E-01    1.000000E+00    1.000000E+00   -1.818474E-08 
   259   -2.407407E-01    1.000000E+00    1.000000E+00   -2.235786E-08 
   260   -2.397397E-01    1.000000E+00    1.000000E+00   -2.739369E-08 
   261   -2.387387E-01    1.000000E+00    1.000000E+00   -3.346735E-08 
   262   -2.377377E-01    1.000000E+00    1.000000E+00   -4.078530E-08 
   263   -2.367367E-01    1.000000E+00    1.000000E+00   -4.959064E-08 
   264   -2.357357E-01    1.000000E+00    1.000000E+00   -6.016924E-08 
   265   -2.347347E-01    1.000000E+00    1.000000E+00   -7.285659E-08 
   266   -2.337337E-01    1.000000E+00    1.000000E+00   -8.804570E-08 
   267   -2.327327E-01    1.000000E+00    1.000000E+00   -1.061960E-07 
   268   -2.317317E-01    1.000000E+00    1.000000E+00   -1.278433E-07 
   269   -2.307307E-01    1.000000E+00    1.000000E+00   -1.536110E-07 
   270   -2.297297E-01    1.000000E+00    1.000000E+00   -1.842231E-07 
   271   -2.287287E-01    1.000000E+00    1.000000E+00   -2.205175E-07 
   272   -2.277277E-01    1.000000E+00    1.000000E+00   -2.634625E-07 
   273   -2.267267E-01    1.000000E+00    1.000000E+00   -3.141736E-07 
   274   -2.257257E-01    1.000000E+00    1.000000E+00   -3.739326E-07 
   275   -2.247247E-01    1.000000E+00    1.000000E+00   -4.442088E-07 
   276   -2.237237E-01    1.000000E+00    1.000001E+00   -5.266816E-07 
   277   -2.227227E-01    1.000000E+00    1.000001E+00   -6.232653E-07 
   278   -2.217217E-01    1.000001E+00    1.000001E+00   -7.361361E-07 
   279   -2.207207E-01    1.000001E+00    1.000001E+00   -8.677603E-07 
   280   -2.197197E-01    1.000001E+00    1.000001E+00   -1.020925E-06 
   281   -2.187187E-01    1.000001E+00    1.000001E+00   -1.198772E-06 
   282   -2.177177E-01    1.000001E+00    1.000002E+00   -1.404827E-06 
   283   -2.167167E-01    1.000001E+00    1.000002E+00   -1.643042E-06 
   284   -2.157157E-01    1.000001E+00    1.000002E+00   -1.917824E-06 
   285   -2.147147E-01    1.000002E+00    1.000002E+00   -2.234077E-06 
   286   -2.137137E-01    1.000002E+00    1.000003E+00   -2.597237E-06 
   287   -2.127127E-01    1.000002E+00    1.000003E+00   -3.013308E-06 
   288   -2.117117E-01    1.000003E+00    1.000004E+00   -3.488896E-06 
   289   -2.107107E-01    1.000003E+00    1.000004E+00   -4.031245E-06 
   290   -2.097097E-01    1.000004E+00    1.000005E+00   -4.648262E-06 
   291   -2.087087E-01    1.000004E+00    1.000006E+00   -5.348544E-06 
   292   -2.077077E-01    1.000005E+00    1.000007E+00   -6.141398E-06 
   293   -2.067067E-01    1.000005E+00    1.000008E+00   -7.036849E-06 
   294   -2.057057E-01    1.000006E+00    1.000009E+00   -8.045648E-06 
   295   -2.047047E-01    1.000007E+00    1.000010E+00   -9.179259E-06 
   296   -2.037038E-01    1.000008E+00    1.000011E+00   -1.044984E-05 
   297   -2.027028E-01    1.000009E+00    1.000013E+00   -1.187021E-05 
   298   -2.017018E-01    1.000010E+00    1.000014E+00   -1.345379E-05 
   299   -2.007008E-01    1.000012E+00    1.000016E+00   -1.521454E-05 
   300   -1.996998E-01    1.000013E+00    1.000018E+00   -1.716686E-05 
   301   -1.986988E-01    1.000015E+00    1.000021E+00   -1.932546E-05 
   302   -1.976978E-01    1.000017E+00    1.000023E+00   -2.170526E-05 
   303   -1.966968E-01    1.000019E+00    1.000026E+00   -2.432117E-05 
   304   -1.956959E-01    1.000021E+00    1.000029E+00   -2.718790E-05 
   305   -1.946949E-01    1.000023E+00    1.000033E+00   -3.031976E-05 
   306   -1.936939E-01    1.000026E+00    1.000036E+00   -3.373035E-05 
   307   -1.926929E-01    1.000029E+00    1.000040E+00   -3.743228E-05 
   308   -1.916919E-01    1.000032E+00    1.000045E+00   -4.143685E-05 
   309   -1.906910E-01    1.000035E+00    1.000049E+00   -4.575366E-05 
   310   -1.896900E-01    1.000039E+00    1.000054E+00   -5.039021E-05 
   311   -1.886891E-01    1.000043E+00    1.000060E+00   -5.535148E-05 
   312   -1.876881E-01    1.000047E+00    1.000066E+00   -6.063949E-05 
   313   -1.866871E-01    1.000051E+00    1.000072E+00   -6.625276E-05 
   314   -1.856862E-01    1.000056E+00    1.000078E+00   -7.218588E-05 
   315   -1.846853E-01    1.000061E+00    1.000085E+00   -7.842892E-05 
   316   -1.836843E-01    1.000066E+00    1.000092E+00   -8.496699E-05 
   317   -1.826834E-01    1.000071E+00    1.000100E+00   -9.177967E-05 
   318   -1.816825E-01    1.000077E+00    1.000108E+00   -9.884055E-05 
   319   -1.806815E-01    1.000083E+00    1.000116E+00   -1.061167E-04 
   320   -1.796806E-01    1.000089E+00    1.000124E+00   -1.135683E-04 
   321   -1.786797E-01    1.000095E+00    1.000133E+00   -1.211482E-04 
   322   -1.776788E-01    1.000101E+00    1.000142E+00   -1.288018E-04 
   323   -1.766779E-01    1.000107E+00    1.000150E+00   -1.364663E-04 
   324   -1.756770E-01    1.000114E+00    1.000159E+00   -1.440705E-04 
   325   -1.746761E-01    1.000120E+00    1.000168E+00   -1.515352E-04 
   326   -1.736753E-01    1.000126E+00    1.000176E+00   -1.587730E-04 
   327   -1.726744E-01    1.000132E+00    1.000184E+00   -1.656892E-04 
   328   -1.716735E-01    1.000137E+00    1.000192E+00   -1.721813E-04 
   329   -1.706727E-01    1.000142E+00    1.000199E+00   -1.781332E-04 
   330   -1.696718E-01    1.000147E+00    1.000205E+00   -1.833977E-04 
   331   -1.686710E-01    1.000150E+00    1.000211E+00   -1.878079E-04 
   332   -1.676701E-01    1.000153E+00    1.000214E+00   -1.912023E-04 
   333   -1.666693E-01    1.000154E+00    1.000215E+00   -1.934566E-04 
   334   -1.656684E-01    1.000152E+00    1.000213E+00   -1.943744E-04 
   335   -1.646676E-01    1.000147E+00    1.000206E+00   -1.935287E-04 
   336   -1.636667E-01    1.000137E+00    1.000192E+00   -1.896835E-04 
   337   -1.626659E-01    1.000121E+00    1.000169E+00   -1.807882E-04 
   338   -1.616651E-01    1.000095E+00    1.000133E+00   -1.635474E-04 
   339   -1.606642E-01    1.000056E+00    1.000079E+00   -1.344669E-04 
   340   -1.596633E-01    1.000002E+00    1.000003E+00   -8.972107E-05 
   341   -1.586623E-01    9.999273E-01    9.998982E-01   -2.443600E-05 
   342   -1.576613E-01    9.998267E-01    9.997573E-01    6.725681E-05 
   343   -1.566602E-01    9.996940E-01    9.995715E-01    1.924701E-04 
   344   -1.556590E-01    9.995220E-01    9.993308E-01    3.594139E-04 
   345   -1.546576E-01    9.993026E-01    9.990235E-01    5.777648E-04 
   346   -1.536560E-01    9.990263E-01    9.986367E-01    8.585604E-04 
   347   -1.526542E-01    9.986829E-01    9.981559E-01    1.214305E-03 
   348   -1.516520E-01    9.982608E-01    9.975652E-01    1.659022E-03 
   349   -1.506494E-01    9.977479E-01    9.968473E-01    2.208019E-03 
   350   -1.496463E-01    9.971310E-01    9.959840E-01    2.878039E-03 
   351   -1.486426E-01    9.963963E-01    9.949561E-01    3.686809E-03 
   352   -1.476381E-01    9.955298E-01    9.937440E-01    4.652973E-03 
   353   -1.466328E-01    9.945172E-01    9.923280E-01    5.795594E-03 
   354   -1.456264E-01    9.933445E-01    9.906888E-01    7.133698E-03 
   355   -1.446187E-01    9.919983E-01    9.888079E-01    8.685921E-03 
   356   -1.436097E-01    9.904662E-01    9.866683E-01    1.046981E-02 
   357   -1.425991E-01    9.887372E-01    9.842551E-01    1.250160E-02 
   358   -1.415866E-01    9.868019E-01    9.815559E-01    1.479546E-02 
   359   -1.405720E-01    9.846531E-01    9.785611E-01    1.736315E-02 
   360   -1.395551E-01    9.822859E-01    9.752648E-01    2.021342E-02 
   361   -1.385357E-01    9.796979E-01    9.716646E-01    2.335141E-02 
   362   -1.375134E-01    9.768895E-01    9.677618E-01    2.677856E-02 
   363   -1.364880E-01    9.738635E-01    9.635616E-01    3.049217E-02 
   364   -1.354593E-01    9.706259E-01    9.590732E-01    3.448581E-02 
   365   -1.344270E-01    9.671846E-01    9.543090E-01    3.874964E-02 
   366   -1.333908E-01    9.635504E-01    9.492848E-01    4.327083E-02 
   367   -1.323506E-01    9.597353E-01    9.440188E-01    4.803421E-02 
   368   -1.313060E-01    9.557530E-01    9.385309E-01    5.302238E-02 
   369   -1.302569E-01    9.516177E-01    9.328417E-01    5.821617E-02 
   370   -1.292031E-01    9.473436E-01    9.269719E-01    6.359522E-02 
   371   -1.281444E-01    9.429441E-01    9.209410E-01    6.913880E-02 
   372   -1.270806E-01    9.384313E-01    9.147663E-01    7.482763E-02 
   373   -1.260116E-01    9.338151E-01    9.084625E-01    8.064527E-02 
   374   -1.249371E-01    9.291029E-01    9.020402E-01    8.657985E-02 
   375   -1.238572E-01    9.242982E-01    8.955051E-01    9.262508E-02 
   376   -1.227715E-01    9.194010E-01    8.888581E-01    9.877973E-02 
   377   -1.216800E-01    9.144074E-01    8.820944E-01    1.050498E-01 
   378   -1.205825E-01    9.093098E-01    8.752047E-01    1.114601E-01 
   379   -1.194789E-01    9.040983E-01    8.681767E-01    1.180340E-01 
   380   -1.183688E-01    8.987617E-01    8.609963E-01    1.247941E-01 
   381   -1.172521E-01    8.932898E-01    8.536515E-01    1.317641E-01 
   382   -1.161285E-01    8.876753E-01    8.461336E-01    1.389671E-01 
   383   -1.149976E-01    8.819148E-01    8.384398E-01    1.464230E-01 
   384   -1.138592E-01    8.760100E-01    8.305742E-01    1.541446E-01 
   385   -1.127129E-01    8.699679E-01    8.225477E-01    1.621363E-01 
   386   -1.115585E-01    8.638005E-01    8.143777E-01    1.703898E-01 
   387   -1.103956E-01    8.575239E-01    8.060872E-01    1.788701E-01 
   388   -1.092240E-01    8.511574E-01    7.977029E-01    1.875367E-01 
   389   -1.080435E-01    8.447222E-01    7.892537E-01    1.963476E-01 
   390   -1.068539E-01    8.382398E-01    7.807689E-01    2.052633E-01 
   391   -1.056548E-01    8.317307E-01    7.722756E-01    2.142507E-01 
   392   -1.044463E-01    8.252130E-01    7.637979E-01    2.232852E-01 
   393   -1.032282E-01    8.187013E-01    7.553549E-01    2.323489E-01 
   394   -1.020003E-01    8.122070E-01    7.469611E-01    2.414515E-01 
   395   -1.007626E-01    8.057380E-01    7.386266E-01    2.506114E-01 
   396   -9.951492E-02    7.992996E-01    7.303582E-01    2.598129E-01 
   397   -9.825718E-02    7.928961E-01    7.221613E-01    2.690234E-01 
   398   -9.698926E-02    7.865325E-01    7.140418E-01    2.782178E-01 
   399   -9.571104E-02    7.802146E-01    7.060069E-01    2.873729E-01 
   400   -9.442242E-02    7.739501E-01    6.980659E-01    2.964943E-01 
   401   -9.312334E-02    7.677484E-01    6.902301E-01    3.056035E-01 
   402   -9.181371E-02    7.616203E-01    6.825124E-01    3.146924E-01 
   403   -9.049352E-02    7.555760E-01    6.749247E-01    3.237377E-01 
   404   -8.916275E-02    7.496231E-01    6.674757E-01    3.327147E-01 
   405   -8.782147E-02    7.437652E-01    6.601687E-01    3.415919E-01 
   406   -8.646970E-02    7.380003E-01    6.530001E-01    3.503405E-01 
   407   -8.510745E-02    7.323207E-01    6.459595E-01    3.589439E-01 
   408   -8.373469E-02    7.267127E-01    6.390290E-01    3.674060E-01 
   409   -8.235144E-02    7.211557E-01    6.321825E-01    3.757558E-01 
   410   -8.095765E-02    7.156207E-01    6.253835E-01    3.840483E-01 
   411   -7.955320E-02    7.100694E-01    6.185851E-01    3.923738E-01 
   412   -7.813788E-02    7.044546E-01    6.117298E-01    4.008585E-01 
   413   -7.671138E-02    6.987232E-01    6.047542E-01    4.096134E-01 
   414   -7.527323E-02    6.928227E-01    5.975961E-01    4.187320E-01 
   415   -7.382274E-02    6.867094E-01    5.902053E-01    4.282879E-01 
   416   -7.235905E-02    6.803580E-01    5.825545E-01    4.383317E-01 
   417   -7.088126E-02    6.737675E-01    5.746461E-01    4.488947E-01 
   418   -6.938849E-02    6.669632E-01    5.665143E-01    4.599708E-01 
   419   -6.787990E-02    6.599925E-01    5.582182E-01    4.714969E-01 
   420   -6.635485E-02    6.529151E-01    5.498317E-01    4.833912E-01 
   421   -6.481284E-02    6.457933E-01    5.414297E-01    4.955433E-01 
   422   -6.325356E-02    6.386821E-01    5.330776E-01    5.078261E-01 
   423   -6.167679E-02    6.316225E-01    5.248230E-01    5.201065E-01 
   424   -6.008237E-02    6.246396E-01    5.166948E-01    5.322726E-01 
   425   -5.847018E-02    6.177457E-01    5.087059E-01    5.442572E-01 
   426   -5.684010E-02    6.109466E-01    5.008616E-01    5.560674E-01 
   427   -5.519191E-02    6.042480E-01    4.931672E-01    5.678250E-01 
   428   -5.352543E-02    5.976578E-01    4.856307E-01    5.795876E-01 
   429   -5.184059E-02    5.911865E-01    4.782627E-01    5.913468E-01 
   430   -5.013739E-02    5.848447E-01    4.710736E-01    6.030637E-01 
   431   -4.841580E-02    5.786427E-01    4.640734E-01    6.147081E-01 
   432   -4.667581E-02    5.725970E-01    4.572789E-01    6.262227E-01 
   433   -4.491745E-02    5.667395E-01    4.507235E-01    6.374407E-01 
   434   -4.314091E-02    5.611225E-01    4.444634E-01    6.482071E-01 
   435   -4.134658E-02    5.558211E-01    4.385782E-01    6.583876E-01 
   436   -3.953523E-02    5.509297E-01    4.331681E-01    6.678567E-01 
   437   -3.770808E-02    5.465533E-01    4.283434E-01    6.764884E-01 
   438   -3.586684E-02    5.427997E-01    4.242165E-01    6.841126E-01 
   439   -3.401367E-02    5.397741E-01    4.208964E-01    6.904669E-01 
   440   -3.215109E-02    5.375677E-01    4.184766E-01    6.952169E-01 
   441   -3.028196E-02    5.362269E-01    4.170027E-01    6.980320E-01 
   442   -2.841000E-02    5.357112E-01    4.164273E-01    6.982927E-01 
   443   -2.653885E-02    5.358840E-01    4.166009E-01    6.965169E-01 
   444   -2.467003E-02    5.365540E-01    4.173155E-01    6.943174E-01 
   445   -2.280470E-02    5.375288E-01    4.183625E-01    6.919897E-01 
   446   -2.094375E-02    5.386455E-01    4.195651E-01    6.897253E-01 
   447   -1.908747E-02    5.397864E-01    4.207944E-01    6.875901E-01 
   448   -1.723487E-02    5.408852E-01    4.219775E-01    6.855469E-01 
   449   -1.538572E-02    5.419104E-01    4.230801E-01    6.836034E-01 
   450   -1.354036E-02    5.428408E-01    4.240799E-01    6.818453E-01 
   451   -1.169824E-02    5.436604E-01    4.249590E-01    6.803306E-01 
   452   -9.858341E-03    5.443665E-01    4.257130E-01    6.790508E-01 
   453   -8.020520E-03    5.449676E-01    4.263502E-01    6.779986E-01 
   454   -6.184731E-03    5.454711E-01    4.268796E-01    6.771775E-01 
   455   -4.350675E-03    5.458816E-01    4.273074E-01    6.765615E-01 
   456   -2.517504E-03    5.462091E-01    4.276447E-01    6.760928E-01 
   457   -6.850734E-04    5.464682E-01    4.279058E-01    6.757189E-01 
   458    1.146095E-03    5.466740E-01    4.281057E-01    6.754132E-01 
   459    2.976975E-03    5.468409E-01    4.282606E-01    6.751581E-01 
   460    4.807762E-03    5.469803E-01    4.283852E-01    6.749521E-01 
   461    6.637593E-03    5.470998E-01    4.284889E-01    6.747778E-01 
   462    8.466956E-03    5.472073E-01    4.285786E-01    6.746151E-01 
   463    1.029676E-02    5.473098E-01    4.286601E-01    6.744680E-01 
   464    1.212589E-02    5.474065E-01    4.287323E-01    6.743591E-01 
   465    1.395399E-02    5.474935E-01    4.287915E-01    6.742623E-01 
   466    1.578244E-02    5.475749E-01    4.288429E-01    6.741459E-01 
   467    1.761131E-02    5.476566E-01    4.288943E-01    6.740419E-01 
   468    1.943892E-02    5.477329E-01    4.289407E-01    6.739756E-01 
   469    2.126569E-02    5.478020E-01    4.289773E-01    6.739032E-01 
   470    2.309385E-02    5.478747E-01    4.290108E-01    6.738033E-01 
   471    2.492181E-02    5.479529E-01    4.290422E-01    6.737426E-01 
   472    2.674754E-02    5.480241E-01    4.290640E-01    6.737135E-01 
   473    2.857360E-02    5.480908E-01    4.290870E-01    6.736383E-01 
   474    3.040183E-02    5.481695E-01    4.291275E-01    6.735514E-01 
   475    3.222812E-02    5.482526E-01    4.291626E-01    6.735306E-01 
   476    3.405169E-02    5.483264E-01    4.291656E-01    6.735118E-01 
   477    3.587838E-02    5.484058E-01    4.291621E-01    6.733999E-01 
   478    3.770594E-02    5.485041E-01    4.291957E-01    6.733277E-01 
   479    3.952919E-02    5.485951E-01    4.292357E-01    6.733707E-01 
   480    4.135176E-02    5.486738E-01    4.292430E-01    6.733240E-01 
   481    4.317945E-02    5.487802E-01    4.292466E-01    6.731579E-01 
   482    4.500445E-02    5.489063E-01    4.292649E-01    6.731486E-01 
   483    4.682540E-02    5.490118E-01    4.292621E-01    6.733274E-01 
   484    4.864716E-02    5.491181E-01    4.292510E-01    6.730658E-01 
   485    5.047309E-02    5.492835E-01    4.292962E-01    6.729160E-01 
   486    5.230153E-02    5.494613E-01    4.293639E-01    6.732187E-01 
   487    5.411075E-02    5.496578E-01    4.294240E-01    6.731503E-01 
   488    5.593144E-02    5.499876E-01    4.295041E-01    6.726843E-01 
   489    5.777349E-02    5.504309E-01    4.294954E-01    6.729820E-01 
   490    5.957938E-02    5.508693E-01    4.292182E-01    6.734164E-01 
   491    6.136229E-02    5.511722E-01    4.285562E-01    6.722986E-01 
   492    6.323131E-02    5.510668E-01    4.274808E-01    6.730530E-01 
   493    6.505506E-02    5.496816E-01    4.254359E-01    6.732549E-01 
   494    6.675180E-02    5.464400E-01    4.229072E-01    6.721065E-01 
   495    6.870877E-02    5.400981E-01    4.220588E-01    6.734608E-01 
   496    7.057634E-02    5.314115E-01    4.249549E-01    6.720985E-01 
   497    7.228031E-02    5.219242E-01    4.303952E-01    6.732753E-01 
   498    7.448188E-02    5.096458E-01    4.354901E-01    6.728004E-01 
   499    7.690853E-02    4.952958E-01    4.485277E-01    6.749446E-01 
   500    7.560329E-02    5.028281E-01    3.500609E-01    6.671025E-01 
   501    7.758578E-02    4.910414E-01    3.716163E-01    6.682245E-01 
   502    7.873394E-02    4.837976E-01    3.946377E-01    6.719881E-01 
   503    7.937661E-02    4.797131E-01    4.162745E-01    6.730915E-01 
   504    7.962512E-02    4.782158E-01    4.335937E-01    6.719787E-01 
   505    8.016044E-02    4.752041E-01    4.422334E-01    6.700245E-01 
   506    8.105966E-02    4.705678E-01    4.437031E-01    6.723120E-01 
   507    8.155739E-02    4.681976E-01    4.434544E-01    6.748031E-01 
   508    8.176736E-02    4.672478E-01    4.424768E-01    6.749824E-01 
   509    8.200784E-02    4.662227E-01    4.408694E-01    6.731448E-01 
   510    8.265101E-02    4.638433E-01    4.380953E-01    6.716664E-01 
   511    8.334156E-02    4.617678E-01    4.357184E-01    6.720993E-01 
   512    8.400134E-02    4.601867E-01    4.338352E-01    6.719545E-01 
   513    8.466646E-02    4.589871E-01    4.323524E-01    6.716244E-01 
   514    8.522087E-02    4.582474E-01    4.312840E-01    6.717579E-01 
   515    8.577036E-02    4.576874E-01    4.303757E-01    6.737194E-01 
   516    8.625484E-02    4.572929E-01    4.296443E-01    6.738932E-01 
   517    8.670789E-02    4.570308E-01    4.291242E-01    6.728295E-01 
   518    8.719103E-02    4.568640E-01    4.287359E-01    6.722086E-01 
   519    8.772854E-02    4.567532E-01    4.284259E-01    6.724514E-01 
   520    8.829806E-02    4.567006E-01    4.281926E-01    6.723330E-01 
   521    8.889746E-02    4.567075E-01    4.280530E-01    6.721588E-01 
   522    8.953165E-02    4.567495E-01    4.279648E-01    6.726315E-01 
   523    9.011244E-02    4.567904E-01    4.278854E-01    6.729727E-01 
   524    9.062845E-02    4.568328E-01    4.278089E-01    6.728736E-01 
   525    9.113323E-02    4.568889E-01    4.277571E-01    6.725048E-01 
   526    9.167575E-02    4.569659E-01    4.277297E-01    6.721884E-01 
   527    9.221713E-02    4.570463E-01    4.277074E-01    6.722828E-01 
   528    9.274002E-02    4.571242E-01    4.276797E-01    6.722989E-01 
   529    9.327298E-02    4.572026E-01    4.276582E-01    6.723825E-01 
   530    9.382835E-02    4.572804E-01    4.276439E-01    6.726123E-01 
   531    9.439599E-02    4.573520E-01    4.276335E-01    6.728623E-01 
   532    9.495981E-02    4.574153E-01    4.276244E-01    6.728560E-01 
   533    9.551575E-02    4.574785E-01    4.276239E-01    6.725803E-01 
   534    9.606656E-02    4.575509E-01    4.276403E-01    6.722303E-01 
   535    9.661794E-02    4.576280E-01    4.276636E-01    6.721915E-01 
   536    9.716417E-02    4.576990E-01    4.276787E-01    6.723561E-01 
   537    9.769871E-02    4.577627E-01    4.276850E-01    6.724021E-01 
   538    9.822875E-02    4.578218E-01    4.276852E-01    6.724320E-01 
   539    9.876240E-02    4.578767E-01    4.276842E-01    6.725171E-01 
   540    9.930328E-02    4.579274E-01    4.276792E-01    6.725607E-01 
   541    9.985340E-02    4.579758E-01    4.276798E-01    6.725441E-01 
   542    1.004126E-01    4.580230E-01    4.276805E-01    6.725123E-01 
   543    1.009744E-01    4.580682E-01    4.276876E-01    6.725011E-01 
   544    1.015302E-01    4.581099E-01    4.276885E-01    6.724985E-01 
   545    1.020788E-01    4.581485E-01    4.276929E-01    6.724919E-01 
   546    1.026214E-01    4.581844E-01    4.276886E-01    6.724712E-01 
   547    1.031595E-01    4.582189E-01    4.276895E-01    6.724306E-01 
   548    1.036953E-01    4.582532E-01    4.276842E-01    6.723769E-01 
   549    1.042329E-01    4.582875E-01    4.276861E-01    6.723281E-01 
   550    1.047752E-01    4.583212E-01    4.276833E-01    6.723197E-01 
   551    1.053239E-01    4.583524E-01    4.276843E-01    6.723646E-01 
   552    1.058770E-01    4.583799E-01    4.276794E-01    6.724226E-01 
   553    1.064303E-01    4.584035E-01    4.276749E-01    6.724416E-01 
   554    1.069808E-01    4.584248E-01    4.276683E-01    6.724184E-01 
   555    1.075287E-01    4.584455E-01    4.276626E-01    6.723746E-01 
   556    1.080738E-01    4.584665E-01    4.276598E-01    6.723255E-01 
   557    1.086167E-01    4.584883E-01    4.276558E-01    6.722748E-01 
   558    1.091583E-01    4.585111E-01    4.276579E-01    6.722251E-01 
   559    1.096998E-01    4.585341E-01    4.276553E-01    6.721977E-01 
   560    1.102430E-01    4.585563E-01    4.276588E-01    6.722064E-01 
   561    1.107881E-01    4.585765E-01    4.276539E-01    6.722446E-01 
   562    1.113357E-01    4.585944E-01    4.276547E-01    6.722806E-01 
   563    1.118840E-01    4.586103E-01    4.276472E-01    6.722955E-01 
   564    1.124328E-01    4.586250E-01    4.276462E-01    6.722904E-01 
   565    1.129805E-01    4.586389E-01    4.276393E-01    6.722732E-01 
   566    1.135273E-01    4.586525E-01    4.276382E-01    6.722503E-01 
   567    1.140722E-01    4.586662E-01    4.276335E-01    6.722259E-01 
   568    1.146163E-01    4.586799E-01    4.276323E-01    6.722024E-01 
   569    1.151596E-01    4.586937E-01    4.276303E-01    6.721830E-01 
   570    1.157031E-01    4.587073E-01    4.276285E-01    6.721710E-01 
   571    1.162476E-01    4.587200E-01    4.276280E-01    6.721673E-01 
   572    1.167930E-01    4.587316E-01    4.276235E-01    6.721701E-01 
   573    1.173396E-01    4.587415E-01    4.276223E-01    6.721738E-01 
   574    1.178866E-01    4.587499E-01    4.276143E-01    6.721741E-01 
   575    1.184337E-01    4.587570E-01    4.276118E-01    6.721689E-01 
   576    1.189799E-01    4.587631E-01    4.276017E-01    6.721573E-01 
   577    1.195259E-01    4.587687E-01    4.275985E-01    6.721388E-01 
   578    1.200707E-01    4.587742E-01    4.275885E-01    6.721164E-01 
   579    1.206153E-01    4.587797E-01    4.275856E-01    6.720918E-01 
   580    1.211597E-01    4.587853E-01    4.275773E-01    6.720693E-01 
   581    1.217044E-01    4.587909E-01    4.275743E-01    6.720515E-01 
   582    1.222494E-01    4.587963E-01    4.275678E-01    6.720390E-01 
   583    1.227950E-01    4.588012E-01    4.275636E-01    6.720305E-01 
   584    1.233410E-01    4.588056E-01    4.275585E-01    6.720233E-01 
   585    1.238871E-01    4.588097E-01    4.275527E-01    6.720146E-01 
   586    1.244333E-01    4.588135E-01    4.275495E-01    6.720030E-01 
   587    1.249789E-01    4.588174E-01    4.275429E-01    6.719893E-01 
   588    1.255245E-01    4.588215E-01    4.275420E-01    6.719739E-01 
   589    1.260696E-01    4.588259E-01    4.275357E-01    6.719595E-01 
   590    1.266147E-01    4.588306E-01    4.275367E-01    6.719469E-01 
   591    1.271595E-01    4.588352E-01    4.275309E-01    6.719380E-01 
   592    1.277047E-01    4.588395E-01    4.275320E-01    6.719348E-01 
   593    1.282498E-01    4.588431E-01    4.275257E-01    6.719373E-01 
   594    1.287954E-01    4.588455E-01    4.275242E-01    6.719426E-01 
   595    1.293410E-01    4.588462E-01    4.275159E-01    6.719491E-01 
   596    1.298867E-01    4.588449E-01    4.275091E-01    6.719527E-01 
   597    1.304324E-01    4.588412E-01    4.274971E-01    6.719523E-01 
   598    1.309777E-01    4.588350E-01    4.274831E-01    6.719485E-01 
   599    1.315232E-01    4.588258E-01    4.274661E-01    6.719377E-01 
   600    1.320683E-01    4.588137E-01    4.274433E-01    6.719188E-01 
   601    1.326136E-01    4.587986E-01    4.274203E-01    6.718903E-01 
   602    1.331586E-01    4.587805E-01    4.273889E-01    6.718510E-01 
   603    1.337040E-01    4.587597E-01    4.273600E-01    6.718007E-01 
   604    1.342493E-01    4.587368E-01    4.273218E-01    6.717382E-01 
   605    1.347949E-01    4.587124E-01    4.272890E-01    6.716619E-01 
   606    1.353404E-01    4.586876E-01    4.272489E-01    6.715730E-01 
   607    1.358862E-01    4.586636E-01    4.272167E-01    6.714705E-01 
   608    1.364320E-01    4.586419E-01    4.271817E-01    6.713565E-01 
   609    1.369777E-01    4.586238E-01    4.271566E-01    6.712338E-01 
   610    1.375235E-01    4.586108E-01    4.271344E-01    6.711062E-01 
   611    1.380692E-01    4.586039E-01    4.271229E-01    6.709882E-01 
   612    1.386151E-01    4.586039E-01    4.271196E-01    6.708985E-01 
   613    1.391608E-01    4.586113E-01    4.271256E-01    6.708552E-01 
   614    1.397068E-01    4.586258E-01    4.271430E-01    6.708781E-01 
   615    1.402526E-01    4.586465E-01    4.271652E-01    6.709648E-01 
   616    1.407985E-01    4.586719E-01    4.271984E-01    6.711055E-01 
   617    1.413442E-01    4.586998E-01    4.272292E-01    6.712805E-01 
   618    1.418900E-01    4.587271E-01    4.272659E-01    6.714661E-01 
   619    1.424354E-01    4.587505E-01    4.272907E-01    6.716534E-01 
   620    1.429808E-01    4.587658E-01    4.273118E-01    6.718247E-01 
   621    1.435261E-01    4.587685E-01    4.273102E-01    6.719736E-01 
   622    1.440712E-01    4.587539E-01    4.272920E-01    6.720918E-01 
   623    1.446163E-01    4.587173E-01    4.272403E-01    6.721712E-01 
   624    1.451613E-01    4.586545E-01    4.271582E-01    6.722026E-01 
   625    1.457063E-01    4.585617E-01    4.270347E-01    6.721788E-01 
   626    1.462514E-01    4.584363E-01    4.268699E-01    6.720894E-01 
   627    1.467966E-01    4.582773E-01    4.266619E-01    6.719204E-01 
   628    1.473419E-01    4.580853E-01    4.264088E-01    6.716471E-01 
   629    1.478876E-01    4.578631E-01    4.261200E-01    6.712450E-01 
   630    1.484333E-01    4.576162E-01    4.257943E-01    6.706997E-01 
   631    1.489798E-01    4.573520E-01    4.254520E-01    6.700036E-01 
   632    1.495264E-01    4.570811E-01    4.250947E-01    6.691592E-01 
   633    1.500738E-01    4.568155E-01    4.247512E-01    6.681784E-01 
   634    1.506218E-01    4.565692E-01    4.244264E-01    6.670735E-01 
   635    1.511705E-01    4.563566E-01    4.241518E-01    6.658630E-01 
   636    1.517200E-01    4.561917E-01    4.239339E-01    6.646045E-01 
   637    1.522701E-01    4.560870E-01    4.237991E-01    6.634061E-01 
   638    1.528209E-01    4.560518E-01    4.237515E-01    6.624885E-01 
   639    1.533721E-01    4.560911E-01    4.238031E-01    6.620341E-01 
   640    1.539234E-01    4.562040E-01    4.239499E-01    6.621977E-01 
   641    1.544744E-01    4.563825E-01    4.241814E-01    6.630001E-01 
   642    1.550249E-01    4.566109E-01    4.244803E-01    6.643495E-01 
   643    1.555743E-01    4.568654E-01    4.248094E-01    6.660380E-01 
   644    1.561227E-01    4.571148E-01    4.251368E-01    6.679440E-01 
   645    1.566697E-01    4.573201E-01    4.254006E-01    6.698520E-01 
   646    1.572156E-01    4.574362E-01    4.255544E-01    6.716793E-01 
   647    1.577603E-01    4.574124E-01    4.255182E-01    6.732956E-01 
   648    1.583042E-01    4.571938E-01    4.252332E-01    6.745900E-01 
   649    1.588472E-01    4.567224E-01    4.246098E-01    6.755147E-01 
   650    1.593900E-01    4.559379E-01    4.235799E-01    6.760157E-01 
   651    1.599326E-01    4.547802E-01    4.220541E-01    6.759731E-01 
   652    1.604757E-01    4.531903E-01    4.199629E-01    6.752165E-01 
   653    1.610196E-01    4.511125E-01    4.172270E-01    6.737294E-01 
   654    1.615652E-01    4.484927E-01    4.137788E-01    6.712134E-01 
   655    1.621131E-01    4.452824E-01    4.095588E-01    6.672269E-01 
   656    1.626644E-01    4.414398E-01    4.045113E-01    6.616197E-01 
   657    1.632204E-01    4.369259E-01    3.985979E-01    6.541494E-01 
   658    1.637824E-01    4.317121E-01    3.917837E-01    6.444330E-01 
   659    1.643519E-01    4.257775E-01    3.840633E-01    6.323594E-01 
   660    1.649306E-01    4.191125E-01    3.754274E-01    6.174943E-01 
   661    1.655206E-01    4.117138E-01    3.659069E-01    5.995494E-01 
   662    1.661236E-01    4.035999E-01    3.555338E-01    5.788503E-01 
   663    1.667420E-01    3.947986E-01    3.443835E-01    5.550845E-01 
   664    1.673775E-01    3.853725E-01    3.325560E-01    5.277016E-01 
   665    1.680326E-01    3.753951E-01    3.201778E-01    4.966382E-01 
   666    1.687093E-01    3.649697E-01    3.074014E-01    4.625874E-01 
   667    1.694098E-01    3.542236E-01    2.944144E-01    4.260024E-01 
   668    1.701355E-01    3.433248E-01    2.814377E-01    3.867402E-01 
   669    1.708878E-01    3.324562E-01    2.686999E-01    3.452632E-01 
   670    1.716678E-01    3.218113E-01    2.564294E-01    3.029489E-01 
   671    1.724757E-01    3.115919E-01    2.448477E-01    2.608888E-01 
   672    1.733112E-01    3.019901E-01    2.341499E-01    2.200660E-01 
   673    1.741730E-01    2.931704E-01    2.244847E-01    1.815184E-01 
   674    1.750594E-01    2.852564E-01    2.159499E-01    1.465925E-01 
   675    1.759681E-01    2.783259E-01    2.085837E-01    1.160007E-01 
   676    1.768961E-01    2.724006E-01    2.023672E-01    9.012713E-02 
   677    1.778404E-01    2.674505E-01    1.972308E-01    6.881915E-02 
   678    1.787981E-01    2.634050E-01    1.930710E-01    5.174279E-02 
   679    1.797666E-01    2.601655E-01    1.897642E-01    3.844629E-02 
   680    1.807434E-01    2.576204E-01    1.871800E-01    2.825945E-02 
   681    1.817267E-01    2.556538E-01    1.851908E-01    2.056084E-02 
   682    1.827148E-01    2.541561E-01    1.836800E-01    1.483428E-02 
   683    1.837064E-01    2.530305E-01    1.825466E-01    1.062893E-02 
   684    1.847008E-01    2.521942E-01    1.817054E-01    7.572323E-03 
   685    1.856970E-01    2.515789E-01    1.810868E-01    5.369172E-03 
   686    1.866946E-01    2.511300E-01    1.806356E-01    3.791925E-03 
   687    1.876932E-01    2.508048E-01    1.803088E-01    2.668996E-03 
   688    1.886926E-01    2.505708E-01    1.800737E-01    1.873220E-03 
   689    1.896924E-01    2.504034E-01    1.799054E-01    1.311521E-03 
   690    1.906926E-01    2.502841E-01    1.797856E-01    9.163442E-04 
   691    1.916930E-01    2.501996E-01    1.797006E-01    6.390809E-04 
   692    1.926936E-01    2.501398E-01    1.796406E-01    4.450001E-04 
   693    1.936943E-01    2.500978E-01    1.795983E-01    3.094176E-04 
   694    1.946951E-01    2.500682E-01    1.795686E-01    2.148665E-04 
   695    1.956960E-01    2.500475E-01    1.795478E-01    1.490308E-04 
   696    1.966969E-01    2.500331E-01    1.795332E-01    1.032526E-04 
   697    1.976978E-01    2.500230E-01    1.795231E-01    7.146076E-05 
   698    1.986988E-01    2.500159E-01    1.795160E-01    4.940732E-05 
   699    1.996998E-01    2.500110E-01    1.795111E-01    3.412567E-05 
   700    2.007007E-01    2.500076E-01    1.795077E-01    2.354727E-05 
   701    2.017017E-01    2.500053E-01    1.795053E-01    1.623182E-05 
   702    2.027027E-01    2.500036E-01    1.795037E-01    1.117777E-05 
   703    2.037037E-01    2.500025E-01    1.795025E-01    7.689418E-06 
   704    2.047047E-01    2.500017E-01    1.795017E-01    5.284068E-06 
   705    2.057057E-01    2.500012E-01    1.795012E-01    3.627126E-06 
   706    2.067067E-01    2.500008E-01    1.795008E-01    2.486886E-06 
   707    2.077077E-01    2.500006E-01    1.795006E-01    1.703042E-06 
   708    2.087087E-01    2.500004E-01    1.795004E-01    1.164784E-06 
   709    2.097097E-01    2.500003E-01    1.795003E-01    7.955870E-07 
   710    2.107107E-01    2.500002E-01    1.795002E-01    5.426527E-07 
   711    2.117117E-01    2.500001E-01    1.795001E-01    3.695859E-07 
   712    2.127127E-01    2.500001E-01    1.795001E-01    2.513231E-07 
   713    2.137137E-01    2.500001E-01    1.795001E-01    1.706220E-07 
   714    2.147147E-01    2.500000E-01    1.795000E-01    1.156334E-07 
   715    2.157157E-01    2.500000E-01    1.795000E-01    7.822290E-08 
   716    2.167167E-01    2.500000E-01    1.795000E-01    5.281300E-08 
   717    2.177177E-01    2.500000E-01    1.795000E-01    3.558403E-08 
   718    2.187187E-01    2.500000E-01    1.795000E-01    2.392348E-08 
   719    2.197197E-01    2.500000E-01    1.795000E-01    1.604694E-08 
   720    2.207207E-01    2.500000E-01    1.795000E-01    1.073740E-08 
   721    2.217217E-01    2.500000E-01    1.795000E-01    7.166044E-09 
   722    2.227227E-01    2.500000E-01    1.795000E-01    4.769401E-09 
   723    2.237237E-01    2.500000E-01    1.795000E-01    3.165018E-09 
   724    2.247247E-01    2.500000E-01    1.795000E-01    2.093794E-09 
   725    2.257257E-01    2.500000E-01    1.795000E-01    1.380534E-09 
   726    2.267267E-01    2.500000E-01    1.795000E-01    9.070191E-10 
   727    2.277277E-01    2.500000E-01    1.795000E-01    5.936520E-10 
   728    2.287287E-01    2.500000E-01    1.795000E-01    3.869641E-10 
   729    2.297297E-01    2.500000E-01    1.795000E-01    2.511296E-10 
   730    2.307307E-01    2.500000E-01    1.795000E-01    1.622017E-10 
   731    2.317317E-01    2.500000E-01    1.795000E-01    1.042240E-10 
   732    2.327327E-01    2.500000E-01    1.795000E-01    6.659357E-11 
   733    2.337337E-01    2.500000E-01    1.795000E-01    4.228854E-11 
   734    2.347347E-01    2.500000E-01    1.795000E-01    2.667094E-11 
   735    2.357357E-01    2.500000E-01    1.795000E-01    1.669394E-11 
   736    2.367367E-01    2.500000E-01    1.795000E-01    1.036096E-11 
   737    2.377377E-01    2.500000E-01    1.795000E-01    6.368858E-12 
   738    2.387387E-01    2.500000E-01    1.795000E-01    3.872030E-12 
   739    2.397397E-01    2.500000E-01    1.795000E-01    2.324586E-12 
   740    2.407407E-01    2.500000E-01    1.795000E-01    1.374704E-12 
   741    2.417417E-01    2.500000E-01    1.795000E-01    7.982947E-13 
   742    2.427427E-01    2.500000E-01    1.795000E-01    4.531686E-13 
   743    2.437437E-01    2.500000E-01    1.795000E-01    2.496314E-13 
   744    2.447447E-01    2.500000E-01    1.795000E-01    1.319255E-13 
   745    2.457457E-01    2.500000E-01    1.795000E-01    6.610980E-14 
   746    2.467467E-01    2.500000E-01    1.795000E-01    3.057172E-14 
   747    2.477477E-01    2.500000E-01    1.795000E-01    1.184162E-14 
   748    2.487487E-01    2.500000E-01    1.795000E-01    2.802739E-15 
   749    2.497497E-01    2.500000E-01    1.795000E-01   -6.975954E-16 
   750    2.507508E-01    2.500000E-01    1.795000E-01   -2.364939E-15 
   751    2.517518E-01    2.500000E-01    1.795000E-01   -2.907571E-15 
   752    2.527528E-01    2.500000E-01    1.795000E-01   -3.924909E-15 
   753    2.537538E-01    2.500000E-01    1.795000E-01   -5.921736E-15 
   754    2.547548E-01    2.500000E-01    1.795000E-01   -9.290800E-15 
   755    2.557558E-01    2.500000E-01    1.795000E-01   -1.423259E-14 
   756    2.567568E-01    2.500000E-01    1.795000E-01   -2.138868E-14 
   757    2.577578E-01    2.500000E-01    1.795000E-01   -3.167758E-14 
   758    2.587588E-01    2.500000E-01    1.795000E-01   -4.629402E-14 
   759    2.597598E-01    2.500000E-01    1.795000E-01   -6.610208E-14 
   760    2.607608E-01    2.500000E-01    1.795000E-01   -9.483054E-14 
   761    2.617618E-01    2.500000E-01    1.795000E-01   -1.349391E-13 
   762    2.627628E-01    2.500000E-01    1.795000E-01   -1.914660E-13 
   763    2.637638E-01    2.500000E-01    1.795000E-01   -2.702428E-13 
   764    2.647648E-01    2.500000E-01    1.795000E-01   -3.816642E-13 
   765    2.657658E-01    2.500000E-01    1.795000E-01   -5.367924E-13 
   766    2.667668E-01    2.500000E-01    1.795000E-01   -7.542987E-13 
   767    2.677678E-01    2.500000E-01    1.795000E-01   -1.057469E-12 
   768    2.687688E-01    2.500000E-01    1.795000E-01   -1.478648E-12 
   769    2.697698E-01    2.500000E-01    1.795000E-01   -2.059547E-12 
   770    2.707708E-01    2.500000E-01    1.795000E-01   -2.862246E-12 
   771    2.717718E-01    2.500000E-01    1.795000E-01   -3.964857E-12 
   772    2.727728E-01    2.500000E-01    1.795000E-01   -5.473886E-12 
   773    2.737738E-01    2.500000E-01    1.795000E-01   -7.536096E-12 
   774    2.747748E-01    2.500000E-01    1.795000E-01   -1.034873E-11 
   775    2.757758E-01    2.500000E-01    1.795000E-01   -1.416669E-11 
   776    2.767768E-01    2.500000E-01    1.795000E-01   -1.933801E-11 
   777    2.777778E-01    2.500000E-01    1.795000E-01   -2.632782E-11 
   778    2.787788E-01    2.500000E-01    1.795000E-01   -3.574565E-11 
   779    2.797798E-01    2.500000E-01    1.795000E-01   -4.839689E-11 
   780    2.807808E-01    2.500000E-01    1.795000E-01   -6.535592E-11 
   781    2.817818E-01    2.500000E-01    1.795000E-01   -8.802771E-11 
   782    2.827828E-01    2.500000E-01    1.795000E-01   -1.182468E-10 
   783    2.837838E-01    2.500000E-01    1.795000E-01   -1.584238E-10 
   784    2.847848E-01    2.500000E-01    1.795000E-01   -2.117026E-10 
   785    2.857858E-01    2.500000E-01    1.795000E-01   -2.821643E-10 
   786    2.867868E-01    2.500000E-01    1.795000E-01   -3.751059E-10 
   787    2.877878E-01    2.500000E-01    1.795000E-01   -4.973942E-10 
   788    2.887888E-01    2.500000E-01    1.795000E-01   -6.578751E-10 
   789    2.897898E-01    2.500000E-01    1.795000E-01   -8.679336E-10 
   790    2.907908E-01    2.500000E-01    1.795000E-01   -1.142186E-09 
   791    2.917918E-01    2.500000E-01    1.795000E-01   -1.499340E-09 
   792    2.927928E-01    2.500000E-01    1.795000E-01   -1.963258E-09 
   793    2.937938E-01    2.500000E-01    1.795000E-01   -2.564334E-09 
   794    2.947948E-01    2.500000E-01    1.795000E-01   -3.341143E-09 
   795    2.957958E-01    2.500000E-01    1.795000E-01   -4.342520E-09 
   796    2.967968E-01    2.500000E-01    1.795000E-01   -5.630119E-09 
   797    2.977978E-01    2.500000E-01    1.795000E-01   -7.281578E-09 
   798    2.987988E-01    2.500000E-01    1.795000E-01   -9.394362E-09 
   799    2.997998E-01    2.500000E-01    1.795000E-01   -1.209054E-08 
   800    3.008008E-01    2.500000E-01    1.795000E-01   -1.552251E-08 
   801    3.018018E-01    2.500000E-01    1.795000E-01   -1.988008E-08 
   802    3.028028E-01    2.500000E-01    1.795000E-01   -2.539890E-08 
   803    3.038038E-01    2.500000E-01    1.795000E-01   -3.237084E-08 
   804    3.048048E-01    2.500000E-01    1.795000E-01   -4.115623E-08 
   805    3.058058E-01    2.500000E-01    1.795000E-01   -5.219880E-08 
   806    3.068068E-01    2.500000E-01    1.795000E-01   -6.604331E-08 
   807    3.078078E-01    2.500000E-01    1.795000E-01   -8.335673E-08 
   808    3.088088E-01    2.500000E-01    1.795000E-01   -1.049532E-07 
   809    3.098098E-01    2.500000E-01    1.795000E-01   -1.318238E-07 
   810    3.108108E-01    2.500000E-01    1.795000E-01   -1.651712E-07 
   811    3.118118E-01    2.500001E-01    1.795001E-01   -2.064506E-07 
   812    3.128128E-01    2.500001E-01    1.795001E-01   -2.574177E-07 
   813    3.138138E-01    2.500001E-01    1.795001E-01   -3.201840E-07 
   814    3.148148E-01    2.500001E-01    1.795001E-01   -3.972818E-07 
   815    3.158158E-01    2.500001E-01    1.795001E-01   -4.917377E-07 
   816    3.168168E-01    2.500001E-01    1.795001E-01   -6.071591E-07 
   817    3.178178E-01    2.500002E-01    1.795002E-01   -7.478309E-07 
   818    3.188188E-01    2.500002E-01    1.795002E-01   -9.188276E-07 
   819    3.198198E-01    2.500003E-01    1.795003E-01   -1.126139E-06 
   820    3.208208E-01    2.500003E-01    1.795003E-01   -1.376810E-06 
   821    3.218218E-01    2.500004E-01    1.795004E-01   -1.679105E-06 
   822    3.228228E-01    2.500005E-01    1.795005E-01   -2.042680E-06 
   823    3.238238E-01    2.500006E-01    1.795006E-01   -2.478779E-06 
   824    3.248248E-01    2.500007E-01    1.795007E-01   -3.000454E-06 
   825    3.258258E-01    2.500009E-01    1.795009E-01   -3.622798E-06 
   826    3.268268E-01    2.500011E-01    1.795011E-01   -4.363203E-06 
   827    3.278278E-01    2.500013E-01    1.795013E-01   -5.241633E-06 
   828    3.288288E-01    2.500015E-01    1.795015E-01   -6.280924E-06 
   829    3.298298E-01    2.500018E-01    1.795018E-01   -7.507088E-06 
   830    3.308308E-01    2.500021E-01    1.795022E-01   -8.949647E-06 
   831    3.318318E-01    2.500025E-01    1.795026E-01   -1.064196E-05 
   832    3.328328E-01    2.500030E-01    1.795030E-01   -1.262158E-05 
   833    3.338338E-01    2.500036E-01    1.795036E-01   -1.493058E-05 
   834    3.348348E-01    2.500042E-01    1.795042E-01   -1.761590E-05 
   835    3.358357E-01    2.500049E-01    1.795050E-01   -2.072968E-05 
   836    3.368367E-01    2.500058E-01    1.795058E-01   -2.432952E-05 
   837    3.378377E-01    2.500068E-01    1.795068E-01   -2.847879E-05 
   838    3.388387E-01    2.500079E-01    1.795079E-01   -3.324682E-05 
   839    3.398396E-01    2.500092E-01    1.795092E-01   -3.870905E-05 
   840    3.408406E-01    2.500106E-01    1.795107E-01   -4.494709E-05 
   841    3.418416E-01    2.500123E-01    1.795124E-01   -5.204872E-05 
   842    3.428425E-01    2.500142E-01    1.795143E-01   -6.010776E-05 
   843    3.438435E-01    2.500163E-01    1.795164E-01   -6.922376E-05 
   844    3.448444E-01    2.500188E-01    1.795189E-01   -7.950162E-05 
   845    3.458453E-01    2.500215E-01    1.795216E-01   -9.105097E-05 
   846    3.468462E-01    2.500245E-01    1.795246E-01   -1.039854E-04 
   847    3.478471E-01    2.500279E-01    1.795280E-01   -1.184215E-04 
   848    3.488480E-01    2.500317E-01    1.795318E-01   -1.344776E-04 
   849    3.498489E-01    2.500358E-01    1.795360E-01   -1.522725E-04 
   850    3.508498E-01    2.500405E-01    1.795407E-01   -1.719234E-04 
   851    3.518506E-01    2.500455E-01    1.795458E-01   -1.935445E-04 
   852    3.528514E-01    2.500511E-01    1.795514E-01   -2.172445E-04 
   853    3.538522E-01    2.500572E-01    1.795575E-01   -2.431241E-04 
   854    3.548530E-01    2.500638E-01    1.795641E-01   -2.712740E-04 
   855    3.558537E-01    2.500710E-01    1.795714E-01   -3.017713E-04 
   856    3.568544E-01    2.500787E-01    1.795791E-01   -3.346772E-04 
   857    3.578551E-01    2.500871E-01    1.795875E-01   -3.700336E-04 
   858    3.588557E-01    2.500960E-01    1.795965E-01   -4.078601E-04 
   859    3.598564E-01    2.501055E-01    1.796061E-01   -4.481509E-04 
   860    3.608569E-01    2.501156E-01    1.796162E-01   -4.908716E-04 
   861    3.618574E-01    2.501263E-01    1.796270E-01   -5.359568E-04 
   862    3.628579E-01    2.501375E-01    1.796383E-01   -5.833070E-04 
   863    3.638584E-01    2.501493E-01    1.796501E-01   -6.327866E-04 
   864    3.648588E-01    2.501615E-01    1.796624E-01   -6.842220E-04 
   865    3.658591E-01    2.501743E-01    1.796752E-01   -7.374005E-04 
   866    3.668594E-01    2.501873E-01    1.796883E-01   -7.920692E-04 
   867    3.678596E-01    2.502008E-01    1.797018E-01   -8.479358E-04 
   868    3.688598E-01    2.502144E-01    1.797156E-01   -9.046688E-04 
   869    3.698599E-01    2.502283E-01    1.797295E-01   -9.618996E-04 
   870    3.708600E-01    2.502422E-01    1.797435E-01   -1.019225E-03 
   871    3.718600E-01    2.502561E-01    1.797575E-01   -1.076212E-03 
   872    3.728599E-01    2.502699E-01    1.797714E-01   -1.132400E-03 
   873    3.738598E-01    2.502834E-01    1.797850E-01   -1.187309E-03 
   874    3.748596E-01    2.502966E-01    1.797983E-01   -1.240444E-03 
   875    3.758594E-01    2.503094E-01    1.798111E-01   -1.291301E-03 
   876    3.768591E-01    2.503215E-01    1.798233E-01   -1.339375E-03 
   877    3.778588E-01    2.503329E-01    1.798348E-01   -1.384172E-03 
   878    3.788585E-01    2.503435E-01    1.798454E-01   -1.425216E-03 
   879    3.798580E-01    2.503532E-01    1.798551E-01   -1.462062E-03 
   880    3.808576E-01    2.503618E-01    1.798638E-01   -1.494293E-03 
   881    3.818571E-01    2.503692E-01    1.798712E-01   -1.521486E-03 
   882    3.828566E-01    2.503753E-01    1.798774E-01   -1.543192E-03 
   883    3.838561E-01    2.503799E-01    1.798819E-01   -1.559095E-03 
   884    3.848555E-01    2.503827E-01    1.798848E-01   -1.569115E-03 
   885    3.858550E-01    2.503835E-01    1.798856E-01   -1.573187E-03 
   886    3.868544E-01    2.503819E-01    1.798840E-01   -1.570722E-03 
   887    3.878538E-01    2.503774E-01    1.798795E-01   -1.559784E-03 
   888    3.888533E-01    2.503697E-01    1.798717E-01   -1.537138E-03 
   889    3.898527E-01    2.503582E-01    1.798602E-01   -1.499138E-03 
   890    3.908523E-01    2.503427E-01    1.798446E-01   -1.442623E-03 
   891    3.918518E-01    2.503229E-01    1.798247E-01   -1.365314E-03 
   892    3.928515E-01    2.502988E-01    1.798004E-01   -1.265836E-03 
   893    3.938513E-01    2.502703E-01    1.797718E-01   -1.144059E-03 
   894    3.948512E-01    2.502380E-01    1.797393E-01   -1.003016E-03 
   895    3.958513E-01    2.502023E-01    1.797034E-01   -8.473564E-04 
   896    3.968515E-01    2.501643E-01    1.796652E-01   -6.824736E-04 
   897    3.978519E-01    2.501252E-01    1.796258E-01   -5.125388E-04 
   898    3.988525E-01    2.500864E-01    1.795868E-01   -3.395099E-04 
   899    3.998533E-01    2.500494E-01    1.795496E-01   -1.663953E-04 
   900    4.008543E-01    2.500155E-01    1.795155E-01    6.378246E-07 
   901    4.018554E-01    2.499857E-01    1.794857E-01    1.499680E-04 
   902    4.028566E-01    2.499612E-01    1.794609E-01    2.676670E-04 
   903    4.038578E-01    2.499424E-01    1.794421E-01    3.437730E-04 
   904    4.048591E-01    2.499299E-01    1.794295E-01    3.755528E-04 
   905    4.058606E-01    2.499237E-01    1.794233E-01    3.693471E-04 
   906    4.068621E-01    2.499232E-01    1.794228E-01    3.373033E-04 
   907    4.078636E-01    2.499276E-01    1.794272E-01    2.909555E-04 
   908    4.088649E-01    2.499352E-01    1.794349E-01    2.396046E-04 
   909    4.098660E-01    2.499448E-01    1.794445E-01    1.877652E-04 
   910    4.108671E-01    2.499551E-01    1.794548E-01    1.370807E-04 
   911    4.118681E-01    2.499653E-01    1.794651E-01    8.992725E-05 
   912    4.128694E-01    2.499751E-01    1.794749E-01    4.849885E-05 
   913    4.138707E-01    2.499839E-01    1.794838E-01    1.489077E-05 
   914    4.148718E-01    2.499916E-01    1.794915E-01   -9.739790E-06 
   915    4.158726E-01    2.499978E-01    1.794978E-01   -2.690108E-05 
   916    4.168734E-01    2.500027E-01    1.795027E-01   -3.985235E-05 
   917    4.178742E-01    2.500063E-01    1.795063E-01   -5.126070E-05 
   918    4.188753E-01    2.500091E-01    1.795091E-01   -6.130170E-05 
   919    4.198765E-01    2.500110E-01    1.795111E-01   -6.814483E-05 
   920    4.208776E-01    2.500122E-01    1.795123E-01   -6.725049E-05 
   921    4.218785E-01    2.500123E-01    1.795124E-01   -5.684182E-05 
   922    4.228791E-01    2.500113E-01    1.795114E-01   -4.347251E-05 
   923    4.238798E-01    2.500095E-01    1.795095E-01   -3.739490E-05 
   924    4.248808E-01    2.500072E-01    1.795073E-01   -4.047117E-05 
   925    4.258821E-01    2.500052E-01    1.795052E-01   -4.676048E-05 
   926    4.268834E-01    2.500035E-01    1.795035E-01   -4.462552E-05 
   927    4.278844E-01    2.500021E-01    1.795021E-01   -1.412228E-05 
   928    4.288851E-01    2.500008E-01    1.795008E-01    2.387241E-05 
   929    4.298857E-01    2.499997E-01    1.794996E-01    3.246949E-05 
   930    4.308867E-01    2.499989E-01    1.794988E-01    1.947103E-05 
   931    4.318880E-01    2.499987E-01    1.794987E-01    1.098325E-06 
   932    4.328894E-01    2.499992E-01    1.794992E-01   -1.510572E-05 
   933    4.338906E-01    2.500001E-01    1.795001E-01   -1.540520E-05 
   934    4.348913E-01    2.500011E-01    1.795011E-01   -7.403749E-06 
   935    4.358917E-01    2.500023E-01    1.795023E-01   -1.356043E-05 
   936    4.368925E-01    2.500035E-01    1.795035E-01   -2.879724E-05 
   937    4.378939E-01    2.500051E-01    1.795051E-01   -4.302380E-05 
   938    4.388954E-01    2.500066E-01    1.795066E-01   -4.829053E-05 
   939    4.398967E-01    2.500075E-01    1.795076E-01   -4.239707E-05 
   940    4.408974E-01    2.500076E-01    1.795076E-01   -2.712290E-05 
   941    4.418975E-01    2.500067E-01    1.795067E-01   -1.875730E-05 
   942    4.428980E-01    2.500053E-01    1.795054E-01   -2.956145E-05 
   943    4.438994E-01    2.500045E-01    1.795045E-01   -4.860135E-05 
   944    4.449013E-01    2.500041E-01    1.795041E-01   -5.690847E-05 
   945    4.459029E-01    2.500038E-01    1.795038E-01   -4.060869E-05 
   946    4.469037E-01    2.500031E-01    1.795031E-01    8.245839E-06 
   947    4.479035E-01    2.500017E-01    1.795017E-01    3.385217E-05 
   948    4.489035E-01    2.500003E-01    1.795003E-01    1.186039E-05 
   949    4.499049E-01    2.499998E-01    1.794998E-01   -2.468629E-05 
   950    4.509071E-01    2.500004E-01    1.795004E-01   -4.603340E-05 
   951    4.519094E-01    2.500012E-01    1.795012E-01   -3.927843E-05 
   952    4.529105E-01    2.500016E-01    1.795015E-01    3.309238E-06 
   953    4.539095E-01    2.500012E-01    1.795012E-01    2.294201E-05 
   954    4.549087E-01    2.500007E-01    1.795007E-01   -6.996673E-06 
   955    4.559101E-01    2.500011E-01    1.795011E-01   -4.784921E-05 
   956    4.569130E-01    2.500025E-01    1.795025E-01   -7.655802E-05 
   957    4.579160E-01    2.500038E-01    1.795038E-01   -6.851867E-05 
   958    4.589177E-01    2.500035E-01    1.795035E-01    1.309920E-05 
   959    4.599159E-01    2.500010E-01    1.795010E-01    6.096655E-05 
   960    4.609141E-01    2.499980E-01    1.794980E-01    1.731250E-05 
   961    4.619138E-01    2.499973E-01    1.794973E-01   -8.327512E-05 
   962    4.629173E-01    2.499991E-01    1.794991E-01   -1.282479E-04 
   963    4.639243E-01    2.500005E-01    1.795005E-01   -4.105488E-05 
   964    4.649278E-01    2.499992E-01    1.794992E-01    9.646703E-05 
   965    4.659222E-01    2.499968E-01    1.794967E-01    5.919459E-05 
   966    4.669157E-01    2.499953E-01    1.794953E-01    4.133017E-06 
   967    4.679154E-01    2.499961E-01    1.794961E-01   -8.929294E-05 
   968    4.689253E-01    2.499985E-01    1.794985E-01   -1.153405E-04 
   969    4.699385E-01    2.499988E-01    1.794988E-01   -6.169608E-06 
   970    4.709308E-01    2.499978E-01    1.794978E-01   -4.179735E-05 
   971    4.719284E-01    2.499938E-01    1.794938E-01    1.711822E-04 
   972    4.729199E-01    2.499876E-01    1.794876E-01    7.809527E-05 
   973    4.739185E-01    2.499867E-01    1.794867E-01   -1.746829E-04 
   974    4.749326E-01    2.499900E-01    1.794900E-01   -2.646910E-04 
   975    4.759345E-01    2.499921E-01    1.794921E-01   -9.166811E-05 
   976    4.769583E-01    2.499871E-01    1.794872E-01    2.746200E-04 
   977    4.779472E-01    2.499764E-01    1.794764E-01    3.151800E-04 
   978    4.789119E-01    2.499687E-01    1.794687E-01   -2.058550E-05 
   979    4.798851E-01    2.499772E-01    1.794776E-01   -6.672117E-04 
   980    4.809420E-01    2.499831E-01    1.794833E-01   -2.719460E-05 
   981    4.819940E-01    2.499738E-01    1.794746E-01    2.437038E-04 
   982    4.829947E-01    2.499557E-01    1.794566E-01    3.681192E-04 
   983    4.839375E-01    2.499315E-01    1.794319E-01    2.323590E-04 
   984    4.847849E-01    2.499194E-01    1.794203E-01   -8.740023E-04 
   985    4.859655E-01    2.498899E-01    1.793910E-01    3.267839E-05 
   986    4.870120E-01    2.498142E-01    1.793172E-01    1.163810E-04 
   987    4.880271E-01    2.496810E-01    1.791853E-01    2.053261E-04 
   988    4.889969E-01    2.494526E-01    1.789540E-01    2.589864E-04 
   989    4.897241E-01    2.491787E-01    1.786454E-01   -5.122582E-04 
   990    4.909910E-01    2.486830E-01    1.785544E-01    0.000000E+00 
   991    4.919920E-01    2.483859E-01    1.783411E-01    0.000000E+00 
   992    4.929930E-01    2.477744E-01    1.779021E-01    0.000000E+00 
   993    4.939940E-01    2.460944E-01    1.766958E-01    0.000000E+00 
   994    4.949950E-01    2.421873E-01    1.738905E-01    0.000000E+00 
   995    4.959960E-01    2.342565E-01    1.681961E-01    0.000000E+00 
   996    4.969970E-01    2.204441E-01    1.582789E-01    0.000000E+00 
   997    4.979980E-01    1.999494E-01    1.435637E-01    0.000000E+00 
   998    4.989990E-01    1.731597E-01    1.243287E-01    0.000000E+00 
   999    5.000000E-01    1.416667E-01    1.017167E-01    0.000000E+00 
