     0   -5.000000E-01    5.666667E-01    5.666667E-01    0.000000E+00 
     1   -4.989990E-01    6.926435E-01    6.926435E-01    0.000000E+00 
     2   -4.979980E-01    7.998186E-01    7.998186E-01    0.000000E+00 
     3   -4.969970E-01    8.818191E-01    8.818191E-01    0.000000E+00 
     4   -4.959960E-01    9.370902E-01    9.370902E-01    0.000000E+00 
     5   -4.949950E-01    9.688327E-01    9.688327E-01    0.000000E+00 
     6   -4.939940E-01    9.844671E-01    9.844671E-01    0.000000E+00 
     7   -4.929930E-01    9.911652E-01    9.911652E-01    0.000000E+00 
     8   -4.919920E-01    9.935799E-01    9.935799E-01    0.000000E+00 
     9   -4.909910E-01    9.947394E-01    9.947394E-01    0.000000E+00 
    10   -4.897345E-01    9.966809E-01    9.951991E-01    4.948973E-04 
    11   -4.889919E-01    9.977977E-01    9.969378E-01   -2.460944E-04 
    12   -4.880232E-01    9.987115E-01    9.982285E-01   -1.936503E-04 
    13   -4.870092E-01    9.992458E-01    9.989665E-01   -1.169057E-04 
    14   -4.859648E-01    9.995490E-01    9.993785E-01   -2.973352E-05 
    15   -4.848008E-01    9.996590E-01    9.995302E-01    7.929231E-04 
    16   -4.839344E-01    9.997011E-01    9.995858E-01   -1.842075E-04 
    17   -4.829880E-01    9.998026E-01    9.997297E-01   -3.400021E-04 
    18   -4.819890E-01    9.998830E-01    9.998407E-01   -2.277468E-04 
    19   -4.809426E-01    9.999237E-01    9.998947E-01    3.406258E-05 
    20   -4.798952E-01    9.999007E-01    9.998630E-01    5.500891E-04 
    21   -4.789137E-01    9.998661E-01    9.998135E-01    6.164661E-05 
    22   -4.779428E-01    9.998956E-01    9.998547E-01   -2.481259E-04 
    23   -4.769538E-01    9.999408E-01    9.999179E-01   -2.326902E-04 
    24   -4.759356E-01    9.999631E-01    9.999486E-01    6.624487E-05 
    25   -4.749350E-01    9.999584E-01    9.999421E-01    1.815945E-04 
    26   -4.739212E-01    9.999473E-01    9.999265E-01    1.448283E-04 
    27   -4.729202E-01    9.999465E-01    9.999254E-01   -2.313489E-05 
    28   -4.719266E-01    9.999673E-01    9.999543E-01   -1.193218E-04 
    29   -4.709306E-01    9.999838E-01    9.999774E-01    1.050596E-07 
    30   -4.699374E-01    9.999908E-01    9.999872E-01   -2.504129E-05 
    31   -4.689264E-01    9.999913E-01    9.999880E-01    9.430657E-05 
    32   -4.679174E-01    9.999818E-01    9.999748E-01    9.540193E-05 
    33   -4.669166E-01    9.999761E-01    9.999666E-01    2.718109E-05 
    34   -4.659217E-01    9.999811E-01    9.999736E-01   -4.048668E-05 
    35   -4.649263E-01    9.999927E-01    9.999899E-01   -7.613236E-05 
    36   -4.639241E-01    9.999997E-01    9.999996E-01    1.941036E-05 
    37   -4.629183E-01    9.999954E-01    9.999936E-01    9.046510E-05 
    38   -4.619151E-01    9.999867E-01    9.999814E-01    7.002320E-05 
    39   -4.609146E-01    9.999852E-01    9.999793E-01    1.340240E-07 
    40   -4.599156E-01    9.999928E-01    9.999899E-01   -3.972061E-05 
    41   -4.589170E-01    1.000001E+00    1.000001E+00   -2.257977E-05 
    42   -4.579158E-01    1.000004E+00    1.000005E+00    3.898176E-05 
    43   -4.569133E-01    1.000001E+00    1.000002E+00    5.179012E-05 
    44   -4.559108E-01    9.999985E-01    9.999980E-01    3.902396E-05 
    45   -4.549093E-01    9.999984E-01    9.999978E-01    1.512075E-05 
    46   -4.539094E-01    1.000002E+00    1.000003E+00   -1.018271E-05 
    47   -4.529100E-01    1.000007E+00    1.000009E+00   -2.708168E-06 
    48   -4.519092E-01    1.000008E+00    1.000012E+00    2.507647E-05 
    49   -4.509073E-01    1.000007E+00    1.000010E+00    3.847738E-05 
    50   -4.499054E-01    1.000005E+00    1.000007E+00    3.464131E-05 
    51   -4.489040E-01    1.000004E+00    1.000005E+00    1.612299E-05 
    52   -4.479036E-01    1.000006E+00    1.000008E+00   -1.716651E-06 
    53   -4.469035E-01    1.000009E+00    1.000012E+00    3.613441E-06 
    54   -4.459027E-01    1.000010E+00    1.000014E+00    2.460941E-05 
    55   -4.449013E-01    1.000009E+00    1.000013E+00    3.233660E-05 
    56   -4.438998E-01    1.000009E+00    1.000012E+00    2.988107E-05 
    57   -4.428985E-01    1.000009E+00    1.000012E+00    1.870739E-05 
    58   -4.418977E-01    1.000011E+00    1.000015E+00    8.646336E-06 
    59   -4.408973E-01    1.000013E+00    1.000018E+00    1.213063E-05 
    60   -4.398965E-01    1.000014E+00    1.000020E+00    2.409408E-05 
    61   -4.388953E-01    1.000014E+00    1.000019E+00    3.029989E-05 
    62   -4.378940E-01    1.000013E+00    1.000018E+00    3.060787E-05 
    63   -4.368928E-01    1.000012E+00    1.000017E+00    2.435223E-05 
    64   -4.358918E-01    1.000013E+00    1.000018E+00    1.754459E-05 
    65   -4.348912E-01    1.000014E+00    1.000019E+00    1.720461E-05 
    66   -4.338904E-01    1.000014E+00    1.000020E+00    2.283685E-05 
    67   -4.328893E-01    1.000014E+00    1.000019E+00    2.529532E-05 
    68   -4.318882E-01    1.000013E+00    1.000018E+00    2.458820E-05 
    69   -4.308870E-01    1.000013E+00    1.000018E+00    1.959024E-05 
    70   -4.298860E-01    1.000013E+00    1.000019E+00    1.433497E-05 
    71   -4.288852E-01    1.000014E+00    1.000020E+00    1.404511E-05 
    72   -4.278844E-01    1.000015E+00    1.000021E+00    2.214627E-05 
    73   -4.268834E-01    1.000016E+00    1.000022E+00    2.941686E-05 
    74   -4.258823E-01    1.000016E+00    1.000023E+00    3.052944E-05 
    75   -4.248811E-01    1.000017E+00    1.000024E+00    2.744942E-05 
    76   -4.238801E-01    1.000019E+00    1.000026E+00    2.423329E-05 
    77   -4.228792E-01    1.000020E+00    1.000029E+00    2.444128E-05 
    78   -4.218784E-01    1.000021E+00    1.000030E+00    2.855246E-05 
    79   -4.208774E-01    1.000022E+00    1.000030E+00    3.198906E-05 
    80   -4.198764E-01    1.000021E+00    1.000030E+00    3.373233E-05 
    81   -4.188753E-01    1.000021E+00    1.000029E+00    3.252359E-05 
    82   -4.178743E-01    1.000020E+00    1.000029E+00    3.002817E-05 
    83   -4.168734E-01    1.000020E+00    1.000028E+00    2.813056E-05 
    84   -4.158725E-01    1.000020E+00    1.000028E+00    2.818002E-05 
    85   -4.148715E-01    1.000020E+00    1.000028E+00    2.997170E-05 
    86   -4.138705E-01    1.000020E+00    1.000028E+00    2.887554E-05 
    87   -4.128695E-01    1.000020E+00    1.000029E+00    2.656463E-05 
    88   -4.118684E-01    1.000021E+00    1.000030E+00    2.419594E-05 
    89   -4.108675E-01    1.000022E+00    1.000031E+00    2.340754E-05 
    90   -4.098666E-01    1.000023E+00    1.000032E+00    2.762083E-05 
    91   -4.088656E-01    1.000024E+00    1.000034E+00    3.514505E-05 
    92   -4.078647E-01    1.000025E+00    1.000034E+00    3.762929E-05 
    93   -4.068636E-01    1.000025E+00    1.000035E+00    3.724464E-05 
    94   -4.058626E-01    1.000026E+00    1.000036E+00    3.624379E-05 
    95   -4.048616E-01    1.000026E+00    1.000037E+00    3.575163E-05 
    96   -4.038607E-01    1.000026E+00    1.000037E+00    3.611458E-05 
    97   -4.028598E-01    1.000026E+00    1.000036E+00    3.672695E-05 
    98   -4.018588E-01    1.000024E+00    1.000034E+00    3.673935E-05 
    99   -4.008578E-01    1.000022E+00    1.000031E+00    3.547054E-05 
   100   -3.998568E-01    1.000019E+00    1.000026E+00    3.294534E-05 
   101   -3.988558E-01    1.000015E+00    1.000021E+00    2.963633E-05 
   102   -3.978548E-01    1.000011E+00    1.000015E+00    2.584992E-05 
   103   -3.968539E-01    1.000005E+00    1.000007E+00    2.147318E-05 
   104   -3.958529E-01    9.999986E-01    9.999981E-01    1.601781E-05 
   105   -3.948519E-01    9.999906E-01    9.999869E-01    8.896630E-06 
   106   -3.938508E-01    9.999814E-01    9.999739E-01    7.174489E-08 
   107   -3.928498E-01    9.999708E-01    9.999592E-01   -1.030170E-05 
   108   -3.918488E-01    9.999589E-01    9.999424E-01   -2.217906E-05 
   109   -3.908478E-01    9.999453E-01    9.999234E-01   -3.533969E-05 
   110   -3.898467E-01    9.999299E-01    9.999019E-01   -5.037956E-05 
   111   -3.888456E-01    9.999128E-01    9.998779E-01   -6.770697E-05 
   112   -3.878445E-01    9.998939E-01    9.998514E-01   -8.701605E-05 
   113   -3.868434E-01    9.998733E-01    9.998227E-01   -1.091477E-04 
   114   -3.858423E-01    9.998514E-01    9.997920E-01   -1.339507E-04 
   115   -3.848411E-01    9.998287E-01    9.997602E-01   -1.602898E-04 
   116   -3.838400E-01    9.998062E-01    9.997287E-01   -1.905056E-04 
   117   -3.828388E-01    9.997858E-01    9.997001E-01   -2.230603E-04 
   118   -3.818375E-01    9.997699E-01    9.996778E-01   -2.565631E-04 
   119   -3.808362E-01    9.997615E-01    9.996661E-01   -2.968802E-04 
   120   -3.798349E-01    9.997641E-01    9.996697E-01   -3.349301E-04 
   121   -3.788336E-01    9.997805E-01    9.996927E-01   -3.459253E-04 
   122   -3.778324E-01    9.998132E-01    9.997385E-01   -3.154793E-04 
   123   -3.768311E-01    9.998636E-01    9.998090E-01   -2.494363E-04 
   124   -3.758299E-01    9.999318E-01    9.999045E-01   -1.563053E-04 
   125   -3.748288E-01    1.000016E+00    1.000023E+00   -4.020992E-05 
   126   -3.738278E-01    1.000115E+00    1.000162E+00    9.411760E-05 
   127   -3.728269E-01    1.000225E+00    1.000315E+00    2.417475E-04 
   128   -3.718262E-01    1.000342E+00    1.000478E+00    3.975937E-04 
   129   -3.708256E-01    1.000461E+00    1.000645E+00    5.563454E-04 
   130   -3.698251E-01    1.000579E+00    1.000811E+00    7.125179E-04 
   131   -3.688248E-01    1.000693E+00    1.000970E+00    8.608612E-04 
   132   -3.678246E-01    1.000799E+00    1.001118E+00    9.970557E-04 
   133   -3.668245E-01    1.000895E+00    1.001253E+00    1.117957E-03 
   134   -3.658245E-01    1.000980E+00    1.001372E+00    1.221704E-03 
   135   -3.648246E-01    1.001052E+00    1.001473E+00    1.307537E-03 
   136   -3.638247E-01    1.001112E+00    1.001557E+00    1.375626E-03 
   137   -3.628249E-01    1.001159E+00    1.001623E+00    1.426800E-03 
   138   -3.618251E-01    1.001194E+00    1.001673E+00    1.462183E-03 
   139   -3.608254E-01    1.001219E+00    1.001708E+00    1.483768E-03 
   140   -3.598256E-01    1.001235E+00    1.001730E+00    1.494893E-03 
   141   -3.588259E-01    1.001244E+00    1.001742E+00    1.499127E-03 
   142   -3.578261E-01    1.001246E+00    1.001745E+00    1.498938E-03 
   143   -3.568264E-01    1.001243E+00    1.001740E+00    1.495352E-03 
   144   -3.558267E-01    1.001235E+00    1.001730E+00    1.488522E-03 
   145   -3.548269E-01    1.001225E+00    1.001715E+00    1.478425E-03 
   146   -3.538271E-01    1.001211E+00    1.001696E+00    1.464967E-03 
   147   -3.528273E-01    1.001194E+00    1.001672E+00    1.448322E-03 
   148   -3.518275E-01    1.001175E+00    1.001646E+00    1.428686E-03 
   149   -3.508277E-01    1.001154E+00    1.001616E+00    1.406212E-03 
   150   -3.498279E-01    1.001131E+00    1.001584E+00    1.381043E-03 
   151   -3.488280E-01    1.001106E+00    1.001548E+00    1.353339E-03 
   152   -3.478281E-01    1.001079E+00    1.001510E+00    1.323272E-03 
   153   -3.468281E-01    1.001050E+00    1.001470E+00    1.291032E-03 
   154   -3.458282E-01    1.001020E+00    1.001428E+00    1.256816E-03 
   155   -3.448282E-01    1.000989E+00    1.001384E+00    1.220832E-03 
   156   -3.438282E-01    1.000956E+00    1.001339E+00    1.183292E-03 
   157   -3.428281E-01    1.000923E+00    1.001292E+00    1.144413E-03 
   158   -3.418280E-01    1.000889E+00    1.001245E+00    1.104410E-03 
   159   -3.408279E-01    1.000854E+00    1.001196E+00    1.063503E-03 
   160   -3.398277E-01    1.000819E+00    1.001147E+00    1.021905E-03 
   161   -3.388275E-01    1.000784E+00    1.001098E+00    9.798281E-04 
   162   -3.378273E-01    1.000749E+00    1.001048E+00    9.374758E-04 
   163   -3.368270E-01    1.000714E+00    1.000999E+00    8.950452E-04 
   164   -3.358267E-01    1.000679E+00    1.000950E+00    8.527241E-04 
   165   -3.348264E-01    1.000644E+00    1.000902E+00    8.106900E-04 
   166   -3.338260E-01    1.000610E+00    1.000854E+00    7.691091E-04 
   167   -3.328256E-01    1.000577E+00    1.000807E+00    7.281355E-04 
   168   -3.318251E-01    1.000544E+00    1.000762E+00    6.879104E-04 
   169   -3.308247E-01    1.000512E+00    1.000717E+00    6.485616E-04 
   170   -3.298242E-01    1.000481E+00    1.000674E+00    6.102036E-04 
   171   -3.288236E-01    1.000451E+00    1.000632E+00    5.729370E-04 
   172   -3.278231E-01    1.000422E+00    1.000591E+00    5.368488E-04 
   173   -3.268225E-01    1.000394E+00    1.000552E+00    5.020126E-04 
   174   -3.258218E-01    1.000367E+00    1.000514E+00    4.684889E-04 
   175   -3.248212E-01    1.000342E+00    1.000478E+00    4.363252E-04 
   176   -3.238205E-01    1.000317E+00    1.000444E+00    4.055574E-04 
   177   -3.228198E-01    1.000294E+00    1.000411E+00    3.762094E-04 
   178   -3.218191E-01    1.000272E+00    1.000381E+00    3.482946E-04 
   179   -3.208183E-01    1.000251E+00    1.000351E+00    3.218163E-04 
   180   -3.198176E-01    1.000231E+00    1.000324E+00    2.967685E-04 
   181   -3.188168E-01    1.000212E+00    1.000297E+00    2.731370E-04 
   182   -3.178160E-01    1.000195E+00    1.000273E+00    2.508998E-04 
   183   -3.168152E-01    1.000179E+00    1.000250E+00    2.300284E-04 
   184   -3.158143E-01    1.000163E+00    1.000229E+00    2.104884E-04 
   185   -3.148135E-01    1.000149E+00    1.000209E+00    1.922403E-04 
   186   -3.138126E-01    1.000136E+00    1.000190E+00    1.752405E-04 
   187   -3.128117E-01    1.000123E+00    1.000173E+00    1.594419E-04 
   188   -3.118109E-01    1.000112E+00    1.000157E+00    1.447944E-04 
   189   -3.108100E-01    1.000101E+00    1.000142E+00    1.312462E-04 
   190   -3.098091E-01    1.000092E+00    1.000128E+00    1.187439E-04 
   191   -3.088081E-01    1.000083E+00    1.000116E+00    1.072331E-04 
   192   -3.078072E-01    1.000075E+00    1.000104E+00    9.665921E-05 
   193   -3.068063E-01    1.000067E+00    1.000094E+00    8.696772E-05 
   194   -3.058053E-01    1.000060E+00    1.000084E+00    7.810465E-05 
   195   -3.048044E-01    1.000054E+00    1.000075E+00    7.001695E-05 
   196   -3.038034E-01    1.000048E+00    1.000067E+00    6.265278E-05 
   197   -3.028025E-01    1.000043E+00    1.000060E+00    5.596181E-05 
   198   -3.018015E-01    1.000038E+00    1.000054E+00    4.989542E-05 
   199   -3.008006E-01    1.000034E+00    1.000048E+00    4.440688E-05 
   200   -2.997996E-01    1.000030E+00    1.000042E+00    3.945152E-05 
   201   -2.987986E-01    1.000027E+00    1.000038E+00    3.498679E-05 
   202   -2.977976E-01    1.000024E+00    1.000033E+00    3.097237E-05 
   203   -2.967967E-01    1.000021E+00    1.000029E+00    2.737018E-05 
   204   -2.957957E-01    1.000019E+00    1.000026E+00    2.414440E-05 
   205   -2.947947E-01    1.000016E+00    1.000023E+00    2.126150E-05 
   206   -2.937937E-01    1.000014E+00    1.000020E+00    1.869014E-05 
   207   -2.927927E-01    1.000013E+00    1.000018E+00    1.640118E-05 
   208   -2.917917E-01    1.000011E+00    1.000015E+00    1.436759E-05 
   209   -2.907907E-01    1.000010E+00    1.000013E+00    1.256441E-05 
   210   -2.897897E-01    1.000008E+00    1.000012E+00    1.096861E-05 
   211   -2.887887E-01    1.000007E+00    1.000010E+00    9.559063E-06 
   212   -2.877877E-01    1.000006E+00    1.000009E+00    8.316395E-06 
   213   -2.867868E-01    1.000006E+00    1.000008E+00    7.222931E-06 
   214   -2.857858E-01    1.000005E+00    1.000007E+00    6.262569E-06 
   215   -2.847848E-01    1.000004E+00    1.000006E+00    5.420688E-06 
   216   -2.837838E-01    1.000004E+00    1.000005E+00    4.684047E-06 
   217   -2.827828E-01    1.000003E+00    1.000004E+00    4.040685E-06 
   218   -2.817818E-01    1.000003E+00    1.000004E+00    3.479826E-06 
   219   -2.807808E-01    1.000002E+00    1.000003E+00    2.991787E-06 
   220   -2.797798E-01    1.000002E+00    1.000003E+00    2.567888E-06 
   221   -2.787788E-01    1.000002E+00    1.000002E+00    2.200367E-06 
   222   -2.777778E-01    1.000001E+00    1.000002E+00    1.882301E-06 
   223   -2.767768E-01    1.000001E+00    1.000002E+00    1.607530E-06 
   224   -2.757758E-01    1.000001E+00    1.000001E+00    1.370584E-06 
   225   -2.747748E-01    1.000001E+00    1.000001E+00    1.166618E-06 
   226   -2.737738E-01    1.000001E+00    1.000001E+00    9.913513E-07 
   227   -2.727728E-01    1.000001E+00    1.000001E+00    8.410084E-07 
   228   -2.717718E-01    1.000001E+00    1.000001E+00    7.122675E-07 
   229   -2.707708E-01    1.000000E+00    1.000001E+00    6.022124E-07 
   230   -2.697698E-01    1.000000E+00    1.000001E+00    5.082881E-07 
   231   -2.687688E-01    1.000000E+00    1.000000E+00    4.282607E-07 
   232   -2.677678E-01    1.000000E+00    1.000000E+00    3.601805E-07 
   233   -2.667668E-01    1.000000E+00    1.000000E+00    3.023495E-07 
   234   -2.657658E-01    1.000000E+00    1.000000E+00    2.532912E-07 
   235   -2.647648E-01    1.000000E+00    1.000000E+00    2.117236E-07 
   236   -2.637638E-01    1.000000E+00    1.000000E+00    1.765352E-07 
   237   -2.627628E-01    1.000000E+00    1.000000E+00    1.467631E-07 
   238   -2.617618E-01    1.000000E+00    1.000000E+00    1.215739E-07 
   239   -2.607608E-01    1.000000E+00    1.000000E+00    1.002459E-07 
   240   -2.597598E-01    1.000000E+00    1.000000E+00    8.215373E-08 
   241   -2.587588E-01    1.000000E+00    1.000000E+00    6.675452E-08 
   242   -2.577578E-01    1.000000E+00    1.000000E+00    5.357526E-08 
   243   -2.567568E-01    1.000000E+00    1.000000E+00    4.220168E-08 
   244   -2.557558E-01    1.000000E+00    1.000000E+00    3.226805E-08 
   245   -2.547548E-01    1.000000E+00    1.000000E+00    2.344807E-08 
   246   -2.537538E-01    1.000000E+00    1.000000E+00    1.544636E-08 
   247   -2.527528E-01    1.000000E+00    1.000000E+00    7.990722E-09 
   248   -2.517518E-01    1.000000E+00    1.000000E+00    8.247857E-10 
   249   -2.507508E-01    1.000000E+00    1.000000E+00   -6.298936E-09 
   250   -2.497497E-01    1.000000E+00    1.000000E+00   -1.362579E-08 
   251   -2.487487E-01    1.000000E+00    1.000000E+00   -2.140566E-08 
   252   -2.477477E-01    1.000000E+00    1.000000E+00   -2.989959E-08 
   253   -2.467467E-01    1.000000E+00    1.000000E+00   -3.938666E-08 
   254   -2.457457E-01    1.000000E+00    1.000000E+00   -5.017104E-08 
   255   -2.447447E-01    1.000000E+00    1.000000E+00   -6.258948E-08 
   256   -2.437437E-01    1.000000E+00    1.000000E+00   -7.701925E-08 
   257   -2.427427E-01    1.000000E+00    1.000000E+00   -9.388674E-08 
   258   -2.417417E-01    1.000000E+00    1.000000E+00   -1.136767E-07 
   259   -2.407407E-01    1.000000E+00    1.000000E+00   -1.369426E-07 
   260   -2.397397E-01    1.000000E+00    1.000000E+00   -1.643173E-07 
   261   -2.387387E-01    1.000000E+00    1.000000E+00   -1.965256E-07 
   262   -2.377377E-01    1.000000E+00    1.000000E+00   -2.343973E-07 
   263   -2.367367E-01    1.000000E+00    1.000000E+00   -2.788818E-07 
   264   -2.357357E-01    1.000000E+00    1.000000E+00   -3.310639E-07 
   265   -2.347347E-01    1.000000E+00    1.000000E+00   -3.921814E-07 
   266   -2.337337E-01    1.000000E+00    1.000000E+00   -4.636435E-07 
   267   -2.327327E-01    1.000000E+00    1.000001E+00   -5.470514E-07 
   268   -2.317317E-01    1.000000E+00    1.000001E+00   -6.442200E-07 
   269   -2.307307E-01    1.000001E+00    1.000001E+00   -7.572014E-07 
   270   -2.297297E-01    1.000001E+00    1.000001E+00   -8.883098E-07 
   271   -2.287287E-01    1.000001E+00    1.000001E+00   -1.040148E-06 
   272   -2.277277E-01    1.000001E+00    1.000001E+00   -1.215635E-06 
   273   -2.267267E-01    1.000001E+00    1.000002E+00   -1.418035E-06 
   274   -2.257257E-01    1.000001E+00    1.000002E+00   -1.650986E-06 
   275   -2.247247E-01    1.000001E+00    1.000002E+00   -1.918533E-06 
   276   -2.237237E-01    1.000002E+00    1.000002E+00   -2.225156E-06 
   277   -2.227227E-01    1.000002E+00    1.000003E+00   -2.575800E-06 
   278   -2.217217E-01    1.000002E+00    1.000003E+00   -2.975907E-06 
   279   -2.207207E-01    1.000003E+00    1.000004E+00   -3.431443E-06 
   280   -2.197197E-01    1.000003E+00    1.000004E+00   -3.948925E-06 
   281   -2.187187E-01    1.000003E+00    1.000005E+00   -4.535442E-06 
   282   -2.177177E-01    1.000004E+00    1.000006E+00   -5.198675E-06 
   283   -2.167167E-01    1.000005E+00    1.000006E+00   -5.946912E-06 
   284   -2.157157E-01    1.000005E+00    1.000007E+00   -6.789054E-06 
   285   -2.147148E-01    1.000006E+00    1.000008E+00   -7.734615E-06 
   286   -2.137138E-01    1.000007E+00    1.000009E+00   -8.793712E-06 
   287   -2.127128E-01    1.000008E+00    1.000011E+00   -9.977048E-06 
   288   -2.117118E-01    1.000009E+00    1.000012E+00   -1.129588E-05 
   289   -2.107108E-01    1.000010E+00    1.000014E+00   -1.276195E-05 
   290   -2.097098E-01    1.000011E+00    1.000015E+00   -1.438747E-05 
   291   -2.087088E-01    1.000012E+00    1.000017E+00   -1.618500E-05 
   292   -2.077078E-01    1.000014E+00    1.000020E+00   -1.816736E-05 
   293   -2.067068E-01    1.000016E+00    1.000022E+00   -2.034751E-05 
   294   -2.057058E-01    1.000017E+00    1.000024E+00   -2.273841E-05 
   295   -2.047049E-01    1.000019E+00    1.000027E+00   -2.535284E-05 
   296   -2.037039E-01    1.000022E+00    1.000030E+00   -2.820323E-05 
   297   -2.027029E-01    1.000024E+00    1.000034E+00   -3.130141E-05 
   298   -2.017019E-01    1.000027E+00    1.000037E+00   -3.465837E-05 
   299   -2.007009E-01    1.000030E+00    1.000041E+00   -3.828400E-05 
   300   -1.997000E-01    1.000033E+00    1.000046E+00   -4.218677E-05 
   301   -1.986990E-01    1.000036E+00    1.000050E+00   -4.637341E-05 
   302   -1.976980E-01    1.000039E+00    1.000055E+00   -5.084854E-05 
   303   -1.966971E-01    1.000043E+00    1.000060E+00   -5.561433E-05 
   304   -1.956961E-01    1.000047E+00    1.000066E+00   -6.067005E-05 
   305   -1.946952E-01    1.000051E+00    1.000072E+00   -6.601171E-05 
   306   -1.936942E-01    1.000056E+00    1.000078E+00   -7.163160E-05 
   307   -1.926933E-01    1.000060E+00    1.000084E+00   -7.751787E-05 
   308   -1.916923E-01    1.000065E+00    1.000091E+00   -8.365415E-05 
   309   -1.906914E-01    1.000070E+00    1.000098E+00   -9.001905E-05 
   310   -1.896905E-01    1.000075E+00    1.000106E+00   -9.658584E-05 
   311   -1.886896E-01    1.000081E+00    1.000113E+00   -1.033220E-04 
   312   -1.876886E-01    1.000086E+00    1.000121E+00   -1.101891E-04 
   313   -1.866877E-01    1.000092E+00    1.000129E+00   -1.171421E-04 
   314   -1.856868E-01    1.000098E+00    1.000137E+00   -1.241297E-04 
   315   -1.846859E-01    1.000103E+00    1.000145E+00   -1.310936E-04 
   316   -1.836850E-01    1.000109E+00    1.000153E+00   -1.379681E-04 
   317   -1.826841E-01    1.000115E+00    1.000161E+00   -1.446811E-04 
   318   -1.816832E-01    1.000120E+00    1.000168E+00   -1.511536E-04 
   319   -1.806824E-01    1.000125E+00    1.000175E+00   -1.573005E-04 
   320   -1.796815E-01    1.000130E+00    1.000182E+00   -1.630300E-04 
   321   -1.786806E-01    1.000135E+00    1.000189E+00   -1.682364E-04 
   322   -1.776798E-01    1.000139E+00    1.000194E+00   -1.727846E-04 
   323   -1.766789E-01    1.000142E+00    1.000198E+00   -1.765267E-04 
   324   -1.756781E-01    1.000144E+00    1.000201E+00   -1.793203E-04 
   325   -1.746772E-01    1.000144E+00    1.000202E+00   -1.810951E-04 
   326   -1.736764E-01    1.000142E+00    1.000199E+00   -1.816103E-04 
   327   -1.726755E-01    1.000137E+00    1.000192E+00   -1.803694E-04 
   328   -1.716747E-01    1.000127E+00    1.000178E+00   -1.761964E-04 
   329   -1.706738E-01    1.000111E+00    1.000155E+00   -1.669765E-04 
   330   -1.696729E-01    1.000086E+00    1.000120E+00   -1.497570E-04 
   331   -1.686721E-01    1.000049E+00    1.000069E+00   -1.214033E-04 
   332   -1.676711E-01    9.999982E-01    9.999974E-01   -7.845172E-05 
   333   -1.666702E-01    9.999280E-01    9.998992E-01   -1.645560E-05 
   334   -1.656692E-01    9.998340E-01    9.997676E-01    6.994000E-05 
   335   -1.646681E-01    9.997107E-01    9.995949E-01    1.870891E-04 
   336   -1.636669E-01    9.995515E-01    9.993720E-01    3.425200E-04 
   337   -1.626655E-01    9.993489E-01    9.990884E-01    5.448651E-04 
   338   -1.616640E-01    9.990945E-01    9.987323E-01    8.041435E-04 
   339   -1.606622E-01    9.987790E-01    9.982906E-01    1.131600E-03 
   340   -1.596601E-01    9.983921E-01    9.977489E-01    1.539854E-03 
   341   -1.586576E-01    9.979225E-01    9.970917E-01    2.042815E-03 
   342   -1.576546E-01    9.973584E-01    9.963022E-01    2.655490E-03 
   343   -1.566511E-01    9.966871E-01    9.953630E-01    3.394027E-03 
   344   -1.556469E-01    9.958958E-01    9.942561E-01    4.275239E-03 
   345   -1.546419E-01    9.949713E-01    9.929633E-01    5.316589E-03 
   346   -1.536360E-01    9.939008E-01    9.914666E-01    6.535636E-03 
   347   -1.526289E-01    9.926715E-01    9.897488E-01    7.949675E-03 
   348   -1.516206E-01    9.912719E-01    9.877937E-01    9.575308E-03 
   349   -1.506108E-01    9.896911E-01    9.855868E-01    1.142777E-02 
   350   -1.495993E-01    9.879200E-01    9.831158E-01    1.352074E-02 
   351   -1.485859E-01    9.859511E-01    9.803707E-01    1.586561E-02 
   352   -1.475704E-01    9.837792E-01    9.773449E-01    1.847140E-02 
   353   -1.465525E-01    9.814010E-01    9.740347E-01    2.134419E-02 
   354   -1.455321E-01    9.788160E-01    9.704400E-01    2.448684E-02 
   355   -1.445088E-01    9.760259E-01    9.665643E-01    2.789879E-02 
   356   -1.434825E-01    9.730349E-01    9.624143E-01    3.157577E-02 
   357   -1.424528E-01    9.698497E-01    9.580003E-01    3.551010E-02 
   358   -1.414196E-01    9.664789E-01    9.533354E-01    3.969080E-02 
   359   -1.403827E-01    9.629332E-01    9.484354E-01    4.410427E-02 
   360   -1.393417E-01    9.592249E-01    9.433183E-01    4.873490E-02 
   361   -1.382966E-01    9.553671E-01    9.380033E-01    5.356552E-02 
   362   -1.372471E-01    9.513735E-01    9.325104E-01    5.857819E-02 
   363   -1.361931E-01    9.472579E-01    9.268591E-01    6.375428E-02 
   364   -1.351343E-01    9.430331E-01    9.210680E-01    6.907522E-02 
   365   -1.340706E-01    9.387104E-01    9.151535E-01    7.452334E-02 
   366   -1.330020E-01    9.342991E-01    9.091291E-01    8.008290E-02 
   367   -1.319282E-01    9.298061E-01    9.030046E-01    8.574193E-02 
   368   -1.308491E-01    9.252349E-01    8.967855E-01    9.149306E-02 
   369   -1.297647E-01    9.205855E-01    8.904724E-01    9.733452E-02 
   370   -1.286747E-01    9.158544E-01    8.840613E-01    1.032698E-01 
   371   -1.275791E-01    9.110348E-01    8.775436E-01    1.093180E-01 
   372   -1.264776E-01    9.061171E-01    8.709070E-01    1.155045E-01 
   373   -1.253702E-01    9.010900E-01    8.641373E-01    1.218537E-01 
   374   -1.242565E-01    8.959421E-01    8.572204E-01    1.283897E-01 
   375   -1.231364E-01    8.906636E-01    8.501442E-01    1.351348E-01 
   376   -1.220095E-01    8.852482E-01    8.429017E-01    1.421075E-01 
   377   -1.208757E-01    8.796939E-01    8.354919E-01    1.493231E-01 
   378   -1.197345E-01    8.740041E-01    8.279206E-01    1.567908E-01 
   379   -1.185857E-01    8.681876E-01    8.202011E-01    1.645116E-01 
   380   -1.174290E-01    8.622580E-01    8.123529E-01    1.724646E-01 
   381   -1.162641E-01    8.562326E-01    8.044002E-01    1.806175E-01 
   382   -1.150909E-01    8.501311E-01    7.963700E-01    1.889334E-01 
   383   -1.139092E-01    8.439741E-01    7.882903E-01    1.973722E-01 
   384   -1.127186E-01    8.377822E-01    7.801887E-01    2.058953E-01 
   385   -1.115191E-01    8.315738E-01    7.720897E-01    2.144715E-01 
   386   -1.103106E-01    8.253647E-01    7.640141E-01    2.230779E-01 
   387   -1.090929E-01    8.191671E-01    7.559779E-01    2.316995E-01 
   388   -1.078660E-01    8.129902E-01    7.479925E-01    2.403370E-01 
   389   -1.066297E-01    8.068398E-01    7.400656E-01    2.490142E-01 
   390   -1.053841E-01    8.007194E-01    7.322013E-01    2.577315E-01 
   391   -1.041288E-01    7.946315E-01    7.244027E-01    2.664629E-01 
   392   -1.028640E-01    7.885790E-01    7.166733E-01    2.751881E-01 
   393   -1.015894E-01    7.825657E-01    7.090177E-01    2.838879E-01 
   394   -1.003050E-01    7.765970E-01    7.014423E-01    2.925586E-01 
   395   -9.901065E-02    7.706800E-01    6.939559E-01    3.012215E-01 
   396   -9.770634E-02    7.648240E-01    6.865694E-01    3.098767E-01 
   397   -9.639201E-02    7.590391E-01    6.792950E-01    3.184994E-01 
   398   -9.506765E-02    7.533346E-01    6.721435E-01    3.270678E-01 
   399   -9.373327E-02    7.477169E-01    6.651222E-01    3.355547E-01 
   400   -9.238889E-02    7.421890E-01    6.582338E-01    3.439322E-01 
   401   -9.103458E-02    7.367494E-01    6.514755E-01    3.521775E-01 
   402   -8.967034E-02    7.313919E-01    6.448387E-01    3.602826E-01 
   403   -8.829616E-02    7.261049E-01    6.383081E-01    3.682589E-01 
   404   -8.691204E-02    7.208697E-01    6.318601E-01    3.761382E-01 
   405   -8.551800E-02    7.156590E-01    6.254605E-01    3.839697E-01 
   406   -8.411396E-02    7.104353E-01    6.190631E-01    3.918246E-01 
   407   -8.269973E-02    7.051519E-01    6.126111E-01    3.998130E-01 
   408   -8.127499E-02    6.997567E-01    6.060420E-01    4.080356E-01 
   409   -7.983930E-02    6.941986E-01    5.992952E-01    4.165821E-01 
   410   -7.839204E-02    6.884357E-01    5.923225E-01    4.255289E-01 
   411   -7.693242E-02    6.824431E-01    5.850964E-01    4.349376E-01 
   412   -7.545956E-02    6.762176E-01    5.776166E-01    4.448526E-01 
   413   -7.397264E-02    6.697791E-01    5.699103E-01    4.552869E-01 
   414   -7.247092E-02    6.631672E-01    5.620275E-01    4.661899E-01 
   415   -7.095374E-02    6.564328E-01    5.540314E-01    4.774794E-01 
   416   -6.942058E-02    6.496307E-01    5.459888E-01    4.890416E-01 
   417   -6.787106E-02    6.428130E-01    5.379619E-01    5.007451E-01 
   418   -6.630493E-02    6.360242E-01    5.300032E-01    5.124653E-01 
   419   -6.472199E-02    6.292988E-01    5.221526E-01    5.240982E-01 
   420   -6.312208E-02    6.226608E-01    5.144371E-01    5.355805E-01 
   421   -6.150516E-02    6.161240E-01    5.068713E-01    5.468936E-01 
   422   -5.987121E-02    6.096937E-01    4.994599E-01    5.580831E-01 
   423   -5.822014E-02    6.033692E-01    4.922008E-01    5.692710E-01 
   424   -5.655184E-02    5.971456E-01    4.850872E-01    5.804928E-01 
   425   -5.486623E-02    5.910178E-01    4.781122E-01    5.917156E-01 
   426   -5.316323E-02    5.849834E-01    4.712718E-01    6.028754E-01 
   427   -5.144268E-02    5.790471E-01    4.645706E-01    6.139379E-01 
   428   -4.970444E-02    5.732292E-01    4.580300E-01    6.248670E-01 
   429   -4.794845E-02    5.675709E-01    4.516947E-01    6.355562E-01 
   430   -4.617485E-02    5.621337E-01    4.456313E-01    6.459116E-01 
   431   -4.438407E-02    5.569934E-01    4.399207E-01    6.558285E-01 
   432   -4.257695E-02    5.522300E-01    4.346475E-01    6.651825E-01 
   433   -4.075462E-02    5.479205E-01    4.298921E-01    6.738197E-01 
   434   -3.891850E-02    5.441401E-01    4.257324E-01    6.815399E-01 
   435   -3.707025E-02    5.409694E-01    4.222511E-01    6.880854E-01 
   436   -3.521192E-02    5.384988E-01    4.195420E-01    6.931607E-01 
   437   -3.334592E-02    5.368134E-01    4.176929E-01    6.965113E-01 
   438   -3.147517E-02    5.359491E-01    4.167392E-01    6.978359E-01 
   439   -2.960341E-02    5.358433E-01    4.166112E-01    6.968934E-01 
   440   -2.773364E-02    5.363266E-01    4.171244E-01    6.949920E-01 
   441   -2.586738E-02    5.371765E-01    4.180370E-01    6.929721E-01 
   442   -2.400525E-02    5.381952E-01    4.191340E-01    6.908959E-01 
   443   -2.214689E-02    5.392577E-01    4.202791E-01    6.888037E-01 
   444   -2.029218E-02    5.403055E-01    4.214085E-01    6.867033E-01 
   445   -1.844106E-02    5.413118E-01    4.224929E-01    6.846821E-01 
   446   -1.659345E-02    5.422534E-01    4.235072E-01    6.828461E-01 
   447   -1.474922E-02    5.431103E-01    4.244287E-01    6.812442E-01 
   448   -1.290752E-02    5.438732E-01    4.252466E-01    6.798659E-01 
   449   -1.106810E-02    5.445395E-01    4.259582E-01    6.787127E-01 
   450   -9.231084E-03    5.451056E-01    4.265603E-01    6.777895E-01 
   451   -7.395888E-03    5.455705E-01    4.270516E-01    6.770633E-01 
   452   -5.561763E-03    5.459441E-01    4.274419E-01    6.764738E-01 
   453   -3.728665E-03    5.462433E-01    4.277486E-01    6.759938E-01 
   454   -1.896554E-03    5.464829E-01    4.279888E-01    6.756167E-01 
   455   -6.527211E-05    5.466749E-01    4.281772E-01    6.753226E-01 
   456    1.765764E-03    5.468329E-01    4.283286E-01    6.750844E-01 
   457    3.596486E-03    5.469676E-01    4.284535E-01    6.748884E-01 
   458    5.426256E-03    5.470850E-01    4.285564E-01    6.747270E-01 
   459    7.255931E-03    5.471893E-01    4.286427E-01    6.745834E-01 
   460    9.085694E-03    5.472839E-01    4.287182E-01    6.744575E-01 
   461    1.091462E-02    5.473695E-01    4.287846E-01    6.743446E-01 
   462    1.274311E-02    5.474481E-01    4.288427E-01    6.742323E-01 
   463    1.457211E-02    5.475243E-01    4.288953E-01    6.741227E-01 
   464    1.640062E-02    5.475983E-01    4.289426E-01    6.740393E-01 
   465    1.822820E-02    5.476670E-01    4.289818E-01    6.739683E-01 
   466    2.005603E-02    5.477331E-01    4.290164E-01    6.738835E-01 
   467    2.188433E-02    5.478016E-01    4.290533E-01    6.738077E-01 
   468    2.371160E-02    5.478677E-01    4.290885E-01    6.737631E-01 
   469    2.553798E-02    5.479286E-01    4.291161E-01    6.737110E-01 
   470    2.736557E-02    5.479934E-01    4.291409E-01    6.736283E-01 
   471    2.919317E-02    5.480645E-01    4.291645E-01    6.735752E-01 
   472    3.101873E-02    5.481305E-01    4.291806E-01    6.735523E-01 
   473    3.284435E-02    5.481924E-01    4.291984E-01    6.734884E-01 
   474    3.467205E-02    5.482659E-01    4.292332E-01    6.734068E-01 
   475    3.649820E-02    5.483459E-01    4.292648E-01    6.733862E-01 
   476    3.832170E-02    5.484179E-01    4.292659E-01    6.733800E-01 
   477    4.014773E-02    5.484929E-01    4.292575E-01    6.732859E-01 
   478    4.197483E-02    5.485862E-01    4.292857E-01    6.732124E-01 
   479    4.379836E-02    5.486751E-01    4.293233E-01    6.732564E-01 
   480    4.562072E-02    5.487510E-01    4.293276E-01    6.732382E-01 
   481    4.744739E-02    5.488500E-01    4.293230E-01    6.730795E-01 
   482    4.927228E-02    5.489721E-01    4.293369E-01    6.730569E-01 
   483    5.109441E-02    5.490787E-01    4.293353E-01    6.732475E-01 
   484    5.291460E-02    5.491828E-01    4.293218E-01    6.730151E-01 
   485    5.473956E-02    5.493433E-01    4.293617E-01    6.728579E-01 
   486    5.656983E-02    5.495200E-01    4.294280E-01    6.731342E-01 
   487    5.837877E-02    5.497181E-01    4.294900E-01    6.731109E-01 
   488    6.019646E-02    5.500401E-01    4.295616E-01    6.726329E-01 
   489    6.204045E-02    5.504818E-01    4.295509E-01    6.729493E-01 
   490    6.384893E-02    5.509248E-01    4.292786E-01    6.733269E-01 
   491    6.562491E-02    5.512244E-01    4.286133E-01    6.722593E-01 
   492    6.749898E-02    5.511212E-01    4.275402E-01    6.731029E-01 
   493    6.932344E-02    5.497227E-01    4.254815E-01    6.731276E-01 
   494    7.101336E-02    5.464997E-01    4.229685E-01    6.721217E-01 
   495    7.297896E-02    5.401206E-01    4.220866E-01    6.734806E-01 
   496    7.483783E-02    5.314852E-01    4.250234E-01    6.721018E-01 
   497    7.654911E-02    5.219659E-01    4.304369E-01    6.732293E-01 
   498    7.874772E-02    5.097126E-01    4.355609E-01    6.727713E-01 
   499    8.118761E-02    4.952537E-01    4.485080E-01    6.748084E-01 
   500    7.983564E-02    5.030857E-01    3.502537E-01    6.678828E-01 
   501    8.182291E-02    4.912516E-01    3.717934E-01    6.682924E-01 
   502    8.299467E-02    4.838334E-01    3.946812E-01    6.719726E-01 
   503    8.364436E-02    4.796961E-01    4.162722E-01    6.730866E-01 
   504    8.388618E-02    4.782363E-01    4.336240E-01    6.720884E-01 
   505    8.440908E-02    4.752852E-01    4.423188E-01    6.701329E-01 
   506    8.532223E-02    4.705728E-01    4.437162E-01    6.722390E-01 
   507    8.583593E-02    4.681300E-01    4.433983E-01    6.747835E-01 
   508    8.604705E-02    4.671786E-01    4.424191E-01    6.749627E-01 
   509    8.627615E-02    4.662045E-01    4.408594E-01    6.732092E-01 
   510    8.690931E-02    4.638658E-01    4.381239E-01    6.715373E-01 
   511    8.760291E-02    4.617843E-01    4.357418E-01    6.720662E-01 
   512    8.826197E-02    4.602064E-01    4.338615E-01    6.719834E-01 
   513    8.892502E-02    4.590096E-01    4.323807E-01    6.716625E-01 
   514    8.947993E-02    4.582694E-01    4.313120E-01    6.716838E-01 
   515    9.004204E-02    4.576998E-01    4.303955E-01    6.736958E-01 
   516    9.052758E-02    4.573099E-01    4.296694E-01    6.738572E-01 
   517    9.097424E-02    4.570536E-01    4.291548E-01    6.729044E-01 
   518    9.145349E-02    4.568883E-01    4.287679E-01    6.722948E-01 
   519    9.199235E-02    4.567778E-01    4.284582E-01    6.724784E-01 
   520    9.256102E-02    4.567271E-01    4.282274E-01    6.723264E-01 
   521    9.315923E-02    4.567366E-01    4.280911E-01    6.721235E-01 
   522    9.379639E-02    4.567826E-01    4.280083E-01    6.725854E-01 
   523    9.437947E-02    4.568278E-01    4.279343E-01    6.729684E-01 
   524    9.489509E-02    4.568724E-01    4.278607E-01    6.729424E-01 
   525    9.539771E-02    4.569281E-01    4.278084E-01    6.726274E-01 
   526    9.593814E-02    4.570040E-01    4.277798E-01    6.722844E-01 
   527    9.648004E-02    4.570847E-01    4.277578E-01    6.723577E-01 
   528    9.700304E-02    4.571623E-01    4.277296E-01    6.723822E-01 
   529    9.753640E-02    4.572401E-01    4.277074E-01    6.724283E-01 
   530    9.809307E-02    4.573175E-01    4.276926E-01    6.726140E-01 
   531    9.866231E-02    4.573887E-01    4.276814E-01    6.728724E-01 
   532    9.922616E-02    4.574501E-01    4.276698E-01    6.728940E-01 
   533    9.978039E-02    4.575098E-01    4.276648E-01    6.726290E-01 
   534    1.003289E-01    4.575783E-01    4.276763E-01    6.722750E-01 
   535    1.008800E-01    4.576519E-01    4.276950E-01    6.722186E-01 
   536    1.014272E-01    4.577199E-01    4.277060E-01    6.723670E-01 
   537    1.019621E-01    4.577809E-01    4.277089E-01    6.724101E-01 
   538    1.024924E-01    4.578380E-01    4.277064E-01    6.724507E-01 
   539    1.030266E-01    4.578915E-01    4.277035E-01    6.725529E-01 
   540    1.035678E-01    4.579413E-01    4.276974E-01    6.725925E-01 
   541    1.041178E-01    4.579896E-01    4.276978E-01    6.725610E-01 
   542    1.046767E-01    4.580380E-01    4.277000E-01    6.725063E-01 
   543    1.052383E-01    4.580857E-01    4.277105E-01    6.724755E-01 
   544    1.057941E-01    4.581312E-01    4.277163E-01    6.724688E-01 
   545    1.063428E-01    4.581738E-01    4.277259E-01    6.724707E-01 
   546    1.068852E-01    4.582135E-01    4.277266E-01    6.724618E-01 
   547    1.074231E-01    4.582514E-01    4.277319E-01    6.724319E-01 
   548    1.079587E-01    4.582886E-01    4.277305E-01    6.723915E-01 
   549    1.084960E-01    4.583255E-01    4.277356E-01    6.723579E-01 
   550    1.090382E-01    4.583614E-01    4.277359E-01    6.723632E-01 
   551    1.095873E-01    4.583950E-01    4.277398E-01    6.724214E-01 
   552    1.101408E-01    4.584246E-01    4.277378E-01    6.724977E-01 
   553    1.106942E-01    4.584501E-01    4.277357E-01    6.725339E-01 
   554    1.112447E-01    4.584731E-01    4.277313E-01    6.725195E-01 
   555    1.117923E-01    4.584950E-01    4.277272E-01    6.724814E-01 
   556    1.123371E-01    4.585170E-01    4.277257E-01    6.724359E-01 
   557    1.128797E-01    4.585395E-01    4.277227E-01    6.723900E-01 
   558    1.134210E-01    4.585628E-01    4.277254E-01    6.723469E-01 
   559    1.139624E-01    4.585860E-01    4.277230E-01    6.723241E-01 
   560    1.145056E-01    4.586080E-01    4.277264E-01    6.723342E-01 
   561    1.150509E-01    4.586279E-01    4.277210E-01    6.723675E-01 
   562    1.155987E-01    4.586452E-01    4.277210E-01    6.723933E-01 
   563    1.161471E-01    4.586605E-01    4.277128E-01    6.723984E-01 
   564    1.166957E-01    4.586746E-01    4.277110E-01    6.723854E-01 
   565    1.172434E-01    4.586879E-01    4.277034E-01    6.723632E-01 
   566    1.177900E-01    4.587011E-01    4.277016E-01    6.723371E-01 
   567    1.183347E-01    4.587145E-01    4.276965E-01    6.723116E-01 
   568    1.188787E-01    4.587280E-01    4.276951E-01    6.722876E-01 
   569    1.194219E-01    4.587417E-01    4.276929E-01    6.722682E-01 
   570    1.199653E-01    4.587552E-01    4.276911E-01    6.722551E-01 
   571    1.205098E-01    4.587681E-01    4.276907E-01    6.722529E-01 
   572    1.210552E-01    4.587799E-01    4.276866E-01    6.722596E-01 
   573    1.216018E-01    4.587904E-01    4.276860E-01    6.722672E-01 
   574    1.221488E-01    4.587996E-01    4.276791E-01    6.722705E-01 
   575    1.226959E-01    4.588078E-01    4.276781E-01    6.722670E-01 
   576    1.232421E-01    4.588154E-01    4.276698E-01    6.722573E-01 
   577    1.237879E-01    4.588226E-01    4.276688E-01    6.722427E-01 
   578    1.243326E-01    4.588297E-01    4.276610E-01    6.722254E-01 
   579    1.248772E-01    4.588370E-01    4.276603E-01    6.722068E-01 
   580    1.254214E-01    4.588443E-01    4.276543E-01    6.721911E-01 
   581    1.259660E-01    4.588514E-01    4.276532E-01    6.721807E-01 
   582    1.265109E-01    4.588579E-01    4.276482E-01    6.721758E-01 
   583    1.270565E-01    4.588636E-01    4.276450E-01    6.721735E-01 
   584    1.276025E-01    4.588683E-01    4.276402E-01    6.721709E-01 
   585    1.281485E-01    4.588721E-01    4.276341E-01    6.721657E-01 
   586    1.286946E-01    4.588751E-01    4.276298E-01    6.721566E-01 
   587    1.292402E-01    4.588777E-01    4.276215E-01    6.721438E-01 
   588    1.297857E-01    4.588800E-01    4.276183E-01    6.721274E-01 
   589    1.303306E-01    4.588823E-01    4.276092E-01    6.721095E-01 
   590    1.308756E-01    4.588847E-01    4.276073E-01    6.720912E-01 
   591    1.314204E-01    4.588871E-01    4.275985E-01    6.720745E-01 
   592    1.319655E-01    4.588895E-01    4.275972E-01    6.720604E-01 
   593    1.325106E-01    4.588919E-01    4.275893E-01    6.720489E-01 
   594    1.330561E-01    4.588941E-01    4.275876E-01    6.720387E-01 
   595    1.336017E-01    4.588961E-01    4.275811E-01    6.720301E-01 
   596    1.341474E-01    4.588981E-01    4.275786E-01    6.720211E-01 
   597    1.346930E-01    4.589002E-01    4.275740E-01    6.720118E-01 
   598    1.352384E-01    4.589022E-01    4.275708E-01    6.720030E-01 
   599    1.357838E-01    4.589044E-01    4.275685E-01    6.719941E-01 
   600    1.363289E-01    4.589065E-01    4.275644E-01    6.719870E-01 
   601    1.368741E-01    4.589085E-01    4.275638E-01    6.719817E-01 
   602    1.374191E-01    4.589101E-01    4.275579E-01    6.719792E-01 
   603    1.379644E-01    4.589109E-01    4.275571E-01    6.719802E-01 
   604    1.385095E-01    4.589104E-01    4.275483E-01    6.719832E-01 
   605    1.390550E-01    4.589082E-01    4.275445E-01    6.719861E-01 
   606    1.396003E-01    4.589040E-01    4.275311E-01    6.719882E-01 
   607    1.401458E-01    4.588972E-01    4.275213E-01    6.719866E-01 
   608    1.406912E-01    4.588877E-01    4.275022E-01    6.719800E-01 
   609    1.412365E-01    4.588751E-01    4.274843E-01    6.719664E-01 
   610    1.417819E-01    4.588594E-01    4.274586E-01    6.719431E-01 
   611    1.423270E-01    4.588407E-01    4.274317E-01    6.719096E-01 
   612    1.428723E-01    4.588191E-01    4.274003E-01    6.718635E-01 
   613    1.434175E-01    4.587953E-01    4.273656E-01    6.718041E-01 
   614    1.439629E-01    4.587698E-01    4.273309E-01    6.717313E-01 
   615    1.445082E-01    4.587437E-01    4.272920E-01    6.716451E-01 
   616    1.450539E-01    4.587182E-01    4.272588E-01    6.715461E-01 
   617    1.455994E-01    4.586945E-01    4.272222E-01    6.714366E-01 
   618    1.461452E-01    4.586741E-01    4.271967E-01    6.713155E-01 
   619    1.466908E-01    4.586585E-01    4.271706E-01    6.711899E-01 
   620    1.472367E-01    4.586488E-01    4.271593E-01    6.710668E-01 
   621    1.477825E-01    4.586462E-01    4.271508E-01    6.709682E-01 
   622    1.483283E-01    4.586510E-01    4.271578E-01    6.709137E-01 
   623    1.488742E-01    4.586634E-01    4.271700E-01    6.709179E-01 
   624    1.494200E-01    4.586826E-01    4.271950E-01    6.709889E-01 
   625    1.499658E-01    4.587075E-01    4.272251E-01    6.711151E-01 
   626    1.505115E-01    4.587359E-01    4.272609E-01    6.712825E-01 
   627    1.510571E-01    4.587651E-01    4.272984E-01    6.714729E-01 
   628    1.516025E-01    4.587918E-01    4.273305E-01    6.716676E-01 
   629    1.521480E-01    4.588118E-01    4.273577E-01    6.718545E-01 
   630    1.526931E-01    4.588209E-01    4.273658E-01    6.720208E-01 
   631    1.532384E-01    4.588143E-01    4.273594E-01    6.721555E-01 
   632    1.537833E-01    4.587875E-01    4.273201E-01    6.722549E-01 
   633    1.543284E-01    4.587357E-01    4.272552E-01    6.723082E-01 
   634    1.548733E-01    4.586553E-01    4.271462E-01    6.723082E-01 
   635    1.554183E-01    4.585433E-01    4.270023E-01    6.722466E-01 
   636    1.559634E-01    4.583979E-01    4.268093E-01    6.721104E-01 
   637    1.565086E-01    4.582193E-01    4.265779E-01    6.718789E-01 
   638    1.570540E-01    4.580097E-01    4.263026E-01    6.715291E-01 
   639    1.575997E-01    4.577735E-01    4.259950E-01    6.710387E-01 
   640    1.581458E-01    4.575178E-01    4.256613E-01    6.704006E-01 
   641    1.586922E-01    4.572520E-01    4.253138E-01    6.696143E-01 
   642    1.592394E-01    4.569876E-01    4.249707E-01    6.686860E-01 
   643    1.597869E-01    4.567383E-01    4.246435E-01    6.676325E-01 
   644    1.603354E-01    4.565180E-01    4.243593E-01    6.664676E-01 
   645    1.608844E-01    4.563413E-01    4.241260E-01    6.652202E-01 
   646    1.614343E-01    4.562210E-01    4.239728E-01    6.640020E-01 
   647    1.619847E-01    4.561676E-01    4.239000E-01    6.629955E-01 
   648    1.625357E-01    4.561876E-01    4.239293E-01    6.623903E-01 
   649    1.630868E-01    4.562818E-01    4.240492E-01    6.623818E-01 
   650    1.636378E-01    4.564446E-01    4.242640E-01    6.630040E-01 
   651    1.641883E-01    4.566628E-01    4.245464E-01    6.642154E-01 
   652    1.647380E-01    4.569152E-01    4.248767E-01    6.658350E-01 
   653    1.652865E-01    4.571727E-01    4.252118E-01    6.676836E-01 
   654    1.658338E-01    4.573990E-01    4.255066E-01    6.696170E-01 
   655    1.663799E-01    4.575508E-01    4.257049E-01    6.714845E-01 
   656    1.669248E-01    4.575791E-01    4.257393E-01    6.731697E-01 
   657    1.674687E-01    4.574304E-01    4.255455E-01    6.745880E-01 
   658    1.680118E-01    4.570478E-01    4.250393E-01    6.756307E-01 
   659    1.685545E-01    4.563714E-01    4.241526E-01    6.762841E-01 
   660    1.690969E-01    4.553413E-01    4.227936E-01    6.764316E-01 
   661    1.696396E-01    4.538976E-01    4.208968E-01    6.759154E-01 
   662    1.701830E-01    4.519841E-01    4.183746E-01    6.746740E-01 
   663    1.707279E-01    4.495455E-01    4.151673E-01    6.725470E-01 
   664    1.712747E-01    4.465321E-01    4.112007E-01    6.690819E-01 
   665    1.718247E-01    4.428988E-01    4.064289E-01    6.640027E-01 
   666    1.723788E-01    4.386074E-01    4.007989E-01    6.571824E-01 
   667    1.729385E-01    4.336233E-01    3.942797E-01    6.482305E-01 
   668    1.735052E-01    4.279249E-01    3.868534E-01    6.369490E-01 
   669    1.740805E-01    4.214982E-01    3.785133E-01    6.230665E-01 
   670    1.746664E-01    4.143371E-01    3.692760E-01    6.061181E-01 
   671    1.752647E-01    4.064534E-01    3.591719E-01    5.862939E-01 
   672    1.758777E-01    3.978701E-01    3.482638E-01    5.635981E-01 
   673    1.765071E-01    3.886390E-01    3.366394E-01    5.374671E-01 
   674    1.771554E-01    3.788291E-01    3.244228E-01    5.075677E-01 
   675    1.778245E-01    3.685363E-01    3.117519E-01    4.744056E-01 
   676    1.785169E-01    3.578734E-01    2.988051E-01    4.386362E-01 
   677    1.792339E-01    3.470023E-01    2.857925E-01    4.002568E-01 
   678    1.799773E-01    3.360962E-01    2.729435E-01    3.593862E-01 
   679    1.807478E-01    3.253518E-01    2.604863E-01    3.171729E-01 
   680    1.815464E-01    3.149629E-01    2.486465E-01    2.749135E-01 
   681    1.823727E-01    3.051326E-01    2.376304E-01    2.335463E-01 
   682    1.832259E-01    2.960324E-01    2.276038E-01    1.941029E-01 
   683    1.841043E-01    2.878031E-01    2.186814E-01    1.578267E-01 
   684    1.850058E-01    2.805366E-01    2.109223E-01    1.257314E-01 
   685    1.859276E-01    2.742755E-01    2.043258E-01    9.825788E-02 
   686    1.868668E-01    2.690044E-01    1.988377E-01    7.546775E-02 
   687    1.878204E-01    2.646660E-01    1.943640E-01    5.701548E-02 
   688    1.887855E-01    2.611686E-01    1.907858E-01    4.251683E-02 
   689    1.897598E-01    2.584039E-01    1.879744E-01    3.137171E-02 
   690    1.907411E-01    2.562564E-01    1.857996E-01    2.290094E-02 
   691    1.917277E-01    2.546132E-01    1.841407E-01    1.656842E-02 
   692    1.927183E-01    2.533729E-01    1.828912E-01    1.189932E-02 
   693    1.937118E-01    2.524480E-01    1.819606E-01    8.494414E-03 
   694    1.947075E-01    2.517654E-01    1.812742E-01    6.033519E-03 
   695    1.957047E-01    2.512659E-01    1.807722E-01    4.267754E-03 
   696    1.967030E-01    2.509032E-01    1.804077E-01    3.008204E-03 
   697    1.977021E-01    2.506417E-01    1.801449E-01    2.114082E-03 
   698    1.987018E-01    2.504541E-01    1.799564E-01    1.482007E-03 
   699    1.997018E-01    2.503204E-01    1.798220E-01    1.036717E-03 
   700    2.007022E-01    2.502253E-01    1.797265E-01    7.239047E-04 
   701    2.017027E-01    2.501581E-01    1.796589E-01    5.046815E-04 
   702    2.027034E-01    2.501107E-01    1.796113E-01    3.513588E-04 
   703    2.037042E-01    2.500773E-01    1.795777E-01    2.443137E-04 
   704    2.047051E-01    2.500540E-01    1.795542E-01    1.696917E-04 
   705    2.057059E-01    2.500376E-01    1.795378E-01    1.177417E-04 
   706    2.067069E-01    2.500261E-01    1.795263E-01    8.161813E-05 
   707    2.077078E-01    2.500182E-01    1.795183E-01    5.652648E-05 
   708    2.087088E-01    2.500126E-01    1.795127E-01    3.911477E-05 
   709    2.097098E-01    2.500087E-01    1.795088E-01    2.704344E-05 
   710    2.107107E-01    2.500061E-01    1.795061E-01    1.868182E-05 
   711    2.117117E-01    2.500042E-01    1.795042E-01    1.289471E-05 
   712    2.127127E-01    2.500029E-01    1.795029E-01    8.892705E-06 
   713    2.137137E-01    2.500020E-01    1.795020E-01    6.127421E-06 
   714    2.147147E-01    2.500014E-01    1.795014E-01    4.218241E-06 
   715    2.157157E-01    2.500010E-01    1.795010E-01    2.901217E-06 
   716    2.167167E-01    2.500007E-01    1.795007E-01    1.993459E-06 
   717    2.177177E-01    2.500005E-01    1.795005E-01    1.368336E-06 
   718    2.187187E-01    2.500003E-01    1.795003E-01    9.382412E-07 
   719    2.197197E-01    2.500002E-01    1.795002E-01    6.426119E-07 
   720    2.207207E-01    2.500001E-01    1.795001E-01    4.396118E-07 
   721    2.217217E-01    2.500001E-01    1.795001E-01    3.003640E-07 
   722    2.227227E-01    2.500001E-01    1.795001E-01    2.049530E-07 
   723    2.237237E-01    2.500000E-01    1.795000E-01    1.396549E-07 
   724    2.247247E-01    2.500000E-01    1.795000E-01    9.502092E-08 
   725    2.257257E-01    2.500000E-01    1.795000E-01    6.455159E-08 
   726    2.267267E-01    2.500000E-01    1.795000E-01    4.378048E-08 
   727    2.277277E-01    2.500000E-01    1.795000E-01    2.964142E-08 
   728    2.287287E-01    2.500000E-01    1.795000E-01    2.003174E-08 
   729    2.297297E-01    2.500000E-01    1.795000E-01    1.351118E-08 
   730    2.307307E-01    2.500000E-01    1.795000E-01    9.094384E-09 
   731    2.317317E-01    2.500000E-01    1.795000E-01    6.108101E-09 
   732    2.327327E-01    2.500000E-01    1.795000E-01    4.092943E-09 
   733    2.337337E-01    2.500000E-01    1.795000E-01    2.735909E-09 
   734    2.347347E-01    2.500000E-01    1.795000E-01    1.824057E-09 
   735    2.357357E-01    2.500000E-01    1.795000E-01    1.212764E-09 
   736    2.367367E-01    2.500000E-01    1.795000E-01    8.039678E-10 
   737    2.377377E-01    2.500000E-01    1.795000E-01    5.313041E-10 
   738    2.387387E-01    2.500000E-01    1.795000E-01    3.499430E-10 
   739    2.397397E-01    2.500000E-01    1.795000E-01    2.296691E-10 
   740    2.407407E-01    2.500000E-01    1.795000E-01    1.501577E-10 
   741    2.417417E-01    2.500000E-01    1.795000E-01    9.777042E-11 
   742    2.427427E-01    2.500000E-01    1.795000E-01    6.337791E-11 
   743    2.437437E-01    2.500000E-01    1.795000E-01    4.088649E-11 
   744    2.447447E-01    2.500000E-01    1.795000E-01    2.623816E-11 
   745    2.457457E-01    2.500000E-01    1.795000E-01    1.674014E-11 
   746    2.467467E-01    2.500000E-01    1.795000E-01    1.060920E-11 
   747    2.477477E-01    2.500000E-01    1.795000E-01    6.670303E-12 
   748    2.487487E-01    2.500000E-01    1.795000E-01    4.150706E-12 
   749    2.497497E-01    2.500000E-01    1.795000E-01    2.543840E-12 
   750    2.507508E-01    2.500000E-01    1.795000E-01    1.519717E-12 
   751    2.517518E-01    2.500000E-01    1.795000E-01    8.640416E-13 
   752    2.527528E-01    2.500000E-01    1.795000E-01    4.356006E-13 
   753    2.537538E-01    2.500000E-01    1.795000E-01    1.414569E-13 
   754    2.547548E-01    2.500000E-01    1.795000E-01   -7.990341E-14 
   755    2.557558E-01    2.500000E-01    1.795000E-01   -2.746944E-13 
   756    2.567568E-01    2.500000E-01    1.795000E-01   -4.774839E-13 
   757    2.577578E-01    2.500000E-01    1.795000E-01   -7.180487E-13 
   758    2.587588E-01    2.500000E-01    1.795000E-01   -1.026986E-12 
   759    2.597598E-01    2.500000E-01    1.795000E-01   -1.439441E-12 
   760    2.607608E-01    2.500000E-01    1.795000E-01   -1.996417E-12 
   761    2.617618E-01    2.500000E-01    1.795000E-01   -2.753220E-12 
   762    2.627628E-01    2.500000E-01    1.795000E-01   -3.781974E-12 
   763    2.637638E-01    2.500000E-01    1.795000E-01   -5.177646E-12 
   764    2.647648E-01    2.500000E-01    1.795000E-01   -7.069415E-12 
   765    2.657658E-01    2.500000E-01    1.795000E-01   -9.627160E-12 
   766    2.667668E-01    2.500000E-01    1.795000E-01   -1.307801E-11 
   767    2.677678E-01    2.500000E-01    1.795000E-01   -1.772139E-11 
   768    2.687688E-01    2.500000E-01    1.795000E-01   -2.395497E-11 
   769    2.697698E-01    2.500000E-01    1.795000E-01   -3.229640E-11 
   770    2.707708E-01    2.500000E-01    1.795000E-01   -4.343439E-11 
   771    2.717718E-01    2.500000E-01    1.795000E-01   -5.826514E-11 
   772    2.727728E-01    2.500000E-01    1.795000E-01   -7.796404E-11 
   773    2.737738E-01    2.500000E-01    1.795000E-01   -1.040613E-10 
   774    2.747748E-01    2.500000E-01    1.795000E-01   -1.385587E-10 
   775    2.757758E-01    2.500000E-01    1.795000E-01   -1.840382E-10 
   776    2.767768E-01    2.500000E-01    1.795000E-01   -2.438512E-10 
   777    2.777778E-01    2.500000E-01    1.795000E-01   -3.223260E-10 
   778    2.787788E-01    2.500000E-01    1.795000E-01   -4.250356E-10 
   779    2.797798E-01    2.500000E-01    1.795000E-01   -5.591259E-10 
   780    2.807808E-01    2.500000E-01    1.795000E-01   -7.337719E-10 
   781    2.817818E-01    2.500000E-01    1.795000E-01   -9.606881E-10 
   782    2.827828E-01    2.500000E-01    1.795000E-01   -1.254800E-09 
   783    2.837838E-01    2.500000E-01    1.795000E-01   -1.635085E-09 
   784    2.847848E-01    2.500000E-01    1.795000E-01   -2.125620E-09 
   785    2.857858E-01    2.500000E-01    1.795000E-01   -2.756838E-09 
   786    2.867868E-01    2.500000E-01    1.795000E-01   -3.567137E-09 
   787    2.877878E-01    2.500000E-01    1.795000E-01   -4.604840E-09 
   788    2.887888E-01    2.500000E-01    1.795000E-01   -5.930580E-09 
   789    2.897898E-01    2.500000E-01    1.795000E-01   -7.620249E-09 
   790    2.907908E-01    2.500000E-01    1.795000E-01   -9.768598E-09 
   791    2.917918E-01    2.500000E-01    1.795000E-01   -1.249360E-08 
   792    2.927928E-01    2.500000E-01    1.795000E-01   -1.594176E-08 
   793    2.937938E-01    2.500000E-01    1.795000E-01   -2.029454E-08 
   794    2.947948E-01    2.500000E-01    1.795000E-01   -2.577608E-08 
   795    2.957958E-01    2.500000E-01    1.795000E-01   -3.266253E-08 
   796    2.967968E-01    2.500000E-01    1.795000E-01   -4.129317E-08 
   797    2.977978E-01    2.500000E-01    1.795000E-01   -5.208375E-08 
   798    2.987988E-01    2.500000E-01    1.795000E-01   -6.554226E-08 
   799    2.997998E-01    2.500000E-01    1.795000E-01   -8.228783E-08 
   800    3.008008E-01    2.500000E-01    1.795000E-01   -1.030728E-07 
   801    3.018018E-01    2.500000E-01    1.795000E-01   -1.288090E-07 
   802    3.028028E-01    2.500000E-01    1.795000E-01   -1.605983E-07 
   803    3.038038E-01    2.500000E-01    1.795000E-01   -1.997687E-07 
   804    3.048048E-01    2.500001E-01    1.795001E-01   -2.479157E-07 
   805    3.058058E-01    2.500001E-01    1.795001E-01   -3.069512E-07 
   806    3.068068E-01    2.500001E-01    1.795001E-01   -3.791594E-07 
   807    3.078078E-01    2.500001E-01    1.795001E-01   -4.672610E-07 
   808    3.088088E-01    2.500001E-01    1.795001E-01   -5.744875E-07 
   809    3.098098E-01    2.500002E-01    1.795002E-01   -7.046649E-07 
   810    3.108108E-01    2.500002E-01    1.795002E-01   -8.623100E-07 
   811    3.118118E-01    2.500003E-01    1.795003E-01   -1.052738E-06 
   812    3.128128E-01    2.500003E-01    1.795003E-01   -1.282186E-06 
   813    3.138138E-01    2.500004E-01    1.795004E-01   -1.557944E-06 
   814    3.148148E-01    2.500005E-01    1.795005E-01   -1.888516E-06 
   815    3.158158E-01    2.500006E-01    1.795006E-01   -2.283776E-06 
   816    3.168168E-01    2.500007E-01    1.795007E-01   -2.755164E-06 
   817    3.178178E-01    2.500008E-01    1.795008E-01   -3.315879E-06 
   818    3.188188E-01    2.500010E-01    1.795010E-01   -3.981104E-06 
   819    3.198198E-01    2.500011E-01    1.795012E-01   -4.768239E-06 
   820    3.208208E-01    2.500014E-01    1.795014E-01   -5.697155E-06 
   821    3.218218E-01    2.500016E-01    1.795016E-01   -6.790462E-06 
   822    3.228228E-01    2.500019E-01    1.795019E-01   -8.073788E-06 
   823    3.238238E-01    2.500023E-01    1.795023E-01   -9.576074E-06 
   824    3.248248E-01    2.500027E-01    1.795027E-01   -1.132987E-05 
   825    3.258258E-01    2.500032E-01    1.795032E-01   -1.337163E-05 
   826    3.268268E-01    2.500037E-01    1.795038E-01   -1.574204E-05 
   827    3.278277E-01    2.500044E-01    1.795044E-01   -1.848626E-05 
   828    3.288287E-01    2.500051E-01    1.795052E-01   -2.165425E-05 
   829    3.298297E-01    2.500060E-01    1.795060E-01   -2.530097E-05 
   830    3.308307E-01    2.500070E-01    1.795070E-01   -2.948663E-05 
   831    3.318317E-01    2.500081E-01    1.795082E-01   -3.427685E-05 
   832    3.328326E-01    2.500094E-01    1.795095E-01   -3.974275E-05 
   833    3.338336E-01    2.500109E-01    1.795109E-01   -4.596100E-05 
   834    3.348345E-01    2.500125E-01    1.795126E-01   -5.301378E-05 
   835    3.358355E-01    2.500144E-01    1.795145E-01   -6.098858E-05 
   836    3.368364E-01    2.500165E-01    1.795166E-01   -6.997799E-05 
   837    3.378374E-01    2.500189E-01    1.795190E-01   -8.007923E-05 
   838    3.388383E-01    2.500215E-01    1.795217E-01   -9.139367E-05 
   839    3.398392E-01    2.500245E-01    1.795246E-01   -1.040260E-04 
   840    3.408401E-01    2.500278E-01    1.795280E-01   -1.180835E-04 
   841    3.418410E-01    2.500315E-01    1.795316E-01   -1.336747E-04 
   842    3.428419E-01    2.500355E-01    1.795357E-01   -1.509083E-04 
   843    3.438427E-01    2.500400E-01    1.795402E-01   -1.698916E-04 
   844    3.448436E-01    2.500449E-01    1.795451E-01   -1.907289E-04 
   845    3.458444E-01    2.500502E-01    1.795505E-01   -2.135193E-04 
   846    3.468452E-01    2.500561E-01    1.795564E-01   -2.383549E-04 
   847    3.478460E-01    2.500624E-01    1.795628E-01   -2.653184E-04 
   848    3.488467E-01    2.500693E-01    1.795697E-01   -2.944806E-04 
   849    3.498474E-01    2.500767E-01    1.795771E-01   -3.258980E-04 
   850    3.508481E-01    2.500847E-01    1.795851E-01   -3.596099E-04 
   851    3.518488E-01    2.500932E-01    1.795937E-01   -3.956356E-04 
   852    3.528494E-01    2.501022E-01    1.796028E-01   -4.339723E-04 
   853    3.538500E-01    2.501119E-01    1.796125E-01   -4.745918E-04 
   854    3.548505E-01    2.501220E-01    1.796227E-01   -5.174380E-04 
   855    3.558510E-01    2.501327E-01    1.796334E-01   -5.624253E-04 
   856    3.568515E-01    2.501439E-01    1.796447E-01   -6.094356E-04 
   857    3.578519E-01    2.501556E-01    1.796564E-01   -6.583175E-04 
   858    3.588522E-01    2.501676E-01    1.796685E-01   -7.088845E-04 
   859    3.598525E-01    2.501801E-01    1.796811E-01   -7.609146E-04 
   860    3.608528E-01    2.501929E-01    1.796939E-01   -8.141504E-04 
   861    3.618530E-01    2.502060E-01    1.797071E-01   -8.682993E-04 
   862    3.628532E-01    2.502192E-01    1.797204E-01   -9.230348E-04 
   863    3.638533E-01    2.502325E-01    1.797338E-01   -9.779991E-04 
   864    3.648533E-01    2.502459E-01    1.797472E-01   -1.032806E-03 
   865    3.658533E-01    2.502592E-01    1.797606E-01   -1.087043E-03 
   866    3.668532E-01    2.502723E-01    1.797738E-01   -1.140279E-03 
   867    3.678531E-01    2.502851E-01    1.797867E-01   -1.192067E-03 
   868    3.688529E-01    2.502976E-01    1.797992E-01   -1.241949E-03 
   869    3.698527E-01    2.503095E-01    1.798112E-01   -1.289466E-03 
   870    3.708525E-01    2.503209E-01    1.798226E-01   -1.334161E-03 
   871    3.718521E-01    2.503315E-01    1.798333E-01   -1.375587E-03 
   872    3.728518E-01    2.503413E-01    1.798432E-01   -1.413323E-03 
   873    3.738514E-01    2.503502E-01    1.798521E-01   -1.446975E-03 
   874    3.748509E-01    2.503580E-01    1.798600E-01   -1.476169E-03 
   875    3.758505E-01    2.503647E-01    1.798667E-01   -1.500513E-03 
   876    3.768500E-01    2.503701E-01    1.798722E-01   -1.519628E-03 
   877    3.778495E-01    2.503741E-01    1.798761E-01   -1.533245E-03 
   878    3.788490E-01    2.503763E-01    1.798784E-01   -1.541342E-03 
   879    3.798484E-01    2.503766E-01    1.798787E-01   -1.543958E-03 
   880    3.808479E-01    2.503745E-01    1.798766E-01   -1.540081E-03 
   881    3.818473E-01    2.503696E-01    1.798717E-01   -1.527694E-03 
   882    3.828468E-01    2.503616E-01    1.798636E-01   -1.503540E-03 
   883    3.838463E-01    2.503500E-01    1.798519E-01   -1.463922E-03 
   884    3.848459E-01    2.503345E-01    1.798363E-01   -1.406412E-03 
   885    3.858455E-01    2.503148E-01    1.798165E-01   -1.329113E-03 
   886    3.868452E-01    2.502910E-01    1.797925E-01   -1.230829E-03 
   887    3.878450E-01    2.502631E-01    1.797645E-01   -1.112087E-03 
   888    3.888450E-01    2.502314E-01    1.797327E-01   -9.751225E-04 
   889    3.898451E-01    2.501967E-01    1.796978E-01   -8.242668E-04 
   890    3.908453E-01    2.501598E-01    1.796606E-01   -6.638536E-04 
   891    3.918457E-01    2.501219E-01    1.796225E-01   -4.975467E-04 
   892    3.928463E-01    2.500842E-01    1.795846E-01   -3.284746E-04 
   893    3.938471E-01    2.500482E-01    1.795484E-01   -1.601889E-04 
   894    3.948481E-01    2.500150E-01    1.795150E-01    1.629611E-07 
   895    3.958492E-01    2.499858E-01    1.794857E-01    1.425301E-04 
   896    3.968504E-01    2.499615E-01    1.794613E-01    2.557464E-04 
   897    3.978516E-01    2.499429E-01    1.794426E-01    3.321388E-04 
   898    3.988530E-01    2.499303E-01    1.794300E-01    3.699383E-04 
   899    3.998544E-01    2.499239E-01    1.794235E-01    3.717371E-04 
   900    4.008559E-01    2.499230E-01    1.794225E-01    3.453255E-04 
   901    4.018574E-01    2.499266E-01    1.794262E-01    3.012958E-04 
   902    4.028587E-01    2.499336E-01    1.794332E-01    2.505676E-04 
   903    4.038598E-01    2.499425E-01    1.794422E-01    1.994025E-04 
   904    4.048609E-01    2.499524E-01    1.794521E-01    1.496496E-04 
   905    4.058621E-01    2.499623E-01    1.794621E-01    1.036554E-04 
   906    4.068633E-01    2.499719E-01    1.794717E-01    6.329568E-05 
   907    4.078645E-01    2.499806E-01    1.794805E-01    3.016921E-05 
   908    4.088656E-01    2.499882E-01    1.794882E-01    4.846600E-06 
   909    4.098665E-01    2.499946E-01    1.794946E-01   -1.393033E-05 
   910    4.108673E-01    2.499997E-01    1.794997E-01   -2.870672E-05 
   911    4.118682E-01    2.500037E-01    1.795037E-01   -4.130699E-05 
   912    4.128693E-01    2.500068E-01    1.795068E-01   -5.151423E-05 
   913    4.138705E-01    2.500091E-01    1.795091E-01   -5.761522E-05 
   914    4.148715E-01    2.500106E-01    1.795106E-01   -5.822484E-05 
   915    4.158723E-01    2.500111E-01    1.795111E-01   -5.268145E-05 
   916    4.168730E-01    2.500106E-01    1.795107E-01   -4.534072E-05 
   917    4.178738E-01    2.500094E-01    1.795094E-01   -4.207762E-05 
   918    4.188749E-01    2.500078E-01    1.795079E-01   -4.428570E-05 
   919    4.198761E-01    2.500063E-01    1.795063E-01   -4.742068E-05 
   920    4.208773E-01    2.500048E-01    1.795049E-01   -4.281716E-05 
   921    4.218782E-01    2.500035E-01    1.795035E-01   -1.769386E-05 
   922    4.228790E-01    2.500022E-01    1.795022E-01    1.353476E-05 
   923    4.238797E-01    2.500009E-01    1.795008E-01    2.249608E-05 
   924    4.248808E-01    2.499998E-01    1.794998E-01    1.409457E-05 
   925    4.258820E-01    2.499992E-01    1.794992E-01    1.039585E-07 
   926    4.268833E-01    2.499993E-01    1.794993E-01   -1.239854E-05 
   927    4.278843E-01    2.499998E-01    1.794998E-01   -1.157856E-05 
   928    4.288852E-01    2.500006E-01    1.795006E-01   -4.933050E-06 
   929    4.298858E-01    2.500017E-01    1.795017E-01   -1.072959E-05 
   930    4.308867E-01    2.500029E-01    1.795029E-01   -2.344430E-05 
   931    4.318879E-01    2.500043E-01    1.795044E-01   -3.403188E-05 
   932    4.328893E-01    2.500057E-01    1.795058E-01   -3.815017E-05 
   933    4.338904E-01    2.500067E-01    1.795067E-01   -3.593462E-05 
   934    4.348912E-01    2.500070E-01    1.795070E-01   -2.897065E-05 
   935    4.358916E-01    2.500066E-01    1.795066E-01   -2.539694E-05 
   936    4.368923E-01    2.500059E-01    1.795059E-01   -3.279053E-05 
   937    4.378936E-01    2.500054E-01    1.795054E-01   -4.552930E-05 
   938    4.388951E-01    2.500052E-01    1.795052E-01   -4.895764E-05 
   939    4.398965E-01    2.500048E-01    1.795049E-01   -3.582114E-05 
   940    4.408973E-01    2.500042E-01    1.795042E-01   -5.373525E-06 
   941    4.418975E-01    2.500030E-01    1.795030E-01    1.599629E-05 
   942    4.428979E-01    2.500016E-01    1.795016E-01    5.484735E-06 
   943    4.438992E-01    2.500008E-01    1.795008E-01   -1.942580E-05 
   944    4.449010E-01    2.500009E-01    1.795009E-01   -3.538644E-05 
   945    4.459026E-01    2.500013E-01    1.795012E-01   -3.397284E-05 
   946    4.469038E-01    2.500016E-01    1.795016E-01   -1.881923E-06 
   947    4.479037E-01    2.500015E-01    1.795015E-01    1.655604E-05 
   948    4.489035E-01    2.500013E-01    1.795013E-01   -5.832460E-06 
   949    4.499047E-01    2.500019E-01    1.795019E-01   -3.840961E-05 
   950    4.509068E-01    2.500032E-01    1.795032E-01   -5.315297E-05 
   951    4.519092E-01    2.500042E-01    1.795042E-01   -4.468752E-05 
   952    4.529105E-01    2.500042E-01    1.795042E-01   -9.755537E-06 
   953    4.539096E-01    2.500030E-01    1.795030E-01    1.923455E-05 
   954    4.549087E-01    2.500012E-01    1.795012E-01   -3.511368E-06 
   955    4.559098E-01    2.500003E-01    1.795003E-01   -4.203487E-05 
   956    4.569125E-01    2.500006E-01    1.795007E-01   -7.537215E-05 
   957    4.579156E-01    2.500015E-01    1.795015E-01   -6.757821E-05 
   958    4.589178E-01    2.500012E-01    1.795012E-01    1.934840E-05 
   959    4.599164E-01    2.499992E-01    1.794992E-01    7.804831E-05 
   960    4.609142E-01    2.499968E-01    1.794967E-01    3.408239E-05 
   961    4.619133E-01    2.499966E-01    1.794966E-01   -6.974131E-05 
   962    4.629166E-01    2.499989E-01    1.794989E-01   -1.178126E-04 
   963    4.639241E-01    2.500007E-01    1.795007E-01   -4.217560E-05 
   964    4.649284E-01    2.499998E-01    1.794998E-01    7.951785E-05 
   965    4.659226E-01    2.499976E-01    1.794976E-01    3.980962E-05 
   966    4.669157E-01    2.499961E-01    1.794961E-01    2.043137E-07 
   967    4.679149E-01    2.499965E-01    1.794965E-01   -8.847634E-05 
   968    4.689246E-01    2.499985E-01    1.794985E-01   -1.199852E-04 
   969    4.699384E-01    2.499987E-01    1.794987E-01   -1.599200E-05 
   970    4.709306E-01    2.499976E-01    1.794975E-01   -4.198659E-05 
   971    4.719296E-01    2.499934E-01    1.794934E-01    1.830099E-04 
   972    4.729205E-01    2.499869E-01    1.794869E-01    9.999123E-05 
   973    4.739174E-01    2.499857E-01    1.794857E-01   -1.595255E-04 
   974    4.749309E-01    2.499889E-01    1.794889E-01   -2.691200E-04 
   975    4.759339E-01    2.499912E-01    1.794912E-01   -8.628734E-05 
   976    4.769600E-01    2.499865E-01    1.794866E-01    2.638755E-04 
   977    4.779491E-01    2.499763E-01    1.794764E-01    3.055929E-04 
   978    4.789117E-01    2.499690E-01    1.794690E-01   -1.609974E-05 
   979    4.798809E-01    2.499777E-01    1.794780E-01   -6.611779E-04 
   980    4.809419E-01    2.499836E-01    1.794838E-01   -2.379748E-05 
   981    4.819955E-01    2.499746E-01    1.794754E-01    2.317047E-04 
   982    4.829970E-01    2.499568E-01    1.794578E-01    3.529812E-04 
   983    4.839390E-01    2.499329E-01    1.794334E-01    2.318768E-04 
   984    4.847795E-01    2.499203E-01    1.794213E-01   -8.347112E-04 
   985    4.859657E-01    2.498902E-01    1.793913E-01    3.068965E-05 
   986    4.870127E-01    2.498144E-01    1.793175E-01    1.113298E-04 
   987    4.880283E-01    2.496812E-01    1.791856E-01    1.960893E-04 
   988    4.889985E-01    2.494527E-01    1.789543E-01    2.444320E-04 
   989    4.897210E-01    2.491805E-01    1.786468E-01   -4.857140E-04 
   990    4.909910E-01    2.486820E-01    1.785537E-01    0.000000E+00 
   991    4.919920E-01    2.483831E-01    1.783391E-01    0.000000E+00 
   992    4.929930E-01    2.477695E-01    1.778985E-01    0.000000E+00 
   993    4.939940E-01    2.460879E-01    1.766911E-01    0.000000E+00 
   994    4.949950E-01    2.421813E-01    1.738862E-01    0.000000E+00 
   995    4.959960E-01    2.342518E-01    1.681928E-01    0.000000E+00 
   996    4.969970E-01    2.204410E-01    1.582766E-01    0.000000E+00 
   997    4.979980E-01    1.999478E-01    1.435625E-01    0.000000E+00 
   998    4.989990E-01    1.731594E-01    1.243284E-01    0.000000E+00 
   999    5.000000E-01    1.416667E-01    1.017167E-01    0.000000E+00 
