     0   -5.000000E-01    5.666667E-01    5.666667E-01    0.000000E+00 
     1   -4.989990E-01    6.926538E-01    6.926538E-01    0.000000E+00 
     2   -4.979980E-01    7.998653E-01    7.998653E-01    0.000000E+00 
     3   -4.969970E-01    8.819130E-01    8.819130E-01    0.000000E+00 
     4   -4.959960E-01    9.372312E-01    9.372312E-01    0.000000E+00 
     5   -4.949950E-01    9.690159E-01    9.690159E-01    0.000000E+00 
     6   -4.939940E-01    9.846639E-01    9.846639E-01    0.000000E+00 
     7   -4.929930E-01    9.913140E-01    9.913140E-01    0.000000E+00 
     8   -4.919920E-01    9.936632E-01    9.936632E-01    0.000000E+00 
     9   -4.909910E-01    9.947635E-01    9.947635E-01    0.000000E+00 
    10   -4.897570E-01    9.966190E-01    9.951284E-01    7.157694E-04 
    11   -4.889808E-01    9.977824E-01    9.969106E-01   -3.487220E-04 
    12   -4.880144E-01    9.986987E-01    9.982077E-01   -2.844699E-04 
    13   -4.870041E-01    9.992360E-01    9.989517E-01   -1.552502E-04 
    14   -4.859635E-01    9.995400E-01    9.993655E-01   -3.271886E-05 
    15   -4.848349E-01    9.996331E-01    9.994930E-01    1.020934E-03 
    16   -4.839275E-01    9.996603E-01    9.995278E-01   -1.684385E-04 
    17   -4.829732E-01    9.997725E-01    9.996863E-01   -4.407438E-04 
    18   -4.819790E-01    9.998687E-01    9.998200E-01   -3.071395E-04 
    19   -4.809447E-01    9.999163E-01    9.998842E-01    8.506266E-05 
    20   -4.799165E-01    9.998953E-01    9.998547E-01    5.653743E-04 
    21   -4.789176E-01    9.998608E-01    9.998057E-01    1.457875E-04 
    22   -4.779335E-01    9.998869E-01    9.998422E-01   -2.355966E-04 
    23   -4.769440E-01    9.999390E-01    9.999151E-01   -2.871430E-04 
    24   -4.759384E-01    9.999686E-01    9.999562E-01    8.118270E-05 
    25   -4.749408E-01    9.999716E-01    9.999606E-01    1.251327E-04 
    26   -4.739272E-01    9.999654E-01    9.999518E-01    1.780326E-04 
    27   -4.729206E-01    9.999584E-01    9.999419E-01    5.441300E-05 
    28   -4.719233E-01    9.999700E-01    9.999580E-01   -3.611881E-05 
    29   -4.709297E-01    9.999869E-01    9.999817E-01   -3.881789E-05 
    30   -4.699354E-01    1.000001E+00    1.000001E+00   -6.872473E-05 
    31   -4.689300E-01    1.000005E+00    1.000007E+00    8.751578E-05 
    32   -4.679219E-01    9.999931E-01    9.999904E-01    1.367926E-04 
    33   -4.669185E-01    9.999807E-01    9.999731E-01    6.709112E-05 
    34   -4.659202E-01    9.999817E-01    9.999745E-01   -3.181726E-05 
    35   -4.649233E-01    9.999940E-01    9.999916E-01   -8.135171E-05 
    36   -4.639246E-01    1.000004E+00    1.000005E+00   -6.166854E-06 
    37   -4.629218E-01    1.000004E+00    1.000005E+00    9.332011E-05 
    38   -4.619181E-01    9.999988E-01    9.999984E-01    8.896335E-05 
    39   -4.609153E-01    9.999984E-01    9.999978E-01    3.980071E-05 
    40   -4.599147E-01    1.000006E+00    1.000008E+00    1.075849E-07 
    41   -4.589160E-01    1.000017E+00    1.000024E+00   -1.725112E-05 
    42   -4.579169E-01    1.000025E+00    1.000035E+00    2.621775E-05 
    43   -4.569155E-01    1.000026E+00    1.000037E+00    7.152128E-05 
    44   -4.559128E-01    1.000022E+00    1.000031E+00    7.994352E-05 
    45   -4.549104E-01    1.000018E+00    1.000026E+00    6.038084E-05 
    46   -4.539095E-01    1.000018E+00    1.000025E+00    3.624816E-05 
    47   -4.529099E-01    1.000020E+00    1.000027E+00    2.038835E-05 
    48   -4.519102E-01    1.000020E+00    1.000029E+00    3.016793E-05 
    49   -4.509091E-01    1.000018E+00    1.000026E+00    4.854356E-05 
    50   -4.499072E-01    1.000014E+00    1.000020E+00    4.255040E-05 
    51   -4.489052E-01    1.000011E+00    1.000016E+00    2.363534E-05 
    52   -4.479040E-01    1.000012E+00    1.000016E+00    3.069128E-06 
    53   -4.469038E-01    1.000014E+00    1.000020E+00   -7.971479E-06 
    54   -4.459037E-01    1.000017E+00    1.000024E+00    1.245523E-05 
    55   -4.449029E-01    1.000020E+00    1.000027E+00    5.823381E-05 
    56   -4.439013E-01    1.000022E+00    1.000031E+00    6.161369E-05 
    57   -4.428996E-01    1.000026E+00    1.000036E+00    5.043360E-05 
    58   -4.418984E-01    1.000032E+00    1.000045E+00    4.051060E-05 
    59   -4.408979E-01    1.000038E+00    1.000054E+00    3.977663E-05 
    60   -4.398975E-01    1.000043E+00    1.000060E+00    5.333219E-05 
    61   -4.388969E-01    1.000044E+00    1.000062E+00    6.996411E-05 
    62   -4.378956E-01    1.000042E+00    1.000058E+00    7.444423E-05 
    63   -4.368941E-01    1.000037E+00    1.000052E+00    6.798435E-05 
    64   -4.358929E-01    1.000032E+00    1.000045E+00    5.825001E-05 
    65   -4.348921E-01    1.000026E+00    1.000036E+00    5.056038E-05 
    66   -4.338916E-01    1.000017E+00    1.000024E+00    4.543621E-05 
    67   -4.328909E-01    1.000005E+00    1.000007E+00    4.039102E-05 
    68   -4.318898E-01    9.999892E-01    9.999849E-01    3.042869E-05 
    69   -4.308884E-01    9.999701E-01    9.999581E-01    1.235344E-05 
    70   -4.298871E-01    9.999486E-01    9.999280E-01   -1.041424E-05 
    71   -4.288862E-01    9.999246E-01    9.998945E-01   -3.489444E-05 
    72   -4.278854E-01    9.998979E-01    9.998571E-01   -6.088113E-05 
    73   -4.268845E-01    9.998685E-01    9.998159E-01   -9.140669E-05 
    74   -4.258833E-01    9.998377E-01    9.997727E-01   -1.298296E-04 
    75   -4.248819E-01    9.998084E-01    9.997317E-01   -1.758518E-04 
    76   -4.238805E-01    9.997844E-01    9.996981E-01   -2.243444E-04 
    77   -4.228792E-01    9.997696E-01    9.996775E-01   -2.793830E-04 
    78   -4.218781E-01    9.997678E-01    9.996749E-01   -3.444023E-04 
    79   -4.208770E-01    9.997823E-01    9.996952E-01   -3.839221E-04 
    80   -4.198756E-01    9.998169E-01    9.997436E-01   -3.507912E-04 
    81   -4.188742E-01    9.998745E-01    9.998243E-01   -2.518306E-04 
    82   -4.178729E-01    9.999568E-01    9.999395E-01   -1.257291E-04 
    83   -4.168718E-01    1.000063E+00    1.000088E+00    1.526324E-05 
    84   -4.158709E-01    1.000189E+00    1.000264E+00    1.730494E-04 
    85   -4.148702E-01    1.000329E+00    1.000460E+00    3.520093E-04 
    86   -4.138696E-01    1.000476E+00    1.000666E+00    5.502451E-04 
    87   -4.128691E-01    1.000623E+00    1.000873E+00    7.572819E-04 
    88   -4.118688E-01    1.000766E+00    1.001072E+00    9.579870E-04 
    89   -4.108687E-01    1.000899E+00    1.001259E+00    1.139343E-03 
    90   -4.098687E-01    1.001020E+00    1.001428E+00    1.294496E-03 
    91   -4.088689E-01    1.001126E+00    1.001576E+00    1.422475E-03 
    92   -4.078692E-01    1.001215E+00    1.001701E+00    1.525154E-03 
    93   -4.068695E-01    1.001287E+00    1.001802E+00    1.604449E-03 
    94   -4.058699E-01    1.001342E+00    1.001879E+00    1.661166E-03 
    95   -4.048703E-01    1.001381E+00    1.001934E+00    1.696731E-03 
    96   -4.038708E-01    1.001406E+00    1.001968E+00    1.715290E-03 
    97   -4.028712E-01    1.001418E+00    1.001986E+00    1.722291E-03 
    98   -4.018717E-01    1.001421E+00    1.001990E+00    1.721844E-03 
    99   -4.008721E-01    1.001416E+00    1.001983E+00    1.715848E-03 
   100   -3.998725E-01    1.001404E+00    1.001967E+00    1.704694E-03 
   101   -3.988729E-01    1.001387E+00    1.001943E+00    1.688334E-03 
   102   -3.978733E-01    1.001365E+00    1.001912E+00    1.666609E-03 
   103   -3.968737E-01    1.001339E+00    1.001875E+00    1.639838E-03 
   104   -3.958740E-01    1.001309E+00    1.001833E+00    1.608404E-03 
   105   -3.948743E-01    1.001276E+00    1.001787E+00    1.572643E-03 
   106   -3.938746E-01    1.001240E+00    1.001736E+00    1.532890E-03 
   107   -3.928748E-01    1.001201E+00    1.001682E+00    1.489504E-03 
   108   -3.918750E-01    1.001160E+00    1.001625E+00    1.442870E-03 
   109   -3.908752E-01    1.001117E+00    1.001564E+00    1.393390E-03 
   110   -3.898753E-01    1.001073E+00    1.001502E+00    1.341481E-03 
   111   -3.888753E-01    1.001027E+00    1.001438E+00    1.287565E-03 
   112   -3.878753E-01    1.000980E+00    1.001372E+00    1.232064E-03 
   113   -3.868753E-01    1.000933E+00    1.001306E+00    1.175395E-03 
   114   -3.858752E-01    1.000885E+00    1.001239E+00    1.117964E-03 
   115   -3.848751E-01    1.000837E+00    1.001172E+00    1.060166E-03 
   116   -3.838749E-01    1.000790E+00    1.001106E+00    1.002371E-03 
   117   -3.828746E-01    1.000743E+00    1.001040E+00    9.449328E-04 
   118   -3.818743E-01    1.000697E+00    1.000976E+00    8.881749E-04 
   119   -3.808740E-01    1.000652E+00    1.000913E+00    8.323954E-04 
   120   -3.798736E-01    1.000608E+00    1.000851E+00    7.778622E-04 
   121   -3.788732E-01    1.000565E+00    1.000792E+00    7.248128E-04 
   122   -3.778728E-01    1.000525E+00    1.000734E+00    6.734534E-04 
   123   -3.768723E-01    1.000485E+00    1.000679E+00    6.239592E-04 
   124   -3.758717E-01    1.000448E+00    1.000627E+00    5.764743E-04 
   125   -3.748711E-01    1.000412E+00    1.000576E+00    5.311132E-04 
   126   -3.738705E-01    1.000378E+00    1.000529E+00    4.879618E-04 
   127   -3.728699E-01    1.000346E+00    1.000484E+00    4.470790E-04 
   128   -3.718692E-01    1.000315E+00    1.000442E+00    4.084985E-04 
   129   -3.708685E-01    1.000287E+00    1.000402E+00    3.722307E-04 
   130   -3.698678E-01    1.000261E+00    1.000365E+00    3.382651E-04 
   131   -3.688670E-01    1.000236E+00    1.000330E+00    3.065725E-04 
   132   -3.678662E-01    1.000213E+00    1.000298E+00    2.771070E-04 
   133   -3.668654E-01    1.000192E+00    1.000269E+00    2.498088E-04 
   134   -3.658646E-01    1.000172E+00    1.000241E+00    2.246057E-04 
   135   -3.648637E-01    1.000154E+00    1.000216E+00    2.014159E-04 
   136   -3.638629E-01    1.000138E+00    1.000193E+00    1.801497E-04 
   137   -3.628620E-01    1.000123E+00    1.000172E+00    1.607114E-04 
   138   -3.618611E-01    1.000109E+00    1.000153E+00    1.430013E-04 
   139   -3.608602E-01    1.000097E+00    1.000136E+00    1.269169E-04 
   140   -3.598593E-01    1.000086E+00    1.000120E+00    1.123547E-04 
   141   -3.588584E-01    1.000076E+00    1.000106E+00    9.921134E-05 
   142   -3.578574E-01    1.000067E+00    1.000093E+00    8.738473E-05 
   143   -3.568565E-01    1.000059E+00    1.000082E+00    7.677495E-05 
   144   -3.558555E-01    1.000051E+00    1.000072E+00    6.728507E-05 
   145   -3.548546E-01    1.000045E+00    1.000063E+00    5.882178E-05 
   146   -3.538536E-01    1.000039E+00    1.000055E+00    5.129595E-05 
   147   -3.528527E-01    1.000034E+00    1.000048E+00    4.462295E-05 
   148   -3.518517E-01    1.000030E+00    1.000041E+00    3.872296E-05 
   149   -3.508507E-01    1.000026E+00    1.000036E+00    3.352109E-05 
   150   -3.498497E-01    1.000022E+00    1.000031E+00    2.894754E-05 
   151   -3.488487E-01    1.000019E+00    1.000027E+00    2.493752E-05 
   152   -3.478478E-01    1.000016E+00    1.000023E+00    2.143122E-05 
   153   -3.468468E-01    1.000014E+00    1.000020E+00    1.837368E-05 
   154   -3.458458E-01    1.000012E+00    1.000017E+00    1.571466E-05 
   155   -3.448448E-01    1.000010E+00    1.000014E+00    1.340839E-05 
   156   -3.438438E-01    1.000009E+00    1.000012E+00    1.141339E-05 
   157   -3.428428E-01    1.000007E+00    1.000010E+00    9.692194E-06 
   158   -3.418418E-01    1.000006E+00    1.000009E+00    8.211110E-06 
   159   -3.408408E-01    1.000005E+00    1.000007E+00    6.939957E-06 
   160   -3.398398E-01    1.000004E+00    1.000006E+00    5.851800E-06 
   161   -3.388388E-01    1.000004E+00    1.000005E+00    4.922690E-06 
   162   -3.378378E-01    1.000003E+00    1.000004E+00    4.131407E-06 
   163   -3.368368E-01    1.000003E+00    1.000004E+00    3.459221E-06 
   164   -3.358358E-01    1.000002E+00    1.000003E+00    2.889650E-06 
   165   -3.348348E-01    1.000002E+00    1.000003E+00    2.408246E-06 
   166   -3.338338E-01    1.000002E+00    1.000002E+00    2.002380E-06 
   167   -3.328328E-01    1.000001E+00    1.000002E+00    1.661054E-06 
   168   -3.318318E-01    1.000001E+00    1.000001E+00    1.374720E-06 
   169   -3.308308E-01    1.000001E+00    1.000001E+00    1.135112E-06 
   170   -3.298298E-01    1.000001E+00    1.000001E+00    9.351000E-07 
   171   -3.288288E-01    1.000001E+00    1.000001E+00    7.685524E-07 
   172   -3.278278E-01    1.000000E+00    1.000001E+00    6.302103E-07 
   173   -3.268268E-01    1.000000E+00    1.000001E+00    5.155782E-07 
   174   -3.258258E-01    1.000000E+00    1.000000E+00    4.208244E-07 
   175   -3.248248E-01    1.000000E+00    1.000000E+00    3.426925E-07 
   176   -3.238238E-01    1.000000E+00    1.000000E+00    2.784235E-07 
   177   -3.228228E-01    1.000000E+00    1.000000E+00    2.256858E-07 
   178   -3.218218E-01    1.000000E+00    1.000000E+00    1.825153E-07 
   179   -3.208208E-01    1.000000E+00    1.000000E+00    1.472619E-07 
   180   -3.198198E-01    1.000000E+00    1.000000E+00    1.185433E-07 
   181   -3.188188E-01    1.000000E+00    1.000000E+00    9.520456E-08 
   182   -3.178178E-01    1.000000E+00    1.000000E+00    7.628369E-08 
   183   -3.168168E-01    1.000000E+00    1.000000E+00    6.098140E-08 
   184   -3.158158E-01    1.000000E+00    1.000000E+00    4.863549E-08 
   185   -3.148148E-01    1.000000E+00    1.000000E+00    3.869880E-08 
   186   -3.138138E-01    1.000000E+00    1.000000E+00    3.072049E-08 
   187   -3.128128E-01    1.000000E+00    1.000000E+00    2.433003E-08 
   188   -3.118118E-01    1.000000E+00    1.000000E+00    1.922379E-08 
   189   -3.108108E-01    1.000000E+00    1.000000E+00    1.515354E-08 
   190   -3.098098E-01    1.000000E+00    1.000000E+00    1.191695E-08 
   191   -3.088088E-01    1.000000E+00    1.000000E+00    9.349509E-09 
   192   -3.078078E-01    1.000000E+00    1.000000E+00    7.317822E-09 
   193   -3.068068E-01    1.000000E+00    1.000000E+00    5.714003E-09 
   194   -3.058058E-01    1.000000E+00    1.000000E+00    4.451032E-09 
   195   -3.048048E-01    1.000000E+00    1.000000E+00    3.458901E-09 
   196   -3.038038E-01    1.000000E+00    1.000000E+00    2.681442E-09 
   197   -3.028028E-01    1.000000E+00    1.000000E+00    2.073700E-09 
   198   -3.018018E-01    1.000000E+00    1.000000E+00    1.599799E-09 
   199   -3.008008E-01    1.000000E+00    1.000000E+00    1.231181E-09 
   200   -2.997998E-01    1.000000E+00    1.000000E+00    9.451697E-10 
   201   -2.987988E-01    1.000000E+00    1.000000E+00    7.238055E-10 
   202   -2.977978E-01    1.000000E+00    1.000000E+00    5.529091E-10 
   203   -2.967968E-01    1.000000E+00    1.000000E+00    4.213076E-10 
   204   -2.957958E-01    1.000000E+00    1.000000E+00    3.202208E-10 
   205   -2.947948E-01    1.000000E+00    1.000000E+00    2.427708E-10 
   206   -2.937938E-01    1.000000E+00    1.000000E+00    1.835828E-10 
   207   -2.927928E-01    1.000000E+00    1.000000E+00    1.384651E-10 
   208   -2.917918E-01    1.000000E+00    1.000000E+00    1.041638E-10 
   209   -2.907908E-01    1.000000E+00    1.000000E+00    7.815321E-11 
   210   -2.897898E-01    1.000000E+00    1.000000E+00    5.848192E-11 
   211   -2.887888E-01    1.000000E+00    1.000000E+00    4.364531E-11 
   212   -2.877878E-01    1.000000E+00    1.000000E+00    3.248677E-11 
   213   -2.867868E-01    1.000000E+00    1.000000E+00    2.411452E-11 
   214   -2.857858E-01    1.000000E+00    1.000000E+00    1.785157E-11 
   215   -2.847848E-01    1.000000E+00    1.000000E+00    1.317819E-11 
   216   -2.837838E-01    1.000000E+00    1.000000E+00    9.699840E-12 
   217   -2.827828E-01    1.000000E+00    1.000000E+00    7.118804E-12 
   218   -2.817818E-01    1.000000E+00    1.000000E+00    5.209106E-12 
   219   -2.807808E-01    1.000000E+00    1.000000E+00    3.798475E-12 
   220   -2.797798E-01    1.000000E+00    1.000000E+00    2.761873E-12 
   221   -2.787788E-01    1.000000E+00    1.000000E+00    2.002572E-12 
   222   -2.777778E-01    1.000000E+00    1.000000E+00    1.446838E-12 
   223   -2.767768E-01    1.000000E+00    1.000000E+00    1.041607E-12 
   224   -2.757758E-01    1.000000E+00    1.000000E+00    7.497814E-13 
   225   -2.747748E-01    1.000000E+00    1.000000E+00    5.380520E-13 
   226   -2.737738E-01    1.000000E+00    1.000000E+00    3.847874E-13 
   227   -2.727728E-01    1.000000E+00    1.000000E+00    2.747132E-13 
   228   -2.717718E-01    1.000000E+00    1.000000E+00    1.963508E-13 
   229   -2.707708E-01    1.000000E+00    1.000000E+00    1.383550E-13 
   230   -2.697698E-01    1.000000E+00    1.000000E+00    9.699808E-14 
   231   -2.687688E-01    1.000000E+00    1.000000E+00    6.748632E-14 
   232   -2.677678E-01    1.000000E+00    1.000000E+00    4.725910E-14 
   233   -2.667668E-01    1.000000E+00    1.000000E+00    3.236800E-14 
   234   -2.657658E-01    1.000000E+00    1.000000E+00    2.240468E-14 
   235   -2.647648E-01    1.000000E+00    1.000000E+00    1.539382E-14 
   236   -2.637638E-01    1.000000E+00    1.000000E+00    1.033139E-14 
   237   -2.627628E-01    1.000000E+00    1.000000E+00    5.981027E-15 
   238   -2.617618E-01    1.000000E+00    1.000000E+00    3.087086E-15 
   239   -2.607608E-01    1.000000E+00    1.000000E+00    1.422042E-15 
   240   -2.597598E-01    1.000000E+00    1.000000E+00    2.856386E-16 
   241   -2.587588E-01    1.000000E+00    1.000000E+00   -7.705692E-17 
   242   -2.577578E-01    1.000000E+00    1.000000E+00    3.152190E-16 
   243   -2.567568E-01    1.000000E+00    1.000000E+00    1.231332E-15 
   244   -2.557558E-01    1.000000E+00    1.000000E+00    4.130654E-16 
   245   -2.547548E-01    1.000000E+00    1.000000E+00    1.776204E-17 
   246   -2.537538E-01    1.000000E+00    1.000000E+00   -4.274544E-16 
   247   -2.527528E-01    1.000000E+00    1.000000E+00   -9.357032E-16 
   248   -2.517518E-01    1.000000E+00    1.000000E+00   -1.758793E-15 
   249   -2.507508E-01    1.000000E+00    1.000000E+00   -1.211069E-15 
   250   -2.497497E-01    1.000000E+00    1.000000E+00    7.073272E-16 
   251   -2.487487E-01    1.000000E+00    1.000000E+00    9.440900E-16 
   252   -2.477477E-01    1.000000E+00    1.000000E+00    5.866235E-16 
   253   -2.467467E-01    1.000000E+00    1.000000E+00    9.682418E-16 
   254   -2.457457E-01    1.000000E+00    1.000000E+00    2.789212E-16 
   255   -2.447447E-01    1.000000E+00    1.000000E+00    1.194430E-16 
   256   -2.437437E-01    1.000000E+00    1.000000E+00   -2.996322E-16 
   257   -2.427427E-01    1.000000E+00    1.000000E+00   -9.144765E-16 
   258   -2.417417E-01    1.000000E+00    1.000000E+00   -2.120060E-15 
   259   -2.407407E-01    1.000000E+00    1.000000E+00   -3.849040E-15 
   260   -2.397397E-01    1.000000E+00    1.000000E+00   -6.592641E-15 
   261   -2.387387E-01    1.000000E+00    1.000000E+00   -1.026692E-14 
   262   -2.377377E-01    1.000000E+00    1.000000E+00   -1.557820E-14 
   263   -2.367367E-01    1.000000E+00    1.000000E+00   -2.302492E-14 
   264   -2.357357E-01    1.000000E+00    1.000000E+00   -3.355420E-14 
   265   -2.347347E-01    1.000000E+00    1.000000E+00   -4.833870E-14 
   266   -2.337337E-01    1.000000E+00    1.000000E+00   -7.035367E-14 
   267   -2.327327E-01    1.000000E+00    1.000000E+00   -1.016032E-13 
   268   -2.317317E-01    1.000000E+00    1.000000E+00   -1.454921E-13 
   269   -2.307307E-01    1.000000E+00    1.000000E+00   -2.074976E-13 
   270   -2.297297E-01    1.000000E+00    1.000000E+00   -2.950612E-13 
   271   -2.287287E-01    1.000000E+00    1.000000E+00   -4.172659E-13 
   272   -2.277277E-01    1.000000E+00    1.000000E+00   -5.872001E-13 
   273   -2.267267E-01    1.000000E+00    1.000000E+00   -8.252726E-13 
   274   -2.257257E-01    1.000000E+00    1.000000E+00   -1.155792E-12 
   275   -2.247247E-01    1.000000E+00    1.000000E+00   -1.612322E-12 
   276   -2.237237E-01    1.000000E+00    1.000000E+00   -2.242908E-12 
   277   -2.227227E-01    1.000000E+00    1.000000E+00   -3.110757E-12 
   278   -2.217217E-01    1.000000E+00    1.000000E+00   -4.299136E-12 
   279   -2.207207E-01    1.000000E+00    1.000000E+00   -5.922581E-12 
   280   -2.197197E-01    1.000000E+00    1.000000E+00   -8.135384E-12 
   281   -2.187187E-01    1.000000E+00    1.000000E+00   -1.113868E-11 
   282   -2.177177E-01    1.000000E+00    1.000000E+00   -1.520410E-11 
   283   -2.167167E-01    1.000000E+00    1.000000E+00   -2.069097E-11 
   284   -2.157157E-01    1.000000E+00    1.000000E+00   -2.807366E-11 
   285   -2.147147E-01    1.000000E+00    1.000000E+00   -3.797587E-11 
   286   -2.137137E-01    1.000000E+00    1.000000E+00   -5.122142E-11 
   287   -2.127127E-01    1.000000E+00    1.000000E+00   -6.888576E-11 
   288   -2.117117E-01    1.000000E+00    1.000000E+00   -9.237793E-11 
   289   -2.107107E-01    1.000000E+00    1.000000E+00   -1.235300E-10 
   290   -2.097097E-01    1.000000E+00    1.000000E+00   -1.647266E-10 
   291   -2.087087E-01    1.000000E+00    1.000000E+00   -2.190513E-10 
   292   -2.077077E-01    1.000000E+00    1.000000E+00   -2.904915E-10 
   293   -2.067067E-01    1.000000E+00    1.000000E+00   -3.841764E-10 
   294   -2.057057E-01    1.000000E+00    1.000000E+00   -5.066998E-10 
   295   -2.047047E-01    1.000000E+00    1.000000E+00   -6.664975E-10 
   296   -2.037037E-01    1.000000E+00    1.000000E+00   -8.743453E-10 
   297   -2.027027E-01    1.000000E+00    1.000000E+00   -1.143960E-09 
   298   -2.017017E-01    1.000000E+00    1.000000E+00   -1.492758E-09 
   299   -2.007007E-01    1.000000E+00    1.000000E+00   -1.942781E-09 
   300   -1.996997E-01    1.000000E+00    1.000000E+00   -2.521858E-09 
   301   -1.986987E-01    1.000000E+00    1.000000E+00   -3.265012E-09 
   302   -1.976977E-01    1.000000E+00    1.000000E+00   -4.216201E-09 
   303   -1.966967E-01    1.000000E+00    1.000000E+00   -5.430429E-09 
   304   -1.956957E-01    1.000000E+00    1.000000E+00   -6.976336E-09 
   305   -1.946947E-01    1.000000E+00    1.000000E+00   -8.939327E-09 
   306   -1.936937E-01    1.000000E+00    1.000000E+00   -1.142535E-08 
   307   -1.926927E-01    1.000000E+00    1.000000E+00   -1.456546E-08 
   308   -1.916917E-01    1.000000E+00    1.000000E+00   -1.852130E-08 
   309   -1.906907E-01    1.000000E+00    1.000000E+00   -2.349164E-08 
   310   -1.896897E-01    1.000000E+00    1.000000E+00   -2.972021E-08 
   311   -1.886887E-01    1.000000E+00    1.000000E+00   -3.750491E-08 
   312   -1.876877E-01    1.000000E+00    1.000000E+00   -4.720887E-08 
   313   -1.866867E-01    1.000000E+00    1.000000E+00   -5.927326E-08 
   314   -1.856857E-01    1.000000E+00    1.000000E+00   -7.423252E-08 
   315   -1.846847E-01    1.000000E+00    1.000000E+00   -9.273207E-08 
   316   -1.836837E-01    1.000000E+00    1.000000E+00   -1.155489E-07 
   317   -1.826827E-01    1.000000E+00    1.000000E+00   -1.436155E-07 
   318   -1.816817E-01    1.000000E+00    1.000000E+00   -1.780473E-07 
   319   -1.806807E-01    1.000000E+00    1.000000E+00   -2.201746E-07 
   320   -1.796797E-01    1.000000E+00    1.000000E+00   -2.715781E-07 
   321   -1.786787E-01    1.000000E+00    1.000000E+00   -3.341309E-07 
   322   -1.776777E-01    1.000000E+00    1.000000E+00   -4.100440E-07 
   323   -1.766767E-01    1.000000E+00    1.000001E+00   -5.019191E-07 
   324   -1.756757E-01    1.000000E+00    1.000001E+00   -6.128069E-07 
   325   -1.746747E-01    1.000001E+00    1.000001E+00   -7.462716E-07 
   326   -1.736737E-01    1.000001E+00    1.000001E+00   -9.064628E-07 
   327   -1.726727E-01    1.000001E+00    1.000001E+00   -1.098194E-06 
   328   -1.716717E-01    1.000001E+00    1.000001E+00   -1.327027E-06 
   329   -1.706707E-01    1.000001E+00    1.000002E+00   -1.599364E-06 
   330   -1.696697E-01    1.000001E+00    1.000002E+00   -1.922546E-06 
   331   -1.686687E-01    1.000002E+00    1.000002E+00   -2.304955E-06 
   332   -1.676677E-01    1.000002E+00    1.000003E+00   -2.756124E-06 
   333   -1.666667E-01    1.000003E+00    1.000004E+00   -3.286845E-06 
   334   -1.656657E-01    1.000003E+00    1.000004E+00   -3.909282E-06 
   335   -1.646647E-01    1.000004E+00    1.000005E+00   -4.637084E-06 
   336   -1.636637E-01    1.000004E+00    1.000006E+00   -5.485488E-06 
   337   -1.626627E-01    1.000005E+00    1.000007E+00   -6.471421E-06 
   338   -1.616617E-01    1.000006E+00    1.000008E+00   -7.613587E-06 
   339   -1.606607E-01    1.000007E+00    1.000010E+00   -8.932538E-06 
   340   -1.596597E-01    1.000008E+00    1.000011E+00   -1.045072E-05 
   341   -1.586587E-01    1.000009E+00    1.000013E+00   -1.219251E-05 
   342   -1.576577E-01    1.000011E+00    1.000015E+00   -1.418417E-05 
   343   -1.566567E-01    1.000013E+00    1.000018E+00   -1.645381E-05 
   344   -1.556557E-01    1.000014E+00    1.000020E+00   -1.903130E-05 
   345   -1.546548E-01    1.000017E+00    1.000023E+00   -2.194804E-05 
   346   -1.536538E-01    1.000019E+00    1.000027E+00   -2.523681E-05 
   347   -1.526528E-01    1.000022E+00    1.000031E+00   -2.893135E-05 
   348   -1.516518E-01    1.000025E+00    1.000035E+00   -3.306605E-05 
   349   -1.506508E-01    1.000029E+00    1.000040E+00   -3.767539E-05 
   350   -1.496499E-01    1.000033E+00    1.000046E+00   -4.279336E-05 
   351   -1.486489E-01    1.000037E+00    1.000052E+00   -4.845272E-05 
   352   -1.476479E-01    1.000042E+00    1.000058E+00   -5.468418E-05 
   353   -1.466470E-01    1.000047E+00    1.000066E+00   -6.151546E-05 
   354   -1.456460E-01    1.000053E+00    1.000074E+00   -6.897017E-05 
   355   -1.446451E-01    1.000059E+00    1.000082E+00   -7.706663E-05 
   356   -1.436441E-01    1.000066E+00    1.000092E+00   -8.581656E-05 
   357   -1.426432E-01    1.000073E+00    1.000102E+00   -9.522368E-05 
   358   -1.416423E-01    1.000081E+00    1.000113E+00   -1.052822E-04 
   359   -1.406413E-01    1.000089E+00    1.000125E+00   -1.159751E-04 
   360   -1.396404E-01    1.000098E+00    1.000137E+00   -1.272727E-04 
   361   -1.386395E-01    1.000107E+00    1.000150E+00   -1.391311E-04 
   362   -1.376386E-01    1.000117E+00    1.000163E+00   -1.514904E-04 
   363   -1.366378E-01    1.000127E+00    1.000178E+00   -1.642730E-04 
   364   -1.356369E-01    1.000137E+00    1.000192E+00   -1.773827E-04 
   365   -1.346360E-01    1.000148E+00    1.000207E+00   -1.907023E-04 
   366   -1.336352E-01    1.000159E+00    1.000222E+00   -2.040931E-04 
   367   -1.326344E-01    1.000169E+00    1.000237E+00   -2.173934E-04 
   368   -1.316335E-01    1.000180E+00    1.000252E+00   -2.304205E-04 
   369   -1.306327E-01    1.000190E+00    1.000266E+00   -2.429695E-04 
   370   -1.296319E-01    1.000200E+00    1.000280E+00   -2.548084E-04 
   371   -1.286311E-01    1.000209E+00    1.000292E+00   -2.656552E-04 
   372   -1.276303E-01    1.000217E+00    1.000303E+00   -2.751512E-04 
   373   -1.266296E-01    1.000222E+00    1.000311E+00   -2.828986E-04 
   374   -1.256288E-01    1.000226E+00    1.000316E+00   -2.886391E-04 
   375   -1.246280E-01    1.000225E+00    1.000315E+00   -2.918374E-04 
   376   -1.236273E-01    1.000218E+00    1.000305E+00   -2.921570E-04 
   377   -1.226265E-01    1.000202E+00    1.000283E+00   -2.876082E-04 
   378   -1.216258E-01    1.000174E+00    1.000243E+00   -2.748905E-04 
   379   -1.206250E-01    1.000128E+00    1.000179E+00   -2.482062E-04 
   380   -1.196242E-01    1.000059E+00    1.000083E+00   -1.996679E-04 
   381   -1.186233E-01    9.999600E-01    9.999439E-01   -1.214346E-04 
   382   -1.176224E-01    9.998207E-01    9.997489E-01   -3.709369E-06 
   383   -1.166213E-01    9.996308E-01    9.994830E-01    1.656370E-04 
   384   -1.156201E-01    9.993778E-01    9.991286E-01    4.009839E-04 
   385   -1.146187E-01    9.990471E-01    9.986656E-01    7.193753E-04 
   386   -1.136169E-01    9.986224E-01    9.980709E-01    1.140467E-03 
   387   -1.126148E-01    9.980854E-01    9.973192E-01    1.686793E-03 
   388   -1.116121E-01    9.974164E-01    9.963826E-01    2.383829E-03 
   389   -1.106088E-01    9.965938E-01    9.952314E-01    3.259237E-03 
   390   -1.096046E-01    9.955952E-01    9.938342E-01    4.342902E-03 
   391   -1.085995E-01    9.943975E-01    9.921589E-01    5.665828E-03 
   392   -1.075931E-01    9.929774E-01    9.901733E-01    7.259293E-03 
   393   -1.065853E-01    9.913124E-01    9.878466E-01    9.154566E-03 
   394   -1.055758E-01    9.893815E-01    9.851499E-01    1.138214E-02 
   395   -1.045641E-01    9.871657E-01    9.820575E-01    1.397127E-02 
   396   -1.035502E-01    9.846489E-01    9.785482E-01    1.694872E-02 
   397   -1.025335E-01    9.818183E-01    9.746052E-01    2.033684E-02 
   398   -1.015137E-01    9.786647E-01    9.702174E-01    2.415169E-02 
   399   -1.004904E-01    9.751832E-01    9.653795E-01    2.840169E-02 
   400   -9.946332E-02    9.713731E-01    9.600926E-01    3.308713E-02 
   401   -9.843197E-02    9.672386E-01    9.543646E-01    3.820161E-02 
   402   -9.739596E-02    9.627884E-01    9.482100E-01    4.373432E-02 
   403   -9.635488E-02    9.580352E-01    9.416487E-01    4.967166E-02 
   404   -9.530833E-02    9.529946E-01    9.347048E-01    5.599787E-02 
   405   -9.425596E-02    9.476835E-01    9.274039E-01    6.269372E-02 
   406   -9.319741E-02    9.421177E-01    9.197703E-01    6.973498E-02 
   407   -9.213239E-02    9.363110E-01    9.118252E-01    7.709258E-02 
   408   -9.106057E-02    9.302735E-01    9.035848E-01    8.473531E-02 
   409   -8.998163E-02    9.240120E-01    8.950609E-01    9.263581E-02 
   410   -8.889521E-02    9.175310E-01    8.862622E-01    1.007874E-01 
   411   -8.780092E-02    9.108335E-01    8.771949E-01    1.092212E-01 
   412   -8.669837E-02    9.039207E-01    8.678638E-01    1.179729E-01 
   413   -8.558718E-02    8.967931E-01    8.582720E-01    1.270800E-01 
   414   -8.446698E-02    8.894502E-01    8.484218E-01    1.365695E-01 
   415   -8.333738E-02    8.818914E-01    8.383156E-01    1.464516E-01 
   416   -8.219794E-02    8.741183E-01    8.279590E-01    1.567168E-01 
   417   -8.104815E-02    8.661376E-01    8.173641E-01    1.673435E-01 
   418   -7.988748E-02    8.579638E-01    8.065538E-01    1.783086E-01 
   419   -7.871537E-02    8.496210E-01    7.955627E-01    1.895896E-01 
   420   -7.753136E-02    8.411408E-01    7.844354E-01    2.011525E-01 
   421   -7.633503E-02    8.325584E-01    7.732200E-01    2.129733E-01 
   422   -7.512614E-02    8.239090E-01    7.619638E-01    2.250175E-01 
   423   -7.390443E-02    8.152231E-01    7.507075E-01    2.372861E-01 
   424   -7.266959E-02    8.065252E-01    7.394839E-01    2.497610E-01 
   425   -7.142131E-02    7.978355E-01    7.283197E-01    2.623452E-01 
   426   -7.015929E-02    7.891745E-01    7.172413E-01    2.749298E-01 
   427   -6.888327E-02    7.805656E-01    7.062784E-01    2.874367E-01 
   428   -6.759302E-02    7.720360E-01    6.954649E-01    2.998202E-01 
   429   -6.628835E-02    7.636134E-01    6.848347E-01    3.121189E-01 
   430   -6.496917E-02    7.553218E-01    6.744160E-01    3.243954E-01 
   431   -6.363548E-02    7.471748E-01    6.642236E-01    3.366423E-01 
   432   -6.228738E-02    7.391669E-01    6.542480E-01    3.488272E-01 
   433   -6.092492E-02    7.312689E-01    6.444513E-01    3.609089E-01 
   434   -5.954805E-02    7.234300E-01    6.347692E-01    3.728475E-01 
   435   -5.815658E-02    7.155872E-01    6.251234E-01    3.846507E-01 
   436   -5.674999E-02    7.076765E-01    6.154357E-01    3.964572E-01 
   437   -5.532761E-02    6.996426E-01    6.056408E-01    4.084553E-01 
   438   -5.388867E-02    6.914452E-01    5.956924E-01    4.208736E-01 
   439   -5.243243E-02    6.830594E-01    5.855638E-01    4.339263E-01 
   440   -5.095799E-02    6.744721E-01    5.752433E-01    4.477480E-01 
   441   -4.946438E-02    6.656800E-01    5.647314E-01    4.623548E-01 
   442   -4.795060E-02    6.566920E-01    5.540431E-01    4.776263E-01 
   443   -4.641565E-02    6.475337E-01    5.432132E-01    4.933175E-01 
   444   -4.485846E-02    6.382506E-01    5.322995E-01    5.092049E-01 
   445   -4.327796E-02    6.289101E-01    5.213837E-01    5.251231E-01 
   446   -4.167336E-02    6.195973E-01    5.105657E-01    5.409928E-01 
   447   -4.004428E-02    6.104055E-01    4.999517E-01    5.569084E-01 
   448   -3.839057E-02    6.014175E-01    4.896346E-01    5.730154E-01 
   449   -3.671219E-02    5.926939E-01    4.796804E-01    5.892032E-01 
   450   -3.500924E-02    5.842728E-01    4.701280E-01    6.052340E-01 
   451   -3.328208E-02    5.761753E-01    4.609957E-01    6.207769E-01 
   452   -3.153106E-02    5.684235E-01    4.523021E-01    6.356424E-01 
   453   -2.975640E-02    5.610773E-01    4.441073E-01    6.495908E-01 
   454   -2.795830E-02    5.542623E-01    4.365436E-01    6.624165E-01 
   455   -2.613793E-02    5.481711E-01    4.298150E-01    6.739626E-01 
   456   -2.429779E-02    5.430328E-01    4.241608E-01    6.840325E-01 
   457   -2.244152E-02    5.390683E-01    4.198083E-01    6.922986E-01 
   458   -2.057325E-02    5.364322E-01    4.169118E-01    6.983552E-01 
   459   -1.869752E-02    5.351232E-01    4.154607E-01    7.015462E-01 
   460   -1.682139E-02    5.349278E-01    4.152207E-01    7.006478E-01 
   461   -1.494961E-02    5.355064E-01    4.158230E-01    6.976291E-01 
   462   -1.308077E-02    5.365716E-01    4.169544E-01    6.941957E-01 
   463   -1.121459E-02    5.379398E-01    4.184142E-01    6.906431E-01 
   464   -9.355704E-03    5.394486E-01    4.200262E-01    6.874492E-01 
   465   -7.504304E-03    5.409337E-01    4.216121E-01    6.848743E-01 
   466   -5.656393E-03    5.422825E-01    4.230486E-01    6.827578E-01 
   467   -3.811853E-03    5.434440E-01    4.242809E-01    6.809428E-01 
   468   -1.972921E-03    5.443929E-01    4.252821E-01    6.794250E-01 
   469   -1.372637E-04    5.451302E-01    4.260503E-01    6.782079E-01 
   470    1.698966E-03    5.456898E-01    4.266171E-01    6.772560E-01 
   471    3.532928E-03    5.461146E-01    4.270281E-01    6.765519E-01 
   472    5.363511E-03    5.464458E-01    4.273348E-01    6.760254E-01 
   473    7.195305E-03    5.467250E-01    4.275906E-01    6.756336E-01 
   474    9.028063E-03    5.469717E-01    4.278153E-01    6.754343E-01 
   475    1.085650E-02    5.471728E-01    4.279797E-01    6.753192E-01 
   476    1.268320E-02    5.473424E-01    4.280878E-01    6.750946E-01 
   477    1.451550E-02    5.475176E-01    4.281893E-01    6.747765E-01 
   478    1.634504E-02    5.476880E-01    4.283019E-01    6.746494E-01 
   479    1.816796E-02    5.478184E-01    4.283852E-01    6.745342E-01 
   480    1.999464E-02    5.479490E-01    4.284493E-01    6.742529E-01 
   481    2.182889E-02    5.481288E-01    4.285333E-01    6.739880E-01 
   482    2.365167E-02    5.482969E-01    4.285979E-01    6.740952E-01 
   483    2.547034E-02    5.484207E-01    4.286152E-01    6.740481E-01 
   484    2.730220E-02    5.485771E-01    4.286589E-01    6.736943E-01 
   485    2.913165E-02    5.487838E-01    4.287494E-01    6.736358E-01 
   486    3.094875E-02    5.489545E-01    4.288097E-01    6.739882E-01 
   487    3.276555E-02    5.491454E-01    4.288637E-01    6.735718E-01 
   488    3.460030E-02    5.495268E-01    4.289996E-01    6.731356E-01 
   489    3.643114E-02    5.499892E-01    4.290131E-01    6.736847E-01 
   490    3.822507E-02    5.504056E-01    4.287132E-01    6.738091E-01 
   491    4.004441E-02    5.507687E-01    4.281153E-01    6.727631E-01 
   492    4.189531E-02    5.506427E-01    4.270186E-01    6.731326E-01 
   493    4.369710E-02    5.492654E-01    4.249731E-01    6.742363E-01 
   494    4.544544E-02    5.458688E-01    4.223089E-01    6.720483E-01 
   495    4.736103E-02    5.397401E-01    4.216638E-01    6.733678E-01 
   496    4.926220E-02    5.309053E-01    4.244660E-01    6.730361E-01 
   497    5.093539E-02    5.215311E-01    4.299977E-01    6.732007E-01 
   498    5.314786E-02    5.091336E-01    4.349316E-01    6.731442E-01 
   499    5.549124E-02    4.955611E-01    4.486394E-01    6.765953E-01 
   500    5.454682E-02    5.008474E-01    3.485724E-01    6.604069E-01 
   501    5.640078E-02    4.899276E-01    3.706348E-01    6.686832E-01 
   502    5.742924E-02    4.835652E-01    3.943283E-01    6.721260E-01 
   503    5.804060E-02    4.797292E-01    4.161790E-01    6.728405E-01 
   504    5.833853E-02    4.779601E-01    4.332571E-01    6.706707E-01 
   505    5.892466E-02    4.747117E-01    4.416801E-01    6.697747E-01 
   506    5.973058E-02    4.705144E-01    4.435496E-01    6.736436E-01 
   507    6.016375E-02    4.684097E-01    4.435481E-01    6.748540E-01 
   508    6.037152E-02    4.674489E-01    4.425604E-01    6.746150E-01 
   509    6.067890E-02    4.661278E-01    4.406786E-01    6.720843E-01 
   510    6.134869E-02    4.636258E-01    4.377893E-01    6.720658E-01 
   511    6.203378E-02    4.615300E-01    4.353879E-01    6.720653E-01 
   512    6.270337E-02    4.599113E-01    4.334697E-01    6.715621E-01 
   513    6.337748E-02    4.586984E-01    4.319778E-01    6.714150E-01 
   514    6.391905E-02    4.579726E-01    4.309228E-01    6.720234E-01 
   515    6.441576E-02    4.574564E-01    4.300552E-01    6.733036E-01 
   516    6.489271E-02    4.570569E-01    4.293196E-01    6.735524E-01 
   517    6.538880E-02    4.567733E-01    4.287839E-01    6.719942E-01 
   518    6.588979E-02    4.566117E-01    4.284054E-01    6.715813E-01 
   519    6.641826E-02    4.565164E-01    4.281151E-01    6.718956E-01 
   520    6.698404E-02    4.564704E-01    4.278905E-01    6.723678E-01 
   521    6.758331E-02    4.564724E-01    4.277446E-01    6.726693E-01 
   522    6.820146E-02    4.564977E-01    4.276348E-01    6.732454E-01 
   523    6.877658E-02    4.565227E-01    4.275347E-01    6.733039E-01 
   524    6.930253E-02    4.565630E-01    4.274553E-01    6.728134E-01 
   525    6.982268E-02    4.566307E-01    4.274182E-01    6.723165E-01 
   526    7.037052E-02    4.567167E-01    4.274023E-01    6.723075E-01 
   527    7.090766E-02    4.567942E-01    4.273766E-01    6.724123E-01 
   528    7.143079E-02    4.568672E-01    4.273425E-01    6.723366E-01 
   529    7.196030E-02    4.569373E-01    4.273105E-01    6.723272E-01 
   530    7.250712E-02    4.570013E-01    4.272788E-01    6.724575E-01 
   531    7.306772E-02    4.570561E-01    4.272467E-01    6.725799E-01 
   532    7.363289E-02    4.571038E-01    4.272172E-01    6.724521E-01 
   533    7.419699E-02    4.571513E-01    4.271959E-01    6.722139E-01 
   534    7.475602E-02    4.572038E-01    4.271859E-01    6.719794E-01 
   535    7.530830E-02    4.572571E-01    4.271782E-01    6.718954E-01 
   536    7.585173E-02    4.573059E-01    4.271644E-01    6.718634E-01 
   537    7.638637E-02    4.573515E-01    4.271471E-01    6.717723E-01 
   538    7.691743E-02    4.573972E-01    4.271299E-01    6.716418E-01 
   539    7.745093E-02    4.574448E-01    4.271193E-01    6.715422E-01 
   540    7.799151E-02    4.574943E-01    4.271129E-01    6.715122E-01 
   541    7.854178E-02    4.575460E-01    4.271179E-01    6.715983E-01 
   542    7.910048E-02    4.575988E-01    4.271259E-01    6.718396E-01 
   543    7.966145E-02    4.576509E-01    4.271423E-01    6.720550E-01 
   544    8.021760E-02    4.577020E-01    4.271555E-01    6.721027E-01 
   545    8.076747E-02    4.577533E-01    4.271765E-01    6.720716E-01 
   546    8.131173E-02    4.578051E-01    4.271930E-01    6.720162E-01 
   547    8.185216E-02    4.578573E-01    4.272170E-01    6.719543E-01 
   548    8.239048E-02    4.579093E-01    4.272348E-01    6.719037E-01 
   549    8.292994E-02    4.579595E-01    4.272573E-01    6.718823E-01 
   550    8.347231E-02    4.580047E-01    4.272698E-01    6.719158E-01 
   551    8.401883E-02    4.580414E-01    4.272779E-01    6.719932E-01 
   552    8.456864E-02    4.580666E-01    4.272702E-01    6.720743E-01 
   553    8.512029E-02    4.580798E-01    4.272522E-01    6.721148E-01 
   554    8.567112E-02    4.580822E-01    4.272210E-01    6.721047E-01 
   555    8.622027E-02    4.580758E-01    4.271798E-01    6.720591E-01 
   556    8.676703E-02    4.580625E-01    4.271323E-01    6.719766E-01 
   557    8.731174E-02    4.580439E-01    4.270756E-01    6.718605E-01 
   558    8.785496E-02    4.580219E-01    4.270192E-01    6.717179E-01 
   559    8.839774E-02    4.579978E-01    4.269550E-01    6.715579E-01 
   560    8.894148E-02    4.579729E-01    4.268972E-01    6.713897E-01 
   561    8.948643E-02    4.579488E-01    4.268346E-01    6.712235E-01 
   562    9.003366E-02    4.579271E-01    4.267837E-01    6.710619E-01 
   563    9.058190E-02    4.579098E-01    4.267328E-01    6.709024E-01 
   564    9.113113E-02    4.578989E-01    4.266986E-01    6.707432E-01 
   565    9.167991E-02    4.578965E-01    4.266705E-01    6.705902E-01 
   566    9.222816E-02    4.579041E-01    4.266614E-01    6.704488E-01 
   567    9.277488E-02    4.579220E-01    4.266624E-01    6.703353E-01 
   568    9.332089E-02    4.579500E-01    4.266798E-01    6.702732E-01 
   569    9.386620E-02    4.579864E-01    4.267073E-01    6.702825E-01 
   570    9.441134E-02    4.580287E-01    4.267430E-01    6.703835E-01 
   571    9.495691E-02    4.580728E-01    4.267834E-01    6.705677E-01 
   572    9.550271E-02    4.581141E-01    4.268177E-01    6.708104E-01 
   573    9.604920E-02    4.581470E-01    4.268465E-01    6.710701E-01 
   574    9.659587E-02    4.581658E-01    4.268521E-01    6.713146E-01 
   575    9.714269E-02    4.581649E-01    4.268392E-01    6.715154E-01 
   576    9.768893E-02    4.581388E-01    4.267870E-01    6.716564E-01 
   577    9.823525E-02    4.580826E-01    4.267032E-01    6.717277E-01 
   578    9.878066E-02    4.579922E-01    4.265682E-01    6.717212E-01 
   579    9.932614E-02    4.578641E-01    4.263910E-01    6.716315E-01 
   580    9.987136E-02    4.576966E-01    4.261568E-01    6.714529E-01 
   581    1.004168E-01    4.574892E-01    4.258758E-01    6.711676E-01 
   582    1.009625E-01    4.572436E-01    4.255420E-01    6.707423E-01 
   583    1.015089E-01    4.569643E-01    4.251670E-01    6.701539E-01 
   584    1.020559E-01    4.566584E-01    4.247574E-01    6.693941E-01 
   585    1.026036E-01    4.563363E-01    4.243265E-01    6.684604E-01 
   586    1.031521E-01    4.560107E-01    4.238941E-01    6.673592E-01 
   587    1.037010E-01    4.556973E-01    4.234744E-01    6.661066E-01 
   588    1.042509E-01    4.554124E-01    4.230972E-01    6.647279E-01 
   589    1.048011E-01    4.551731E-01    4.227739E-01    6.632333E-01 
   590    1.053524E-01    4.549952E-01    4.225374E-01    6.617134E-01 
   591    1.059042E-01    4.548920E-01    4.223914E-01    6.603419E-01 
   592    1.064569E-01    4.548725E-01    4.223616E-01    6.593576E-01 
   593    1.070097E-01    4.549402E-01    4.224389E-01    6.589857E-01 
   594    1.075629E-01    4.550913E-01    4.226311E-01    6.593824E-01 
   595    1.081155E-01    4.553137E-01    4.229114E-01    6.605030E-01 
   596    1.086673E-01    4.555868E-01    4.232619E-01    6.621810E-01 
   597    1.092180E-01    4.558810E-01    4.236375E-01    6.642211E-01 
   598    1.097672E-01    4.561586E-01    4.239929E-01    6.663670E-01 
   599    1.103151E-01    4.563750E-01    4.242691E-01    6.685067E-01 
   600    1.108615E-01    4.564792E-01    4.243967E-01    6.704506E-01 
   601    1.114068E-01    4.564152E-01    4.243078E-01    6.721132E-01 
   602    1.119509E-01    4.561237E-01    4.239157E-01    6.733795E-01 
   603    1.124946E-01    4.555428E-01    4.231492E-01    6.742454E-01 
   604    1.130378E-01    4.546100E-01    4.219132E-01    6.745808E-01 
   605    1.135814E-01    4.532632E-01    4.201397E-01    6.742494E-01 
   606    1.141253E-01    4.514448E-01    4.177385E-01    6.731686E-01 
   607    1.146707E-01    4.490976E-01    4.146480E-01    6.712257E-01 
   608    1.152180E-01    4.461711E-01    4.107919E-01    6.679983E-01 
   609    1.157683E-01    4.426191E-01    4.061238E-01    6.631708E-01 
   610    1.163226E-01    4.384033E-01    4.005893E-01    6.565911E-01 
   611    1.168824E-01    4.334883E-01    3.941572E-01    6.478711E-01 
   612    1.174490E-01    4.278526E-01    3.868087E-01    6.368061E-01 
   613    1.180242E-01    4.214815E-01    3.785369E-01    6.231294E-01 
   614    1.186099E-01    4.143688E-01    3.693575E-01    6.063670E-01 
   615    1.192079E-01    4.065258E-01    3.593008E-01    5.867007E-01 
   616    1.198205E-01    3.979750E-01    3.484289E-01    5.641466E-01 
   617    1.204495E-01    3.887679E-01    3.368289E-01    5.381361E-01 
   618    1.210974E-01    3.789729E-01    3.246250E-01    5.083289E-01 
   619    1.217660E-01    3.686862E-01    3.119555E-01    4.752155E-01 
   620    1.224580E-01    3.580204E-01    2.989992E-01    4.394581E-01 
   621    1.231746E-01    3.471381E-01    2.859673E-01    4.010567E-01 
   622    1.239177E-01    3.362135E-01    2.730911E-01    3.601244E-01 
   623    1.246879E-01    3.254449E-01    2.606011E-01    3.178019E-01 
   624    1.254864E-01    3.150277E-01    2.487253E-01    2.754046E-01 
   625    1.263127E-01    3.051676E-01    2.376728E-01    2.338764E-01 
   626    1.271659E-01    2.960380E-01    2.276120E-01    1.942626E-01 
   627    1.280444E-01    2.877819E-01    2.186596E-01    1.578202E-01 
   628    1.289461E-01    2.804929E-01    2.108761E-01    1.255832E-01 
   629    1.298682E-01    2.742146E-01    2.042617E-01    9.799937E-02 
   630    1.308078E-01    2.689319E-01    1.987620E-01    7.513522E-02 
   631    1.317617E-01    2.645873E-01    1.942825E-01    5.664369E-02 
   632    1.327272E-01    2.610883E-01    1.907033E-01    4.213564E-02 
   633    1.337018E-01    2.583258E-01    1.878945E-01    3.100200E-02 
   634    1.346834E-01    2.561831E-01    1.857251E-01    2.255722E-02 
   635    1.356703E-01    2.545464E-01    1.840730E-01    1.625939E-02 
   636    1.366611E-01    2.533135E-01    1.828312E-01    1.162874E-02 
   637    1.376548E-01    2.523963E-01    1.819084E-01    8.262492E-03 
   638    1.386507E-01    2.517211E-01    1.812296E-01    5.838162E-03 
   639    1.396480E-01    2.512286E-01    1.807347E-01    4.105560E-03 
   640    1.406465E-01    2.508722E-01    1.803765E-01    2.875174E-03 
   641    1.416457E-01    2.506162E-01    1.801192E-01    2.006105E-03 
   642    1.426454E-01    2.504334E-01    1.799355E-01    1.395157E-03 
   643    1.436456E-01    2.503036E-01    1.798051E-01    9.674160E-04 
   644    1.446460E-01    2.502119E-01    1.797130E-01    6.689996E-04 
   645    1.456466E-01    2.501474E-01    1.796482E-01    4.614613E-04 
   646    1.466473E-01    2.501022E-01    1.796028E-01    3.175367E-04 
   647    1.476481E-01    2.500707E-01    1.795711E-01    2.179901E-04 
   648    1.486489E-01    2.500488E-01    1.795490E-01    1.493082E-04 
   649    1.496498E-01    2.500336E-01    1.795337E-01    1.020332E-04 
   650    1.506508E-01    2.500230E-01    1.795232E-01    6.956749E-05 
   651    1.516517E-01    2.500158E-01    1.795159E-01    4.732195E-05 
   652    1.526527E-01    2.500108E-01    1.795108E-01    3.211346E-05 
   653    1.536537E-01    2.500073E-01    1.795074E-01    2.173942E-05 
   654    1.546547E-01    2.500050E-01    1.795050E-01    1.467933E-05 
   655    1.556557E-01    2.500034E-01    1.795034E-01    9.885885E-06 
   656    1.566567E-01    2.500023E-01    1.795023E-01    6.639295E-06 
   657    1.576577E-01    2.500015E-01    1.795016E-01    4.445951E-06 
   658    1.586587E-01    2.500010E-01    1.795010E-01    2.968076E-06 
   659    1.596597E-01    2.500007E-01    1.795007E-01    1.975044E-06 
   660    1.606607E-01    2.500005E-01    1.795005E-01    1.309738E-06 
   661    1.616617E-01    2.500003E-01    1.795003E-01    8.653729E-07 
   662    1.626627E-01    2.500002E-01    1.795002E-01    5.695443E-07 
   663    1.636637E-01    2.500001E-01    1.795001E-01    3.732836E-07 
   664    1.646647E-01    2.500001E-01    1.795001E-01    2.435592E-07 
   665    1.656657E-01    2.500001E-01    1.795001E-01    1.581519E-07 
   666    1.666667E-01    2.500000E-01    1.795000E-01    1.021594E-07 
   667    1.676677E-01    2.500000E-01    1.795000E-01    6.561770E-08 
   668    1.686687E-01    2.500000E-01    1.795000E-01    4.188679E-08 
   669    1.696697E-01    2.500000E-01    1.795000E-01    2.655728E-08 
   670    1.706707E-01    2.500000E-01    1.795000E-01    1.671205E-08 
   671    1.716717E-01    2.500000E-01    1.795000E-01    1.042907E-08 
   672    1.726727E-01    2.500000E-01    1.795000E-01    6.447285E-09 
   673    1.736737E-01    2.500000E-01    1.795000E-01    3.943383E-09 
   674    1.746747E-01    2.500000E-01    1.795000E-01    2.382456E-09 
   675    1.756757E-01    2.500000E-01    1.795000E-01    1.418829E-09 
   676    1.766767E-01    2.500000E-01    1.795000E-01    8.306174E-10 
   677    1.776777E-01    2.500000E-01    1.795000E-01    4.761345E-10 
   678    1.786787E-01    2.500000E-01    1.795000E-01    2.657686E-10 
   679    1.796797E-01    2.500000E-01    1.795000E-01    1.433059E-10 
   680    1.806807E-01    2.500000E-01    1.795000E-01    7.366146E-11 
   681    1.816817E-01    2.500000E-01    1.795000E-01    3.520912E-11 
   682    1.826827E-01    2.500000E-01    1.795000E-01    1.466802E-11 
   683    1.836837E-01    2.500000E-01    1.795000E-01    4.179006E-12 
   684    1.846847E-01    2.500000E-01    1.795000E-01   -4.715278E-13 
   685    1.856857E-01    2.500000E-01    1.795000E-01   -2.018201E-12 
   686    1.866867E-01    2.500000E-01    1.795000E-01   -2.117429E-12 
   687    1.876877E-01    2.500000E-01    1.795000E-01   -1.689432E-12 
   688    1.886887E-01    2.500000E-01    1.795000E-01   -1.172206E-12 
   689    1.896897E-01    2.500000E-01    1.795000E-01   -7.388808E-13 
   690    1.906907E-01    2.500000E-01    1.795000E-01   -4.254649E-13 
   691    1.916917E-01    2.500000E-01    1.795000E-01   -2.232118E-13 
   692    1.926927E-01    2.500000E-01    1.795000E-01   -1.032175E-13 
   693    1.936937E-01    2.500000E-01    1.795000E-01   -3.792394E-14 
   694    1.946947E-01    2.500000E-01    1.795000E-01   -4.175171E-15 
   695    1.956957E-01    2.500000E-01    1.795000E-01    1.028713E-14 
   696    1.966967E-01    2.500000E-01    1.795000E-01    1.536885E-14 
   697    1.976977E-01    2.500000E-01    1.795000E-01    1.616469E-14 
   698    1.986987E-01    2.500000E-01    1.795000E-01    1.424419E-14 
   699    1.996997E-01    2.500000E-01    1.795000E-01    1.136436E-14 
   700    2.007007E-01    2.500000E-01    1.795000E-01    8.195310E-15 
   701    2.017017E-01    2.500000E-01    1.795000E-01    5.232530E-15 
   702    2.027027E-01    2.500000E-01    1.795000E-01    3.272903E-15 
   703    2.037037E-01    2.500000E-01    1.795000E-01    1.579917E-15 
   704    2.047047E-01    2.500000E-01    1.795000E-01    1.112846E-15 
   705    2.057057E-01    2.500000E-01    1.795000E-01    3.544224E-16 
   706    2.067067E-01    2.500000E-01    1.795000E-01    4.920453E-17 
   707    2.077077E-01    2.500000E-01    1.795000E-01    6.003961E-16 
   708    2.087087E-01    2.500000E-01    1.795000E-01    7.149103E-17 
   709    2.097097E-01    2.500000E-01    1.795000E-01    3.344318E-16 
   710    2.107107E-01    2.500000E-01    1.795000E-01    5.563499E-16 
   711    2.117117E-01    2.500000E-01    1.795000E-01    4.758674E-17 
   712    2.127127E-01    2.500000E-01    1.795000E-01    1.156144E-15 
   713    2.137137E-01    2.500000E-01    1.795000E-01    6.907193E-16 
   714    2.147147E-01    2.500000E-01    1.795000E-01    4.414489E-16 
   715    2.157157E-01    2.500000E-01    1.795000E-01    6.321024E-16 
   716    2.167167E-01    2.500000E-01    1.795000E-01    4.025671E-16 
   717    2.177177E-01    2.500000E-01    1.795000E-01    2.334270E-16 
   718    2.187187E-01    2.500000E-01    1.795000E-01    4.336790E-20 
   719    2.197197E-01    2.500000E-01    1.795000E-01   -1.576495E-16 
   720    2.207207E-01    2.500000E-01    1.795000E-01   -2.082347E-16 
   721    2.217217E-01    2.500000E-01    1.795000E-01   -1.874205E-16 
   722    2.227227E-01    2.500000E-01    1.795000E-01    4.465353E-16 
   723    2.237237E-01    2.500000E-01    1.795000E-01    3.595290E-16 
   724    2.247247E-01    2.500000E-01    1.795000E-01    1.652141E-16 
   725    2.257257E-01    2.500000E-01    1.795000E-01   -2.414513E-16 
   726    2.267267E-01    2.500000E-01    1.795000E-01   -9.367695E-16 
   727    2.277277E-01    2.500000E-01    1.795000E-01   -1.119764E-15 
   728    2.287287E-01    2.500000E-01    1.795000E-01   -1.458201E-15 
   729    2.297297E-01    2.500000E-01    1.795000E-01   -1.259104E-15 
   730    2.307307E-01    2.500000E-01    1.795000E-01    7.464356E-16 
   731    2.317317E-01    2.500000E-01    1.795000E-01    2.314991E-15 
   732    2.327327E-01    2.500000E-01    1.795000E-01    8.601541E-16 
   733    2.337337E-01    2.500000E-01    1.795000E-01    1.824736E-16 
   734    2.347347E-01    2.500000E-01    1.795000E-01   -1.624337E-16 
   735    2.357357E-01    2.500000E-01    1.795000E-01   -1.004434E-15 
   736    2.367367E-01    2.500000E-01    1.795000E-01   -2.480948E-15 
   737    2.377377E-01    2.500000E-01    1.795000E-01   -7.313753E-16 
   738    2.387387E-01    2.500000E-01    1.795000E-01    4.205307E-16 
   739    2.397397E-01    2.500000E-01    1.795000E-01    5.772454E-16 
   740    2.407407E-01    2.500000E-01    1.795000E-01    4.138373E-17 
   741    2.417417E-01    2.500000E-01    1.795000E-01    2.841941E-16 
   742    2.427427E-01    2.500000E-01    1.795000E-01   -5.623975E-16 
   743    2.437437E-01    2.500000E-01    1.795000E-01   -8.514741E-16 
   744    2.447447E-01    2.500000E-01    1.795000E-01   -1.119467E-15 
   745    2.457457E-01    2.500000E-01    1.795000E-01   -1.180777E-15 
   746    2.467467E-01    2.500000E-01    1.795000E-01   -2.446620E-16 
   747    2.477477E-01    2.500000E-01    1.795000E-01   -1.210836E-17 
   748    2.487487E-01    2.500000E-01    1.795000E-01   -3.031642E-16 
   749    2.497497E-01    2.500000E-01    1.795000E-01   -2.671951E-16 
   750    2.507508E-01    2.500000E-01    1.795000E-01   -3.140825E-16 
   751    2.517518E-01    2.500000E-01    1.795000E-01   -4.178773E-16 
   752    2.527528E-01    2.500000E-01    1.795000E-01   -5.545875E-16 
   753    2.537538E-01    2.500000E-01    1.795000E-01   -6.503676E-16 
   754    2.547548E-01    2.500000E-01    1.795000E-01   -6.230800E-16 
   755    2.557558E-01    2.500000E-01    1.795000E-01   -7.796497E-16 
   756    2.567568E-01    2.500000E-01    1.795000E-01   -5.424495E-16 
   757    2.577578E-01    2.500000E-01    1.795000E-01   -8.249098E-16 
   758    2.587588E-01    2.500000E-01    1.795000E-01   -5.331321E-18 
   759    2.597598E-01    2.500000E-01    1.795000E-01   -5.285172E-16 
   760    2.607608E-01    2.500000E-01    1.795000E-01   -5.814787E-16 
   761    2.617618E-01    2.500000E-01    1.795000E-01   -1.020362E-16 
   762    2.627628E-01    2.500000E-01    1.795000E-01   -6.447480E-16 
   763    2.637638E-01    2.500000E-01    1.795000E-01   -3.910398E-17 
   764    2.647648E-01    2.500000E-01    1.795000E-01   -5.465235E-16 
   765    2.657658E-01    2.500000E-01    1.795000E-01   -6.895698E-16 
   766    2.667668E-01    2.500000E-01    1.795000E-01   -8.950737E-17 
   767    2.677678E-01    2.500000E-01    1.795000E-01   -6.447417E-16 
   768    2.687688E-01    2.500000E-01    1.795000E-01   -9.963980E-18 
   769    2.697698E-01    2.500000E-01    1.795000E-01   -5.251262E-16 
   770    2.707708E-01    2.500000E-01    1.795000E-01   -6.659186E-16 
   771    2.717718E-01    2.500000E-01    1.795000E-01   -4.201643E-18 
   772    2.727728E-01    2.500000E-01    1.795000E-01   -4.803204E-16 
   773    2.737738E-01    2.500000E-01    1.795000E-01    3.515330E-16 
   774    2.747748E-01    2.500000E-01    1.795000E-01   -1.230872E-16 
   775    2.757758E-01    2.500000E-01    1.795000E-01   -2.391014E-16 
   776    2.767768E-01    2.500000E-01    1.795000E-01    6.003961E-16 
   777    2.777778E-01    2.500000E-01    1.795000E-01    7.149103E-17 
   778    2.787788E-01    2.500000E-01    1.795000E-01    2.803741E-16 
   779    2.797798E-01    2.500000E-01    1.795000E-01    5.563499E-16 
   780    2.807808E-01    2.500000E-01    1.795000E-01    4.758674E-17 
   781    2.817818E-01    2.500000E-01    1.795000E-01    1.156144E-15 
   782    2.827828E-01    2.500000E-01    1.795000E-01    6.907193E-16 
   783    2.837838E-01    2.500000E-01    1.795000E-01    4.414489E-16 
   784    2.847848E-01    2.500000E-01    1.795000E-01    6.321024E-16 
   785    2.857858E-01    2.500000E-01    1.795000E-01    4.025671E-16 
   786    2.867868E-01    2.500000E-01    1.795000E-01    2.334270E-16 
   787    2.877878E-01    2.500000E-01    1.795000E-01    4.336790E-20 
   788    2.887888E-01    2.500000E-01    1.795000E-01   -1.576495E-16 
   789    2.897898E-01    2.500000E-01    1.795000E-01   -2.082347E-16 
   790    2.907908E-01    2.500000E-01    1.795000E-01   -1.874205E-16 
   791    2.917918E-01    2.500000E-01    1.795000E-01    4.444237E-16 
   792    2.927928E-01    2.500000E-01    1.795000E-01    3.582620E-16 
   793    2.937938E-01    2.500000E-01    1.795000E-01    1.660588E-16 
   794    2.947948E-01    2.500000E-01    1.795000E-01   -2.466600E-16 
   795    2.957958E-01    2.500000E-01    1.795000E-01   -9.347986E-16 
   796    2.967968E-01    2.500000E-01    1.795000E-01   -1.112022E-15 
   797    2.977978E-01    2.500000E-01    1.795000E-01   -1.405129E-15 
   798    2.987988E-01    2.500000E-01    1.795000E-01   -1.118891E-15 
   799    2.997998E-01    2.500000E-01    1.795000E-01    6.029856E-16 
   800    3.008008E-01    2.500000E-01    1.795000E-01    1.862820E-15 
   801    3.018018E-01    2.500000E-01    1.795000E-01   -7.729810E-16 
   802    3.028028E-01    2.500000E-01    1.795000E-01   -3.756982E-15 
   803    3.038038E-01    2.500000E-01    1.795000E-01   -8.397928E-15 
   804    3.048048E-01    2.500000E-01    1.795000E-01   -1.528242E-14 
   805    3.058058E-01    2.500000E-01    1.795000E-01   -2.673511E-14 
   806    3.068068E-01    2.500000E-01    1.795000E-01   -4.135317E-14 
   807    3.078078E-01    2.500000E-01    1.795000E-01   -6.495725E-14 
   808    3.088088E-01    2.500000E-01    1.795000E-01   -1.011519E-13 
   809    3.098098E-01    2.500000E-01    1.795000E-01   -1.576095E-13 
   810    3.108108E-01    2.500000E-01    1.795000E-01   -2.425278E-13 
   811    3.118118E-01    2.500000E-01    1.795000E-01   -3.728656E-13 
   812    3.128128E-01    2.500000E-01    1.795000E-01   -5.688265E-13 
   813    3.138138E-01    2.500000E-01    1.795000E-01   -8.626156E-13 
   814    3.148148E-01    2.500000E-01    1.795000E-01   -1.300674E-12 
   815    3.158158E-01    2.500000E-01    1.795000E-01   -1.949758E-12 
   816    3.168168E-01    2.500000E-01    1.795000E-01   -2.904449E-12 
   817    3.178178E-01    2.500000E-01    1.795000E-01   -4.300478E-12 
   818    3.188188E-01    2.500000E-01    1.795000E-01   -6.331866E-12 
   819    3.198198E-01    2.500000E-01    1.795000E-01   -9.269506E-12 
   820    3.208208E-01    2.500000E-01    1.795000E-01   -1.349889E-11 
   821    3.218218E-01    2.500000E-01    1.795000E-01   -1.955806E-11 
   822    3.228228E-01    2.500000E-01    1.795000E-01   -2.820175E-11 
   823    3.238238E-01    2.500000E-01    1.795000E-01   -4.047360E-11 
   824    3.248248E-01    2.500000E-01    1.795000E-01   -5.782430E-11 
   825    3.258258E-01    2.500000E-01    1.795000E-01   -8.224474E-11 
   826    3.268268E-01    2.500000E-01    1.795000E-01   -1.164739E-10 
   827    3.278278E-01    2.500000E-01    1.795000E-01   -1.642471E-10 
   828    3.288288E-01    2.500000E-01    1.795000E-01   -2.306539E-10 
   829    3.298298E-01    2.500000E-01    1.795000E-01   -3.225889E-10 
   830    3.308308E-01    2.500000E-01    1.795000E-01   -4.493704E-10 
   831    3.318318E-01    2.500000E-01    1.795000E-01   -6.235216E-10 
   832    3.328328E-01    2.500000E-01    1.795000E-01   -8.618272E-10 
   833    3.338338E-01    2.500000E-01    1.795000E-01   -1.186689E-09 
   834    3.348348E-01    2.500000E-01    1.795000E-01   -1.627886E-09 
   835    3.358358E-01    2.500000E-01    1.795000E-01   -2.224856E-09 
   836    3.368368E-01    2.500000E-01    1.795000E-01   -3.029641E-09 
   837    3.378378E-01    2.500000E-01    1.795000E-01   -4.110642E-09 
   838    3.388388E-01    2.500000E-01    1.795000E-01   -5.557424E-09 
   839    3.398398E-01    2.500000E-01    1.795000E-01   -7.486833E-09 
   840    3.408408E-01    2.500000E-01    1.795000E-01   -1.005073E-08 
   841    3.418418E-01    2.500000E-01    1.795000E-01   -1.344573E-08 
   842    3.428428E-01    2.500000E-01    1.795000E-01   -1.792546E-08 
   843    3.438438E-01    2.500000E-01    1.795000E-01   -2.381582E-08 
   844    3.448448E-01    2.500000E-01    1.795000E-01   -3.153405E-08 
   845    3.458458E-01    2.500000E-01    1.795000E-01   -4.161227E-08 
   846    3.468468E-01    2.500000E-01    1.795000E-01   -5.472659E-08 
   847    3.478478E-01    2.500000E-01    1.795000E-01   -7.173275E-08 
   848    3.488488E-01    2.500000E-01    1.795000E-01   -9.370980E-08 
   849    3.498498E-01    2.500000E-01    1.795000E-01   -1.220130E-07 
   850    3.508509E-01    2.500000E-01    1.795000E-01   -1.583382E-07 
   851    3.518519E-01    2.500001E-01    1.795001E-01   -2.047989E-07 
   852    3.528529E-01    2.500001E-01    1.795001E-01   -2.640191E-07 
   853    3.538539E-01    2.500001E-01    1.795001E-01   -3.392434E-07 
   854    3.548549E-01    2.500001E-01    1.795001E-01   -4.344682E-07 
   855    3.558559E-01    2.500001E-01    1.795001E-01   -5.545957E-07 
   856    3.568569E-01    2.500002E-01    1.795002E-01   -7.056155E-07 
   857    3.578579E-01    2.500002E-01    1.795002E-01   -8.948146E-07 
   858    3.588589E-01    2.500003E-01    1.795003E-01   -1.131022E-06 
   859    3.598599E-01    2.500004E-01    1.795004E-01   -1.424892E-06 
   860    3.608609E-01    2.500004E-01    1.795004E-01   -1.789221E-06 
   861    3.618619E-01    2.500006E-01    1.795006E-01   -2.239319E-06 
   862    3.628629E-01    2.500007E-01    1.795007E-01   -2.793414E-06 
   863    3.638639E-01    2.500009E-01    1.795009E-01   -3.473117E-06 
   864    3.648648E-01    2.500011E-01    1.795011E-01   -4.303931E-06 
   865    3.658658E-01    2.500013E-01    1.795013E-01   -5.315808E-06 
   866    3.668668E-01    2.500016E-01    1.795016E-01   -6.543756E-06 
   867    3.678678E-01    2.500019E-01    1.795020E-01   -8.028496E-06 
   868    3.688688E-01    2.500024E-01    1.795024E-01   -9.817153E-06 
   869    3.698698E-01    2.500029E-01    1.795029E-01   -1.196398E-05 
   870    3.708708E-01    2.500035E-01    1.795035E-01   -1.453109E-05 
   871    3.718718E-01    2.500042E-01    1.795043E-01   -1.758924E-05 
   872    3.728728E-01    2.500051E-01    1.795051E-01   -2.121851E-05 
   873    3.738738E-01    2.500061E-01    1.795061E-01   -2.550905E-05 
   874    3.748747E-01    2.500073E-01    1.795073E-01   -3.056169E-05 
   875    3.758757E-01    2.500087E-01    1.795087E-01   -3.648846E-05 
   876    3.768767E-01    2.500103E-01    1.795104E-01   -4.341299E-05 
   877    3.778776E-01    2.500122E-01    1.795123E-01   -5.147074E-05 
   878    3.788786E-01    2.500144E-01    1.795145E-01   -6.080898E-05 
   879    3.798795E-01    2.500170E-01    1.795170E-01   -7.158645E-05 
   880    3.808805E-01    2.500199E-01    1.795200E-01   -8.397282E-05 
   881    3.818814E-01    2.500232E-01    1.795233E-01   -9.814761E-05 
   882    3.828823E-01    2.500270E-01    1.795271E-01   -1.142988E-04 
   883    3.838832E-01    2.500312E-01    1.795314E-01   -1.326208E-04 
   884    3.848841E-01    2.500361E-01    1.795363E-01   -1.533120E-04 
   885    3.858849E-01    2.500415E-01    1.795417E-01   -1.765718E-04 
   886    3.868858E-01    2.500476E-01    1.795478E-01   -2.025970E-04 
   887    3.878866E-01    2.500544E-01    1.795546E-01   -2.315771E-04 
   888    3.888874E-01    2.500619E-01    1.795622E-01   -2.636899E-04 
   889    3.898881E-01    2.500701E-01    1.795705E-01   -2.990959E-04 
   890    3.908888E-01    2.500792E-01    1.795796E-01   -3.379323E-04 
   891    3.918895E-01    2.500891E-01    1.795896E-01   -3.803064E-04 
   892    3.928901E-01    2.500999E-01    1.796004E-01   -4.262891E-04 
   893    3.938907E-01    2.501115E-01    1.796121E-01   -4.759078E-04 
   894    3.948913E-01    2.501240E-01    1.796246E-01   -5.291397E-04 
   895    3.958918E-01    2.501373E-01    1.796380E-01   -5.859049E-04 
   896    3.968922E-01    2.501514E-01    1.796522E-01   -6.460603E-04 
   897    3.978926E-01    2.501663E-01    1.796672E-01   -7.093940E-04 
   898    3.988929E-01    2.501820E-01    1.796830E-01   -7.756207E-04 
   899    3.998932E-01    2.501983E-01    1.796993E-01   -8.443781E-04 
   900    4.008933E-01    2.502151E-01    1.797163E-01   -9.152258E-04 
   901    4.018935E-01    2.502324E-01    1.797336E-01   -9.876457E-04 
   902    4.028935E-01    2.502499E-01    1.797513E-01   -1.061045E-03 
   903    4.038935E-01    2.502677E-01    1.797691E-01   -1.134760E-03 
   904    4.048934E-01    2.502854E-01    1.797870E-01   -1.208066E-03 
   905    4.058932E-01    2.503030E-01    1.798046E-01   -1.280179E-03 
   906    4.068929E-01    2.503202E-01    1.798219E-01   -1.350270E-03 
   907    4.078926E-01    2.503368E-01    1.798386E-01   -1.417471E-03 
   908    4.088922E-01    2.503527E-01    1.798546E-01   -1.480904E-03 
   909    4.098917E-01    2.503676E-01    1.798696E-01   -1.539709E-03 
   910    4.108912E-01    2.503813E-01    1.798834E-01   -1.593076E-03 
   911    4.118907E-01    2.503936E-01    1.798958E-01   -1.640261E-03 
   912    4.128900E-01    2.504043E-01    1.799066E-01   -1.680524E-03 
   913    4.138894E-01    2.504132E-01    1.799155E-01   -1.713018E-03 
   914    4.148887E-01    2.504200E-01    1.799223E-01   -1.737016E-03 
   915    4.158879E-01    2.504243E-01    1.799266E-01   -1.751974E-03 
   916    4.168872E-01    2.504256E-01    1.799280E-01   -1.757633E-03 
   917    4.178864E-01    2.504234E-01    1.799257E-01   -1.753201E-03 
   918    4.188857E-01    2.504170E-01    1.799193E-01   -1.736517E-03 
   919    4.198850E-01    2.504058E-01    1.799081E-01   -1.704616E-03 
   920    4.208843E-01    2.503896E-01    1.798918E-01   -1.653733E-03 
   921    4.218836E-01    2.503681E-01    1.798701E-01   -1.578194E-03 
   922    4.228831E-01    2.503412E-01    1.798431E-01   -1.470069E-03 
   923    4.238827E-01    2.503090E-01    1.798107E-01   -1.323251E-03 
   924    4.248825E-01    2.502715E-01    1.797730E-01   -1.139706E-03 
   925    4.258825E-01    2.502292E-01    1.797304E-01   -9.349195E-04 
   926    4.268826E-01    2.501832E-01    1.796841E-01   -7.313773E-04 
   927    4.278827E-01    2.501355E-01    1.796362E-01   -5.455815E-04 
   928    4.288832E-01    2.500890E-01    1.795894E-01   -3.749571E-04 
   929    4.298840E-01    2.500463E-01    1.795465E-01   -1.988089E-04 
   930    4.308852E-01    2.500096E-01    1.795096E-01    2.723837E-07 
   931    4.318868E-01    2.499797E-01    1.794796E-01    2.127467E-04 
   932    4.328882E-01    2.499567E-01    1.794565E-01    3.922207E-04 
   933    4.338893E-01    2.499401E-01    1.794398E-01    4.613037E-04 
   934    4.348901E-01    2.499298E-01    1.794294E-01    4.199684E-04 
   935    4.358911E-01    2.499260E-01    1.794256E-01    3.290443E-04 
   936    4.368927E-01    2.499288E-01    1.794284E-01    2.418912E-04 
   937    4.378949E-01    2.499373E-01    1.794370E-01    1.797519E-04 
   938    4.388969E-01    2.499496E-01    1.794494E-01    1.327878E-04 
   939    4.398978E-01    2.499632E-01    1.794630E-01    8.672372E-05 
   940    4.408979E-01    2.499761E-01    1.794760E-01    3.985325E-05 
   941    4.418980E-01    2.499877E-01    1.794876E-01   -6.425112E-06 
   942    4.428991E-01    2.499977E-01    1.794977E-01   -5.116093E-05 
   943    4.439013E-01    2.500065E-01    1.795065E-01   -8.772724E-05 
   944    4.449035E-01    2.500135E-01    1.795135E-01   -1.049180E-04 
   945    4.459042E-01    2.500179E-01    1.795180E-01   -1.008681E-04 
   946    4.469037E-01    2.500194E-01    1.795195E-01   -9.258732E-05 
   947    4.479032E-01    2.500187E-01    1.795188E-01   -9.567453E-05 
   948    4.489040E-01    2.500172E-01    1.795172E-01   -1.113472E-04 
   949    4.499065E-01    2.500157E-01    1.795158E-01   -1.317478E-04 
   950    4.509093E-01    2.500143E-01    1.795144E-01   -1.246974E-04 
   951    4.519104E-01    2.500117E-01    1.795117E-01   -3.609886E-05 
   952    4.529097E-01    2.500070E-01    1.795070E-01    5.403069E-05 
   953    4.539085E-01    2.500009E-01    1.795009E-01    6.312529E-05 
   954    4.549088E-01    2.499956E-01    1.794956E-01    2.405060E-05 
   955    4.559116E-01    2.499925E-01    1.794924E-01   -3.608748E-05 
   956    4.569155E-01    2.499919E-01    1.794919E-01   -7.667407E-05 
   957    4.579177E-01    2.499929E-01    1.794929E-01    7.382661E-06 
   958    4.589167E-01    2.499939E-01    1.794938E-01    9.135287E-05 
   959    4.599144E-01    2.499945E-01    1.794944E-01    6.746843E-05 
   960    4.609141E-01    2.499960E-01    1.794960E-01    8.145999E-06 
   961    4.619168E-01    2.499996E-01    1.794996E-01   -8.116016E-05 
   962    4.629216E-01    2.500045E-01    1.795045E-01   -1.360411E-04 
   963    4.639256E-01    2.500074E-01    1.795074E-01   -4.596448E-05 
   964    4.649246E-01    2.500061E-01    1.795061E-01    5.472274E-05 
   965    4.659202E-01    2.500024E-01    1.795024E-01    1.188853E-05 
   966    4.669166E-01    2.500004E-01    1.795005E-01   -1.010578E-04 
   967    4.679194E-01    2.500019E-01    1.795019E-01   -1.884922E-04 
   968    4.689293E-01    2.500038E-01    1.795038E-01   -1.528619E-04 
   969    4.699376E-01    2.500026E-01    1.795026E-01    7.063685E-05 
   970    4.709310E-01    2.499993E-01    1.794993E-01    5.945299E-05 
   971    4.719235E-01    2.499937E-01    1.794937E-01    1.462708E-04 
   972    4.729184E-01    2.499876E-01    1.794875E-01    3.681146E-05 
   973    4.739242E-01    2.499871E-01    1.794871E-01   -1.635134E-04 
   974    4.749399E-01    2.499891E-01    1.794891E-01   -1.864056E-04 
   975    4.759381E-01    2.499903E-01    1.794903E-01   -1.462419E-04 
   976    4.769487E-01    2.499852E-01    1.794852E-01    3.377370E-04 
   977    4.779371E-01    2.499740E-01    1.794739E-01    3.123966E-04 
   978    4.789141E-01    2.499678E-01    1.794677E-01   -1.376396E-04 
   979    4.799072E-01    2.499778E-01    1.794780E-01   -7.262227E-04 
   980    4.809434E-01    2.499843E-01    1.794845E-01   -6.442934E-05 
   981    4.819852E-01    2.499737E-01    1.794744E-01    3.133110E-04 
   982    4.829814E-01    2.499520E-01    1.794528E-01    4.793036E-04 
   983    4.839299E-01    2.499247E-01    1.794249E-01    2.500670E-04 
   984    4.848160E-01    2.499143E-01    1.794152E-01   -1.102888E-03 
   985    4.859641E-01    2.498873E-01    1.793883E-01    5.711935E-05 
   986    4.870078E-01    2.498113E-01    1.793141E-01    1.538355E-04 
   987    4.880196E-01    2.496780E-01    1.791820E-01    2.742301E-04 
   988    4.889873E-01    2.494502E-01    1.789507E-01    3.555767E-04 
   989    4.897432E-01    2.491663E-01    1.786354E-01   -7.100765E-04 
   990    4.909910E-01    2.486885E-01    1.785584E-01    0.000000E+00 
   991    4.919920E-01    2.484035E-01    1.783537E-01    0.000000E+00 
   992    4.929930E-01    2.478052E-01    1.779241E-01    0.000000E+00 
   993    4.939940E-01    2.461347E-01    1.767247E-01    0.000000E+00 
   994    4.949950E-01    2.422249E-01    1.739175E-01    0.000000E+00 
   995    4.959960E-01    2.342855E-01    1.682170E-01    0.000000E+00 
   996    4.969970E-01    2.204635E-01    1.582928E-01    0.000000E+00 
   997    4.979980E-01    1.999591E-01    1.435706E-01    0.000000E+00 
   998    4.989990E-01    1.731618E-01    1.243302E-01    0.000000E+00 
   999    5.000000E-01    1.416667E-01    1.017167E-01    0.000000E+00 
