     0   -5.000000E-01    5.666667E-01    5.666667E-01    0.000000E+00 
     1   -4.989990E-01    6.927157E-01    6.927157E-01    0.000000E+00 
     2   -4.979980E-01    8.001412E-01    8.001412E-01    0.000000E+00 
     3   -4.969970E-01    8.824911E-01    8.824911E-01    0.000000E+00 
     4   -4.959960E-01    9.381386E-01    9.381386E-01    0.000000E+00 
     5   -4.949950E-01    9.702546E-01    9.702546E-01    0.000000E+00 
     6   -4.939940E-01    9.860615E-01    9.860615E-01    0.000000E+00 
     7   -4.929930E-01    9.924570E-01    9.924570E-01    0.000000E+00 
     8   -4.919920E-01    9.943958E-01    9.943958E-01    0.000000E+00 
     9   -4.909910E-01    9.951388E-01    9.951388E-01    0.000000E+00 
    10   -4.898709E-01    9.965615E-01    9.951156E-01    5.239535E-03 
    11   -4.889449E-01    9.980595E-01    9.972748E-01   -5.297520E-04 
    12   -4.879690E-01    9.994162E-01    9.991917E-01   -1.825238E-03 
    13   -4.869727E-01    1.000460E+00    1.000653E+00   -1.579021E-03 
    14   -4.859634E-01    1.001165E+00    1.001638E+00    6.719150E-04 
    15   -4.849467E-01    1.001477E+00    1.002070E+00    4.500145E-03 
    16   -4.839481E-01    1.001577E+00    1.002209E+00    4.124763E-03 
    17   -4.829521E-01    1.001756E+00    1.002459E+00    3.476449E-03 
    18   -4.819556E-01    1.001988E+00    1.002785E+00    3.119106E-03 
    19   -4.809584E-01    1.002189E+00    1.003067E+00    2.999298E-03 
    20   -4.799614E-01    1.002315E+00    1.003243E+00    2.867271E-03 
    21   -4.789622E-01    1.002335E+00    1.003271E+00    2.968346E-03 
    22   -4.779628E-01    1.002229E+00    1.003122E+00    2.991648E-03 
    23   -4.769635E-01    1.002047E+00    1.002868E+00    2.864532E-03 
    24   -4.759645E-01    1.001843E+00    1.002582E+00    2.612860E-03 
    25   -4.749655E-01    1.001652E+00    1.002313E+00    2.302829E-03 
    26   -4.739662E-01    1.001478E+00    1.002070E+00    2.029141E-03 
    27   -4.729666E-01    1.001312E+00    1.001838E+00    1.789053E-03 
    28   -4.719668E-01    1.001150E+00    1.001610E+00    1.567846E-03 
    29   -4.709668E-01    1.000992E+00    1.001389E+00    1.358298E-03 
    30   -4.699666E-01    1.000843E+00    1.001180E+00    1.160136E-03 
    31   -4.689663E-01    1.000707E+00    1.000990E+00    9.734927E-04 
    32   -4.679659E-01    1.000587E+00    1.000822E+00    8.039163E-04 
    33   -4.669654E-01    1.000483E+00    1.000676E+00    6.552900E-04 
    34   -4.659647E-01    1.000393E+00    1.000550E+00    5.284525E-04 
    35   -4.649640E-01    1.000317E+00    1.000444E+00    4.219337E-04 
    36   -4.639633E-01    1.000253E+00    1.000354E+00    3.331321E-04 
    37   -4.629624E-01    1.000199E+00    1.000279E+00    2.597739E-04 
    38   -4.619616E-01    1.000155E+00    1.000217E+00    1.999395E-04 
    39   -4.609607E-01    1.000120E+00    1.000167E+00    1.518638E-04 
    40   -4.599598E-01    1.000091E+00    1.000128E+00    1.138267E-04 
    41   -4.589588E-01    1.000069E+00    1.000096E+00    8.419558E-05 
    42   -4.579579E-01    1.000051E+00    1.000072E+00    6.144927E-05 
    43   -4.569569E-01    1.000038E+00    1.000053E+00    4.421495E-05 
    44   -4.559559E-01    1.000027E+00    1.000038E+00    3.132926E-05 
    45   -4.549549E-01    1.000020E+00    1.000028E+00    2.183685E-05 
    46   -4.539539E-01    1.000014E+00    1.000020E+00    1.495491E-05 
    47   -4.529529E-01    1.000010E+00    1.000014E+00    1.005438E-05 
    48   -4.519519E-01    1.000007E+00    1.000009E+00    6.634084E-06 
    49   -4.509509E-01    1.000005E+00    1.000006E+00    4.291122E-06 
    50   -4.499499E-01    1.000003E+00    1.000004E+00    2.714980E-06 
    51   -4.489489E-01    1.000002E+00    1.000003E+00    1.675258E-06 
    52   -4.479479E-01    1.000001E+00    1.000002E+00    9.996835E-07 
    53   -4.469469E-01    1.000001E+00    1.000001E+00    5.703393E-07 
    54   -4.459459E-01    1.000001E+00    1.000001E+00    3.055636E-07 
    55   -4.449449E-01    1.000000E+00    1.000000E+00    1.467980E-07 
    56   -4.439439E-01    1.000000E+00    1.000000E+00    5.941128E-08 
    57   -4.429429E-01    1.000000E+00    1.000000E+00    1.681404E-08 
    58   -4.419419E-01    1.000000E+00    1.000000E+00   -7.963589E-10 
    59   -4.409409E-01    1.000000E+00    1.000000E+00   -5.931456E-09 
    60   -4.399399E-01    1.000000E+00    1.000000E+00   -5.932466E-09 
    61   -4.389389E-01    1.000000E+00    1.000000E+00   -4.349273E-09 
    62   -4.379379E-01    1.000000E+00    1.000000E+00   -2.689823E-09 
    63   -4.369369E-01    1.000000E+00    1.000000E+00   -1.455438E-09 
    64   -4.359359E-01    1.000000E+00    1.000000E+00   -7.023884E-10 
    65   -4.349349E-01    1.000000E+00    1.000000E+00   -2.891526E-10 
    66   -4.339339E-01    1.000000E+00    1.000000E+00   -7.665863E-11 
    67   -4.329329E-01    1.000000E+00    1.000000E+00    2.069110E-11 
    68   -4.319319E-01    1.000000E+00    1.000000E+00    5.677797E-11 
    69   -4.309309E-01    1.000000E+00    1.000000E+00    6.169976E-11 
    70   -4.299299E-01    1.000000E+00    1.000000E+00    5.285075E-11 
    71   -4.289289E-01    1.000000E+00    1.000000E+00    3.997631E-11 
    72   -4.279279E-01    1.000000E+00    1.000000E+00    2.763571E-11 
    73   -4.269269E-01    1.000000E+00    1.000000E+00    1.766381E-11 
    74   -4.259259E-01    1.000000E+00    1.000000E+00    1.047322E-11 
    75   -4.249249E-01    1.000000E+00    1.000000E+00    5.726156E-12 
    76   -4.239239E-01    1.000000E+00    1.000000E+00    2.799842E-12 
    77   -4.229229E-01    1.000000E+00    1.000000E+00    1.182954E-12 
    78   -4.219219E-01    1.000000E+00    1.000000E+00    3.851938E-13 
    79   -4.209209E-01    1.000000E+00    1.000000E+00    4.923781E-14 
    80   -4.199199E-01    1.000000E+00    1.000000E+00   -6.145405E-14 
    81   -4.189189E-01    1.000000E+00    1.000000E+00   -7.497102E-14 
    82   -4.179179E-01    1.000000E+00    1.000000E+00   -5.742088E-14 
    83   -4.169169E-01    1.000000E+00    1.000000E+00   -3.457342E-14 
    84   -4.159159E-01    1.000000E+00    1.000000E+00   -1.735006E-14 
    85   -4.149149E-01    1.000000E+00    1.000000E+00   -6.790365E-15 
    86   -4.139139E-01    1.000000E+00    1.000000E+00   -1.148697E-15 
    87   -4.129129E-01    1.000000E+00    1.000000E+00    1.220197E-15 
    88   -4.119119E-01    1.000000E+00    1.000000E+00    1.323065E-15 
    89   -4.109109E-01    1.000000E+00    1.000000E+00    7.930202E-16 
    90   -4.099099E-01    1.000000E+00    1.000000E+00    5.626465E-17 
    91   -4.089089E-01    1.000000E+00    1.000000E+00   -7.587211E-16 
    92   -4.079079E-01    1.000000E+00    1.000000E+00   -1.674179E-15 
    93   -4.069069E-01    1.000000E+00    1.000000E+00   -1.691630E-15 
    94   -4.059059E-01    1.000000E+00    1.000000E+00   -1.833612E-15 
    95   -4.049049E-01    1.000000E+00    1.000000E+00   -2.019692E-15 
    96   -4.039039E-01    1.000000E+00    1.000000E+00   -1.012353E-16 
    97   -4.029029E-01    1.000000E+00    1.000000E+00    1.838845E-15 
    98   -4.019019E-01    1.000000E+00    1.000000E+00    1.843195E-15 
    99   -4.009009E-01    1.000000E+00    1.000000E+00    1.784983E-15 
   100   -3.998999E-01    1.000000E+00    1.000000E+00    1.834634E-15 
   101   -3.988989E-01    1.000000E+00    1.000000E+00    8.876794E-16 
   102   -3.978979E-01    1.000000E+00    1.000000E+00    2.198675E-16 
   103   -3.968969E-01    1.000000E+00    1.000000E+00   -6.018747E-16 
   104   -3.958959E-01    1.000000E+00    1.000000E+00   -1.165490E-15 
   105   -3.948949E-01    1.000000E+00    1.000000E+00   -2.101683E-15 
   106   -3.938939E-01    1.000000E+00    1.000000E+00   -2.100078E-15 
   107   -3.928929E-01    1.000000E+00    1.000000E+00   -1.623977E-15 
   108   -3.918919E-01    1.000000E+00    1.000000E+00   -1.274306E-15 
   109   -3.908909E-01    1.000000E+00    1.000000E+00   -2.216713E-16 
   110   -3.898899E-01    1.000000E+00    1.000000E+00    4.986575E-16 
   111   -3.888889E-01    1.000000E+00    1.000000E+00    3.369781E-16 
   112   -3.878879E-01    1.000000E+00    1.000000E+00    2.810676E-16 
   113   -3.868869E-01    1.000000E+00    1.000000E+00    1.038512E-16 
   114   -3.858859E-01    1.000000E+00    1.000000E+00    6.802843E-17 
   115   -3.848849E-01    1.000000E+00    1.000000E+00   -4.782374E-17 
   116   -3.838839E-01    1.000000E+00    1.000000E+00   -1.004652E-16 
   117   -3.828829E-01    1.000000E+00    1.000000E+00    1.015888E-16 
   118   -3.818819E-01    1.000000E+00    1.000000E+00    3.512141E-17 
   119   -3.808809E-01    1.000000E+00    1.000000E+00   -3.279572E-17 
   120   -3.798799E-01    1.000000E+00    1.000000E+00   -1.198511E-16 
   121   -3.788789E-01    1.000000E+00    1.000000E+00   -8.691530E-17 
   122   -3.778779E-01    1.000000E+00    1.000000E+00    7.491294E-18 
   123   -3.768769E-01    1.000000E+00    1.000000E+00   -1.608047E-16 
   124   -3.758759E-01    1.000000E+00    1.000000E+00   -2.425653E-16 
   125   -3.748749E-01    1.000000E+00    1.000000E+00   -1.437528E-16 
   126   -3.738739E-01    1.000000E+00    1.000000E+00   -1.333161E-16 
   127   -3.728729E-01    1.000000E+00    1.000000E+00    4.058072E-17 
   128   -3.718719E-01    1.000000E+00    1.000000E+00   -1.155133E-16 
   129   -3.708709E-01    1.000000E+00    1.000000E+00   -3.287615E-16 
   130   -3.698699E-01    1.000000E+00    1.000000E+00   -4.188750E-16 
   131   -3.688689E-01    1.000000E+00    1.000000E+00   -6.471181E-16 
   132   -3.678679E-01    1.000000E+00    1.000000E+00    2.986354E-16 
   133   -3.668669E-01    1.000000E+00    1.000000E+00    1.421919E-15 
   134   -3.658659E-01    1.000000E+00    1.000000E+00    1.407384E-15 
   135   -3.648649E-01    1.000000E+00    1.000000E+00    1.864296E-15 
   136   -3.638639E-01    1.000000E+00    1.000000E+00    1.927840E-15 
   137   -3.628629E-01    1.000000E+00    1.000000E+00    1.140541E-15 
   138   -3.618619E-01    1.000000E+00    1.000000E+00    4.298431E-16 
   139   -3.608609E-01    1.000000E+00    1.000000E+00   -3.496743E-16 
   140   -3.598599E-01    1.000000E+00    1.000000E+00   -9.423367E-16 
   141   -3.588589E-01    1.000000E+00    1.000000E+00   -2.055242E-15 
   142   -3.578579E-01    1.000000E+00    1.000000E+00   -1.716818E-15 
   143   -3.568569E-01    1.000000E+00    1.000000E+00   -1.780552E-15 
   144   -3.558559E-01    1.000000E+00    1.000000E+00   -1.074492E-15 
   145   -3.548549E-01    1.000000E+00    1.000000E+00   -1.712830E-16 
   146   -3.538539E-01    1.000000E+00    1.000000E+00    6.611232E-16 
   147   -3.528529E-01    1.000000E+00    1.000000E+00    4.647882E-16 
   148   -3.518519E-01    1.000000E+00    1.000000E+00    3.510765E-16 
   149   -3.508509E-01    1.000000E+00    1.000000E+00    1.461748E-16 
   150   -3.498498E-01    1.000000E+00    1.000000E+00    7.538786E-17 
   151   -3.488488E-01    1.000000E+00    1.000000E+00    2.580997E-16 
   152   -3.478478E-01    1.000000E+00    1.000000E+00    1.978295E-16 
   153   -3.468468E-01    1.000000E+00    1.000000E+00    9.762587E-17 
   154   -3.458458E-01    1.000000E+00    1.000000E+00    2.750308E-17 
   155   -3.448448E-01    1.000000E+00    1.000000E+00   -7.760669E-17 
   156   -3.438438E-01    1.000000E+00    1.000000E+00    3.294434E-17 
   157   -3.428428E-01    1.000000E+00    1.000000E+00    9.258933E-17 
   158   -3.418418E-01    1.000000E+00    1.000000E+00    6.162488E-17 
   159   -3.408408E-01    1.000000E+00    1.000000E+00    2.303995E-17 
   160   -3.398398E-01    1.000000E+00    1.000000E+00   -1.676236E-16 
   161   -3.388388E-01    1.000000E+00    1.000000E+00   -1.471592E-16 
   162   -3.378378E-01    1.000000E+00    1.000000E+00    4.728472E-17 
   163   -3.368368E-01    1.000000E+00    1.000000E+00   -1.297300E-16 
   164   -3.358358E-01    1.000000E+00    1.000000E+00   -1.096497E-16 
   165   -3.348348E-01    1.000000E+00    1.000000E+00   -1.947774E-16 
   166   -3.338338E-01    1.000000E+00    1.000000E+00   -1.030981E-16 
   167   -3.328328E-01    1.000000E+00    1.000000E+00   -3.997941E-18 
   168   -3.318318E-01    1.000000E+00    1.000000E+00   -1.450030E-16 
   169   -3.308308E-01    1.000000E+00    1.000000E+00   -1.892510E-16 
   170   -3.298298E-01    1.000000E+00    1.000000E+00   -1.801167E-16 
   171   -3.288288E-01    1.000000E+00    1.000000E+00   -3.164518E-16 
   172   -3.278278E-01    1.000000E+00    1.000000E+00   -2.038538E-16 
   173   -3.268268E-01    1.000000E+00    1.000000E+00   -5.017604E-16 
   174   -3.258258E-01    1.000000E+00    1.000000E+00   -7.752505E-16 
   175   -3.248248E-01    1.000000E+00    1.000000E+00    4.083085E-17 
   176   -3.238238E-01    1.000000E+00    1.000000E+00    1.132023E-15 
   177   -3.228228E-01    1.000000E+00    1.000000E+00    1.885855E-15 
   178   -3.218218E-01    1.000000E+00    1.000000E+00    1.822996E-15 
   179   -3.208208E-01    1.000000E+00    1.000000E+00    1.987557E-15 
   180   -3.198198E-01    1.000000E+00    1.000000E+00    1.012045E-15 
   181   -3.188188E-01    1.000000E+00    1.000000E+00    3.009953E-16 
   182   -3.178178E-01    1.000000E+00    1.000000E+00   -3.946837E-16 
   183   -3.168168E-01    1.000000E+00    1.000000E+00   -1.210485E-15 
   184   -3.158158E-01    1.000000E+00    1.000000E+00   -2.213935E-15 
   185   -3.148148E-01    1.000000E+00    1.000000E+00   -1.955984E-15 
   186   -3.138138E-01    1.000000E+00    1.000000E+00   -1.531500E-15 
   187   -3.128128E-01    1.000000E+00    1.000000E+00   -1.257569E-15 
   188   -3.118118E-01    1.000000E+00    1.000000E+00   -1.219707E-16 
   189   -3.108108E-01    1.000000E+00    1.000000E+00    4.455014E-16 
   190   -3.098098E-01    1.000000E+00    1.000000E+00    3.889438E-16 
   191   -3.088088E-01    1.000000E+00    1.000000E+00    3.234629E-16 
   192   -3.078078E-01    1.000000E+00    1.000000E+00    1.146973E-16 
   193   -3.068068E-01    1.000000E+00    1.000000E+00    4.045242E-17 
   194   -3.058058E-01    1.000000E+00    1.000000E+00   -1.442702E-16 
   195   -3.048048E-01    1.000000E+00    1.000000E+00   -5.140818E-16 
   196   -3.038038E-01    1.000000E+00    1.000000E+00    2.708893E-16 
   197   -3.028028E-01    1.000000E+00    1.000000E+00    1.457639E-15 
   198   -3.018018E-01    1.000000E+00    1.000000E+00    1.509787E-15 
   199   -3.008008E-01    1.000000E+00    1.000000E+00    1.909593E-15 
   200   -2.997998E-01    1.000000E+00    1.000000E+00    2.088112E-15 
   201   -2.987988E-01    1.000000E+00    1.000000E+00    1.075226E-15 
   202   -2.977978E-01    1.000000E+00    1.000000E+00    3.893057E-16 
   203   -2.967968E-01    1.000000E+00    1.000000E+00   -1.965932E-16 
   204   -2.957958E-01    1.000000E+00    1.000000E+00   -1.095443E-15 
   205   -2.947948E-01    1.000000E+00    1.000000E+00   -1.947173E-15 
   206   -2.937938E-01    1.000000E+00    1.000000E+00   -1.752851E-15 
   207   -2.927928E-01    1.000000E+00    1.000000E+00   -1.834586E-15 
   208   -2.917918E-01    1.000000E+00    1.000000E+00   -1.035935E-15 
   209   -2.907908E-01    1.000000E+00    1.000000E+00   -1.712830E-16 
   210   -2.897898E-01    1.000000E+00    1.000000E+00    6.746318E-16 
   211   -2.887888E-01    1.000000E+00    1.000000E+00    4.737871E-16 
   212   -2.877878E-01    1.000000E+00    1.000000E+00    3.510765E-16 
   213   -2.867868E-01    1.000000E+00    1.000000E+00    1.461748E-16 
   214   -2.857858E-01    1.000000E+00    1.000000E+00    7.538786E-17 
   215   -2.847848E-01    1.000000E+00    1.000000E+00    1.004973E-16 
   216   -2.837838E-01    1.000000E+00    1.000000E+00    1.978295E-16 
   217   -2.827828E-01    1.000000E+00    1.000000E+00    9.762587E-17 
   218   -2.817818E-01    1.000000E+00    1.000000E+00    2.750308E-17 
   219   -2.807808E-01    1.000000E+00    1.000000E+00   -7.760669E-17 
   220   -2.797798E-01    1.000000E+00    1.000000E+00    3.294434E-17 
   221   -2.787788E-01    1.000000E+00    1.000000E+00    9.258933E-17 
   222   -2.777778E-01    1.000000E+00    1.000000E+00    6.162488E-17 
   223   -2.767768E-01    1.000000E+00    1.000000E+00    2.303995E-17 
   224   -2.757758E-01    1.000000E+00    1.000000E+00   -1.676236E-16 
   225   -2.747748E-01    1.000000E+00    1.000000E+00   -1.471592E-16 
   226   -2.737738E-01    1.000000E+00    1.000000E+00    4.728472E-17 
   227   -2.727728E-01    1.000000E+00    1.000000E+00   -1.297300E-16 
   228   -2.717718E-01    1.000000E+00    1.000000E+00   -1.096497E-16 
   229   -2.707708E-01    1.000000E+00    1.000000E+00   -1.947774E-16 
   230   -2.697698E-01    1.000000E+00    1.000000E+00   -1.030981E-16 
   231   -2.687688E-01    1.000000E+00    1.000000E+00   -3.997941E-18 
   232   -2.677678E-01    1.000000E+00    1.000000E+00   -1.450030E-16 
   233   -2.667668E-01    1.000000E+00    1.000000E+00   -1.892510E-16 
   234   -2.657658E-01    1.000000E+00    1.000000E+00   -1.801167E-16 
   235   -2.647648E-01    1.000000E+00    1.000000E+00   -3.164518E-16 
   236   -2.637638E-01    1.000000E+00    1.000000E+00   -2.038538E-16 
   237   -2.627628E-01    1.000000E+00    1.000000E+00   -5.017604E-16 
   238   -2.617618E-01    1.000000E+00    1.000000E+00   -7.752505E-16 
   239   -2.607608E-01    1.000000E+00    1.000000E+00    4.280063E-17 
   240   -2.597598E-01    1.000000E+00    1.000000E+00    1.144967E-15 
   241   -2.587588E-01    1.000000E+00    1.000000E+00    1.929475E-15 
   242   -2.577578E-01    1.000000E+00    1.000000E+00    1.843257E-15 
   243   -2.567568E-01    1.000000E+00    1.000000E+00    2.019496E-15 
   244   -2.557558E-01    1.000000E+00    1.000000E+00    1.039621E-15 
   245   -2.547548E-01    1.000000E+00    1.000000E+00    3.595259E-16 
   246   -2.537538E-01    1.000000E+00    1.000000E+00   -3.496582E-16 
   247   -2.527528E-01    1.000000E+00    1.000000E+00   -1.088915E-15 
   248   -2.517518E-01    1.000000E+00    1.000000E+00   -2.093778E-15 
   249   -2.507508E-01    1.000000E+00    1.000000E+00   -1.992013E-15 
   250   -2.497497E-01    1.000000E+00    1.000000E+00   -1.587937E-15 
   251   -2.487487E-01    1.000000E+00    1.000000E+00   -1.277975E-15 
   252   -2.477477E-01    1.000000E+00    1.000000E+00   -2.936369E-16 
   253   -2.467467E-01    1.000000E+00    1.000000E+00    5.057004E-16 
   254   -2.457457E-01    1.000000E+00    1.000000E+00    3.257335E-16 
   255   -2.447447E-01    1.000000E+00    1.000000E+00    3.097758E-16 
   256   -2.437437E-01    1.000000E+00    1.000000E+00    2.550243E-18 
   257   -2.427427E-01    1.000000E+00    1.000000E+00    6.888155E-17 
   258   -2.417417E-01    1.000000E+00    1.000000E+00   -6.484742E-17 
   259   -2.407407E-01    1.000000E+00    1.000000E+00   -1.847158E-16 
   260   -2.397397E-01    1.000000E+00    1.000000E+00    1.891550E-17 
   261   -2.387387E-01    1.000000E+00    1.000000E+00    1.521009E-17 
   262   -2.377377E-01    1.000000E+00    1.000000E+00   -1.980911E-16 
   263   -2.367367E-01    1.000000E+00    1.000000E+00   -1.603682E-16 
   264   -2.357357E-01    1.000000E+00    1.000000E+00   -3.451733E-16 
   265   -2.347347E-01    1.000000E+00    1.000000E+00   -1.936992E-16 
   266   -2.337337E-01    1.000000E+00    1.000000E+00   -4.797368E-16 
   267   -2.327327E-01    1.000000E+00    1.000000E+00   -8.142926E-16 
   268   -2.317317E-01    1.000000E+00    1.000000E+00    1.795657E-16 
   269   -2.307307E-01    1.000000E+00    1.000000E+00    1.550491E-15 
   270   -2.297297E-01    1.000000E+00    1.000000E+00    1.880184E-15 
   271   -2.287287E-01    1.000000E+00    1.000000E+00    1.892241E-15 
   272   -2.277277E-01    1.000000E+00    1.000000E+00    1.952019E-15 
   273   -2.267267E-01    1.000000E+00    1.000000E+00    9.875778E-16 
   274   -2.257257E-01    1.000000E+00    1.000000E+00    3.262472E-16 
   275   -2.247247E-01    1.000000E+00    1.000000E+00   -4.048471E-16 
   276   -2.237237E-01    1.000000E+00    1.000000E+00   -1.066731E-15 
   277   -2.227227E-01    1.000000E+00    1.000000E+00   -1.982612E-15 
   278   -2.217217E-01    1.000000E+00    1.000000E+00   -1.974036E-15 
   279   -2.207207E-01    1.000000E+00    1.000000E+00   -1.983214E-15 
   280   -2.197197E-01    1.000000E+00    1.000000E+00   -1.503259E-15 
   281   -2.187187E-01    1.000000E+00    1.000000E+00    2.145170E-16 
   282   -2.177177E-01    1.000000E+00    1.000000E+00    4.560890E-16 
   283   -2.167167E-01    1.000000E+00    1.000000E+00    2.503970E-16 
   284   -2.157157E-01    1.000000E+00    1.000000E+00    4.358332E-17 
   285   -2.147147E-01    1.000000E+00    1.000000E+00    1.003114E-17 
   286   -2.137137E-01    1.000000E+00    1.000000E+00   -6.901633E-18 
   287   -2.127127E-01    1.000000E+00    1.000000E+00   -1.023502E-17 
   288   -2.117117E-01    1.000000E+00    1.000000E+00   -1.288529E-16 
   289   -2.107107E-01    1.000000E+00    1.000000E+00   -1.261428E-16 
   290   -2.097097E-01    1.000000E+00    1.000000E+00   -7.934761E-17 
   291   -2.087087E-01    1.000000E+00    1.000000E+00   -1.470610E-16 
   292   -2.077077E-01    1.000000E+00    1.000000E+00   -1.036559E-16 
   293   -2.067067E-01    1.000000E+00    1.000000E+00   -4.798007E-16 
   294   -2.057057E-01    1.000000E+00    1.000000E+00   -7.782851E-16 
   295   -2.047047E-01    1.000000E+00    1.000000E+00    1.795657E-16 
   296   -2.037037E-01    1.000000E+00    1.000000E+00    1.550491E-15 
   297   -2.027027E-01    1.000000E+00    1.000000E+00    1.880184E-15 
   298   -2.017017E-01    1.000000E+00    1.000000E+00    1.892241E-15 
   299   -2.007007E-01    1.000000E+00    1.000000E+00    1.952019E-15 
   300   -1.996997E-01    1.000000E+00    1.000000E+00    9.875778E-16 
   301   -1.986987E-01    1.000000E+00    1.000000E+00    3.307499E-16 
   302   -1.976977E-01    1.000000E+00    1.000000E+00   -4.048471E-16 
   303   -1.966967E-01    1.000000E+00    1.000000E+00   -1.066731E-15 
   304   -1.956957E-01    1.000000E+00    1.000000E+00   -1.982612E-15 
   305   -1.946947E-01    1.000000E+00    1.000000E+00   -1.974036E-15 
   306   -1.936937E-01    1.000000E+00    1.000000E+00   -1.983214E-15 
   307   -1.926927E-01    1.000000E+00    1.000000E+00   -1.503259E-15 
   308   -1.916917E-01    1.000000E+00    1.000000E+00    2.550399E-16 
   309   -1.906907E-01    1.000000E+00    1.000000E+00    4.290710E-16 
   310   -1.896897E-01    1.000000E+00    1.000000E+00    2.614957E-16 
   311   -1.886887E-01    1.000000E+00    1.000000E+00    4.566301E-17 
   312   -1.876877E-01    1.000000E+00    1.000000E+00    1.232962E-16 
   313   -1.866867E-01    1.000000E+00    1.000000E+00   -2.395653E-17 
   314   -1.856857E-01    1.000000E+00    1.000000E+00    4.318921E-17 
   315   -1.846847E-01    1.000000E+00    1.000000E+00   -1.885126E-17 
   316   -1.836837E-01    1.000000E+00    1.000000E+00   -6.891625E-17 
   317   -1.826827E-01    1.000000E+00    1.000000E+00   -1.198593E-16 
   318   -1.816817E-01    1.000000E+00    1.000000E+00   -1.319553E-16 
   319   -1.806807E-01    1.000000E+00    1.000000E+00    5.121940E-17 
   320   -1.796797E-01    1.000000E+00    1.000000E+00   -1.246676E-16 
   321   -1.786787E-01    1.000000E+00    1.000000E+00   -2.131810E-16 
   322   -1.776777E-01    1.000000E+00    1.000000E+00   -1.959652E-16 
   323   -1.766767E-01    1.000000E+00    1.000000E+00   -2.882519E-16 
   324   -1.756757E-01    1.000000E+00    1.000000E+00   -9.505651E-17 
   325   -1.746747E-01    1.000000E+00    1.000000E+00   -1.011997E-16 
   326   -1.736737E-01    1.000000E+00    1.000000E+00   -3.353997E-16 
   327   -1.726727E-01    1.000000E+00    1.000000E+00   -1.828811E-16 
   328   -1.716717E-01    1.000000E+00    1.000000E+00   -2.866310E-16 
   329   -1.706707E-01    1.000000E+00    1.000000E+00   -1.936992E-16 
   330   -1.696697E-01    1.000000E+00    1.000000E+00   -5.464244E-16 
   331   -1.686687E-01    1.000000E+00    1.000000E+00   -7.602584E-16 
   332   -1.676677E-01    1.000000E+00    1.000000E+00    1.795657E-16 
   333   -1.666667E-01    1.000000E+00    1.000000E+00    1.375867E-15 
   334   -1.656657E-01    1.000000E+00    1.000000E+00    1.772115E-15 
   335   -1.646647E-01    1.000000E+00    1.000000E+00    1.892241E-15 
   336   -1.636637E-01    1.000000E+00    1.000000E+00    1.952019E-15 
   337   -1.626627E-01    1.000000E+00    1.000000E+00    9.875778E-16 
   338   -1.616617E-01    1.000000E+00    1.000000E+00    3.262472E-16 
   339   -1.606607E-01    1.000000E+00    1.000000E+00   -4.048471E-16 
   340   -1.596597E-01    1.000000E+00    1.000000E+00   -1.066731E-15 
   341   -1.586587E-01    1.000000E+00    1.000000E+00   -1.982612E-15 
   342   -1.576577E-01    1.000000E+00    1.000000E+00   -1.974036E-15 
   343   -1.566567E-01    1.000000E+00    1.000000E+00   -1.983214E-15 
   344   -1.556557E-01    1.000000E+00    1.000000E+00   -1.503259E-15 
   345   -1.546547E-01    1.000000E+00    1.000000E+00    2.145170E-16 
   346   -1.536537E-01    1.000000E+00    1.000000E+00    4.560890E-16 
   347   -1.526527E-01    1.000000E+00    1.000000E+00    2.503970E-16 
   348   -1.516517E-01    1.000000E+00    1.000000E+00    4.358332E-17 
   349   -1.506507E-01    1.000000E+00    1.000000E+00    1.003114E-17 
   350   -1.496496E-01    1.000000E+00    1.000000E+00   -6.901633E-18 
   351   -1.486486E-01    1.000000E+00    1.000000E+00   -1.023502E-17 
   352   -1.476476E-01    1.000000E+00    1.000000E+00   -1.288529E-16 
   353   -1.466466E-01    1.000000E+00    1.000000E+00   -1.261428E-16 
   354   -1.456456E-01    1.000000E+00    1.000000E+00   -7.934761E-17 
   355   -1.446446E-01    1.000000E+00    1.000000E+00   -1.470610E-16 
   356   -1.436436E-01    1.000000E+00    1.000000E+00   -1.036559E-16 
   357   -1.426426E-01    1.000000E+00    1.000000E+00   -4.798007E-16 
   358   -1.416416E-01    1.000000E+00    1.000000E+00   -7.782851E-16 
   359   -1.406406E-01    1.000000E+00    1.000000E+00    1.795657E-16 
   360   -1.396396E-01    1.000000E+00    1.000000E+00    1.550491E-15 
   361   -1.386386E-01    1.000000E+00    1.000000E+00    1.880184E-15 
   362   -1.376376E-01    1.000000E+00    1.000000E+00    1.892241E-15 
   363   -1.366366E-01    1.000000E+00    1.000000E+00    1.952019E-15 
   364   -1.356356E-01    1.000000E+00    1.000000E+00    9.875778E-16 
   365   -1.346346E-01    1.000000E+00    1.000000E+00    3.307499E-16 
   366   -1.336336E-01    1.000000E+00    1.000000E+00   -4.048471E-16 
   367   -1.326326E-01    1.000000E+00    1.000000E+00   -1.066731E-15 
   368   -1.316316E-01    1.000000E+00    1.000000E+00   -1.982612E-15 
   369   -1.306306E-01    1.000000E+00    1.000000E+00   -1.974036E-15 
   370   -1.296296E-01    1.000000E+00    1.000000E+00   -1.983214E-15 
   371   -1.286286E-01    1.000000E+00    1.000000E+00   -1.503259E-15 
   372   -1.276276E-01    1.000000E+00    1.000000E+00    2.550399E-16 
   373   -1.266266E-01    1.000000E+00    1.000000E+00    4.290710E-16 
   374   -1.256256E-01    1.000000E+00    1.000000E+00    2.614957E-16 
   375   -1.246246E-01    1.000000E+00    1.000000E+00    4.566301E-17 
   376   -1.236236E-01    1.000000E+00    1.000000E+00    1.232962E-16 
   377   -1.226226E-01    1.000000E+00    1.000000E+00   -2.395653E-17 
   378   -1.216216E-01    1.000000E+00    1.000000E+00    4.318921E-17 
   379   -1.206206E-01    1.000000E+00    1.000000E+00   -1.885126E-17 
   380   -1.196196E-01    1.000000E+00    1.000000E+00   -6.891625E-17 
   381   -1.186186E-01    1.000000E+00    1.000000E+00   -1.198593E-16 
   382   -1.176176E-01    1.000000E+00    1.000000E+00   -1.319553E-16 
   383   -1.166166E-01    1.000000E+00    1.000000E+00    5.121940E-17 
   384   -1.156156E-01    1.000000E+00    1.000000E+00   -1.246676E-16 
   385   -1.146146E-01    1.000000E+00    1.000000E+00   -2.131810E-16 
   386   -1.136136E-01    1.000000E+00    1.000000E+00   -1.959652E-16 
   387   -1.126126E-01    1.000000E+00    1.000000E+00   -2.882519E-16 
   388   -1.116116E-01    1.000000E+00    1.000000E+00   -9.505651E-17 
   389   -1.106106E-01    1.000000E+00    1.000000E+00   -1.011997E-16 
   390   -1.096096E-01    1.000000E+00    1.000000E+00   -3.353997E-16 
   391   -1.086086E-01    1.000000E+00    1.000000E+00   -1.828811E-16 
   392   -1.076076E-01    1.000000E+00    1.000000E+00   -2.866310E-16 
   393   -1.066066E-01    1.000000E+00    1.000000E+00   -1.936992E-16 
   394   -1.056056E-01    1.000000E+00    1.000000E+00   -5.464244E-16 
   395   -1.046046E-01    1.000000E+00    1.000000E+00   -7.602584E-16 
   396   -1.036036E-01    1.000000E+00    1.000000E+00    1.795657E-16 
   397   -1.026026E-01    1.000000E+00    1.000000E+00    1.375867E-15 
   398   -1.016016E-01    1.000000E+00    1.000000E+00    1.772115E-15 
   399   -1.006006E-01    1.000000E+00    1.000000E+00    1.892241E-15 
   400   -9.959960E-02    1.000000E+00    1.000000E+00    1.951175E-15 
   401   -9.859860E-02    1.000000E+00    1.000000E+00    9.875778E-16 
   402   -9.759760E-02    1.000000E+00    1.000000E+00    3.262472E-16 
   403   -9.659660E-02    1.000000E+00    1.000000E+00   -4.217328E-16 
   404   -9.559560E-02    1.000000E+00    1.000000E+00   -1.069264E-15 
   405   -9.459459E-02    1.000000E+00    1.000000E+00   -2.024826E-15 
   406   -9.359359E-02    1.000000E+00    1.000000E+00   -2.006119E-15 
   407   -9.259259E-02    1.000000E+00    1.000000E+00   -2.053712E-15 
   408   -9.159159E-02    1.000000E+00    1.000000E+00   -1.682248E-15 
   409   -9.059059E-02    1.000000E+00    1.000000E+00   -5.128337E-16 
   410   -8.958959E-02    1.000000E+00    1.000000E+00   -6.151656E-16 
   411   -8.858859E-02    1.000000E+00    1.000000E+00   -1.263964E-15 
   412   -8.758759E-02    1.000000E+00    1.000000E+00   -1.162463E-15 
   413   -8.658659E-02    1.000000E+00    1.000000E+00    5.976750E-16 
   414   -8.558559E-02    1.000000E+00    1.000000E+00    6.472179E-15 
   415   -8.458458E-02    1.000000E+00    1.000000E+00    2.005215E-14 
   416   -8.358358E-02    1.000000E+00    1.000000E+00    4.745316E-14 
   417   -8.258258E-02    1.000000E+00    1.000000E+00    9.701102E-14 
   418   -8.158158E-02    1.000000E+00    1.000000E+00    1.776481E-13 
   419   -8.058058E-02    1.000000E+00    1.000000E+00    2.838984E-13 
   420   -7.957958E-02    1.000000E+00    1.000000E+00    3.694065E-13 
   421   -7.857858E-02    1.000000E+00    1.000000E+00    2.957836E-13 
   422   -7.757758E-02    1.000000E+00    1.000000E+00   -2.599697E-13 
   423   -7.657658E-02    1.000000E+00    1.000000E+00   -1.951980E-12 
   424   -7.557558E-02    1.000000E+00    1.000000E+00   -5.961419E-12 
   425   -7.457457E-02    1.000000E+00    1.000000E+00   -1.410405E-11 
   426   -7.357357E-02    1.000000E+00    1.000000E+00   -2.883349E-11 
   427   -7.257257E-02    1.000000E+00    1.000000E+00   -5.273047E-11 
   428   -7.157157E-02    1.000000E+00    1.000000E+00   -8.881713E-11 
   429   -7.057057E-02    1.000000E+00    1.000000E+00   -1.384642E-10 
   430   -6.956957E-02    1.000000E+00    1.000000E+00   -1.989966E-10 
   431   -6.856857E-02    1.000000E+00    1.000000E+00   -2.600707E-10 
   432   -6.756757E-02    1.000000E+00    1.000000E+00   -2.964894E-10 
   433   -6.656657E-02    1.000000E+00    1.000000E+00   -2.558847E-10 
   434   -6.556557E-02    1.000000E+00    1.000000E+00   -4.719213E-11 
   435   -6.456456E-02    1.000000E+00    1.000000E+00    5.002706E-10 
   436   -6.356356E-02    1.000000E+00    1.000000E+00    1.667865E-09 
   437   -6.256256E-02    1.000000E+00    1.000000E+00    3.913026E-09 
   438   -6.156156E-02    1.000000E+00    1.000000E+00    7.941893E-09 
   439   -6.056056E-02    1.000000E+00    1.000000E+00    1.433237E-08 
   440   -5.955956E-02    1.000000E+00    1.000000E+00    2.246144E-08 
   441   -5.855856E-02    1.000000E+00    1.000000E+00    2.906430E-08 
   442   -5.755756E-02    1.000000E+00    1.000000E+00    2.497941E-08 
   443   -5.655656E-02    1.000000E+00    1.000000E+00   -9.927238E-09 
   444   -5.555556E-02    1.000001E+00    1.000001E+00   -1.150213E-07 
   445   -5.455455E-02    1.000001E+00    1.000001E+00   -3.576842E-07 
   446   -5.355355E-02    1.000002E+00    1.000002E+00   -8.412617E-07 
   447   -5.255255E-02    1.000003E+00    1.000004E+00   -1.696189E-06 
   448   -5.155155E-02    1.000004E+00    1.000006E+00   -3.098419E-06 
   449   -5.055056E-02    1.000007E+00    1.000009E+00   -5.334140E-06 
   450   -4.954956E-02    1.000010E+00    1.000014E+00   -8.786992E-06 
   451   -4.854856E-02    1.000015E+00    1.000021E+00   -1.399807E-05 
   452   -4.754757E-02    1.000022E+00    1.000031E+00   -2.173439E-05 
   453   -4.654659E-02    1.000032E+00    1.000044E+00   -3.298225E-05 
   454   -4.554561E-02    1.000045E+00    1.000063E+00   -4.904129E-05 
   455   -4.454464E-02    1.000063E+00    1.000088E+00   -7.153336E-05 
   456   -4.354369E-02    1.000087E+00    1.000122E+00   -1.023723E-04 
   457   -4.254276E-02    1.000118E+00    1.000166E+00   -1.438324E-04 
   458   -4.154186E-02    1.000159E+00    1.000223E+00   -1.985055E-04 
   459   -4.054099E-02    1.000210E+00    1.000295E+00   -2.691807E-04 
   460   -3.954017E-02    1.000274E+00    1.000384E+00   -3.588175E-04 
   461   -3.853942E-02    1.000353E+00    1.000494E+00   -4.704620E-04 
   462   -3.753874E-02    1.000448E+00    1.000627E+00   -6.069535E-04 
   463   -3.653816E-02    1.000559E+00    1.000783E+00   -7.708195E-04 
   464   -3.553770E-02    1.000688E+00    1.000963E+00   -9.637181E-04 
   465   -3.453738E-02    1.000834E+00    1.001168E+00   -1.185396E-03 
   466   -3.353722E-02    1.000994E+00    1.001392E+00   -1.432467E-03 
   467   -3.253724E-02    1.001162E+00    1.001627E+00   -1.696434E-03 
   468   -3.153746E-02    1.001324E+00    1.001854E+00   -1.962180E-03 
   469   -3.053788E-02    1.001455E+00    1.002037E+00   -2.211569E-03 
   470   -2.953852E-02    1.001518E+00    1.002125E+00   -2.429256E-03 
   471   -2.853940E-02    1.001461E+00    1.002045E+00   -2.607619E-03 
   472   -2.754051E-02    1.001218E+00    1.001703E+00   -2.746179E-03 
   473   -2.654176E-02    1.000700E+00    1.000976E+00   -2.783022E-03 
   474   -2.554289E-02    9.997844E-01    9.996865E-01   -2.577817E-03 
   475   -2.454339E-02    9.982872E-01    9.975770E-01   -1.776223E-03 
   476   -2.354244E-02    9.959450E-01    9.942743E-01    2.006623E-04 
   477   -2.253934E-02    9.924112E-01    9.892897E-01    3.832192E-03 
   478   -2.153397E-02    9.872953E-01    9.820767E-01    9.125067E-03 
   479   -2.052626E-02    9.802390E-01    9.721422E-01    1.589567E-02 
   480   -1.951482E-02    9.709822E-01    9.591448E-01    2.409946E-02 
   481   -1.849476E-02    9.593708E-01    9.429061E-01    3.447156E-02 
   482   -1.745781E-02    9.453328E-01    9.233733E-01    4.908623E-02 
   483   -1.639520E-02    9.287664E-01    9.004716E-01    7.077740E-02 
   484   -1.530386E-02    9.094267E-01    8.739279E-01    1.009584E-01 
   485   -1.418896E-02    8.869925E-01    8.433528E-01    1.387593E-01 
   486   -1.305882E-02    8.611001E-01    8.083598E-01    1.816659E-01 
   487   -1.191175E-02    8.313594E-01    7.686451E-01    2.270578E-01 
   488   -1.071949E-02    7.971037E-01    7.236770E-01    2.726581E-01 
   489   -9.449508E-03    7.584090E-01    6.739250E-01    3.184162E-01 
   490   -8.062982E-03    7.164001E-01    6.210666E-01    3.682205E-01 
   491   -6.566284E-03    6.749275E-01    5.698542E-01    4.260845E-01 
   492   -5.005558E-03    6.383445E-01    5.254754E-01    4.958769E-01 
   493   -3.393051E-03    6.078314E-01    4.896026E-01    5.846995E-01 
   494   -1.686409E-03    5.802735E-01    4.598752E-01    6.873810E-01 
   495    1.284542E-04    5.510890E-01    4.337017E-01    7.499823E-01 
   496    1.892976E-03    5.204082E-01    4.117274E-01    7.274932E-01 
   497    3.788919E-03    4.916565E-01    3.952454E-01    6.586771E-01 
   498    6.292067E-03    4.788544E-01    3.990893E-01    5.773644E-01 
   499    8.573255E-03    4.873929E-01    4.382589E-01    6.614699E-01 
   500    8.738380E-03    4.880618E-01    3.375747E-01    6.546932E-01 
   501    9.776147E-03    4.906230E-01    3.716592E-01    7.065238E-01 
   502    1.050882E-02    4.901705E-01    4.015268E-01    7.352182E-01 
   503    1.113191E-02    4.881046E-01    4.259239E-01    7.522384E-01 
   504    1.163584E-02    4.854559E-01    4.426189E-01    7.568623E-01 
   505    1.208104E-02    4.822375E-01    4.509375E-01    7.591333E-01 
   506    1.253311E-02    4.779357E-01    4.519737E-01    7.603852E-01 
   507    1.299575E-02    4.724938E-01    4.475472E-01    7.565523E-01 
   508    1.347335E-02    4.659692E-01    4.395202E-01    7.464749E-01 
   509    1.398917E-02    4.582354E-01    4.292690E-01    7.319292E-01 
   510    1.454299E-02    4.491523E-01    4.172662E-01    7.178660E-01 
   511    1.510624E-02    4.390640E-01    4.039512E-01    6.997639E-01 
   512    1.567717E-02    4.280448E-01    3.894056E-01    6.773405E-01 
   513    1.626068E-02    4.160842E-01    3.736957E-01    6.477083E-01 
   514    1.686277E-02    4.032037E-01    3.569215E-01    6.119451E-01 
   515    1.749197E-02    3.895522E-01    3.393646E-01    5.695409E-01 
   516    1.815556E-02    3.752997E-01    3.213135E-01    5.224726E-01 
   517    1.885279E-02    3.606651E-01    3.031188E-01    4.719058E-01 
   518    1.958260E-02    3.459177E-01    2.851776E-01    4.159615E-01 
   519    2.034716E-02    3.314831E-01    2.680151E-01    3.569330E-01 
   520    2.114716E-02    3.177678E-01    2.520844E-01    2.973786E-01 
   521    2.198243E-02    3.051018E-01    2.377151E-01    2.394431E-01 
   522    2.285105E-02    2.937283E-01    2.251041E-01    1.855367E-01 
   523    2.375061E-02    2.838093E-01    2.143526E-01    1.382095E-01 
   524    2.467688E-02    2.754519E-01    2.054826E-01    9.908163E-02 
   525    2.562478E-02    2.686632E-01    1.984065E-01    6.851969E-02 
   526    2.658931E-02    2.633356E-01    1.929336E-01    4.579279E-02 
   527    2.756596E-02    2.592891E-01    1.888221E-01    2.963201E-02 
   528    2.855124E-02    2.563098E-01    1.858190E-01    1.859117E-02 
   529    2.954242E-02    2.541824E-01    1.836844E-01    1.126296E-02 
   530    3.053754E-02    2.527049E-01    1.822060E-01    6.581716E-03 
   531    3.153516E-02    2.517063E-01    1.812077E-01    3.697866E-03 
   532    3.253429E-02    2.510489E-01    1.805505E-01    1.981909E-03 
   533    3.353431E-02    2.506271E-01    1.801285E-01    9.964886E-04 
   534    3.453482E-02    2.503636E-01    1.798647E-01    4.509555E-04 
   535    3.553559E-02    2.502035E-01    1.797042E-01    1.630930E-04 
   536    3.653650E-02    2.501093E-01    1.796097E-01    2.825924E-05 
   537    3.753748E-02    2.500557E-01    1.795559E-01   -2.283383E-05 
   538    3.853849E-02    2.500264E-01    1.795265E-01   -3.324724E-05 
   539    3.953951E-02    2.500112E-01    1.795112E-01   -2.795737E-05 
   540    4.054052E-02    2.500038E-01    1.795038E-01   -1.913398E-05 
   541    4.154153E-02    2.500006E-01    1.795006E-01   -1.154218E-05 
   542    4.254254E-02    2.499994E-01    1.794994E-01   -6.259642E-06 
   543    4.354354E-02    2.499992E-01    1.794992E-01   -3.032707E-06 
   544    4.454455E-02    2.499994E-01    1.794993E-01   -1.249534E-06 
   545    4.554555E-02    2.499996E-01    1.794996E-01   -3.254835E-07 
   546    4.654655E-02    2.499998E-01    1.794998E-01    1.092036E-07 
   547    4.754755E-02    2.499999E-01    1.794999E-01    2.764239E-07 
   548    4.854855E-02    2.500000E-01    1.795000E-01    3.025202E-07 
   549    4.954955E-02    2.500000E-01    1.795000E-01    2.633628E-07 
   550    5.055055E-02    2.500000E-01    1.795000E-01    2.035144E-07 
   551    5.155155E-02    2.500000E-01    1.795000E-01    1.456044E-07 
   552    5.255255E-02    2.500000E-01    1.795000E-01    9.834476E-08 
   553    5.355355E-02    2.500000E-01    1.795000E-01    6.338046E-08 
   554    5.455455E-02    2.500000E-01    1.795000E-01    3.916520E-08 
   555    5.555556E-02    2.500000E-01    1.795000E-01    2.318603E-08 
   556    5.655656E-02    2.500000E-01    1.795000E-01    1.306482E-08 
   557    5.755756E-02    2.500000E-01    1.795000E-01    6.915503E-09 
   558    5.855856E-02    2.500000E-01    1.795000E-01    3.351111E-09 
   559    5.955956E-02    2.500000E-01    1.795000E-01    1.385079E-09 
   560    6.056056E-02    2.500000E-01    1.795000E-01    4.097246E-10 
   561    6.156156E-02    2.500000E-01    1.795000E-01   -4.547615E-12 
   562    6.256256E-02    2.500000E-01    1.795000E-01   -1.332465E-10 
   563    6.356356E-02    2.500000E-01    1.795000E-01   -1.391851E-10 
   564    6.456456E-02    2.500000E-01    1.795000E-01   -1.058199E-10 
   565    6.556557E-02    2.500000E-01    1.795000E-01   -6.879878E-11 
   566    6.656657E-02    2.500000E-01    1.795000E-01   -4.004969E-11 
   567    6.756757E-02    2.500000E-01    1.795000E-01   -2.115617E-11 
   568    6.856857E-02    2.500000E-01    1.795000E-01   -1.006933E-11 
   569    6.956957E-02    2.500000E-01    1.795000E-01   -4.197383E-12 
   570    7.057057E-02    2.500000E-01    1.795000E-01   -1.330180E-12 
   571    7.157157E-02    2.500000E-01    1.795000E-01   -6.838575E-14 
   572    7.257257E-02    2.500000E-01    1.795000E-01    3.834771E-13 
   573    7.357357E-02    2.500000E-01    1.795000E-01    4.662514E-13 
   574    7.457457E-02    2.500000E-01    1.795000E-01    4.004183E-13 
   575    7.557558E-02    2.500000E-01    1.795000E-01    2.949467E-13 
   576    7.657658E-02    2.500000E-01    1.795000E-01    1.975197E-13 
   577    7.757758E-02    2.500000E-01    1.795000E-01    1.229653E-13 
   578    7.857858E-02    2.500000E-01    1.795000E-01    7.178796E-14 
   579    7.957958E-02    2.500000E-01    1.795000E-01    3.921636E-14 
   580    8.058058E-02    2.500000E-01    1.795000E-01    1.974807E-14 
   581    8.158158E-02    2.500000E-01    1.795000E-01    9.007073E-15 
   582    8.258258E-02    2.500000E-01    1.795000E-01    3.430273E-15 
   583    8.358358E-02    2.500000E-01    1.795000E-01    6.565926E-16 
   584    8.458458E-02    2.500000E-01    1.795000E-01    6.029018E-17 
   585    8.558559E-02    2.500000E-01    1.795000E-01   -6.497179E-16 
   586    8.658659E-02    2.500000E-01    1.795000E-01   -3.124589E-16 
   587    8.758759E-02    2.500000E-01    1.795000E-01   -4.051920E-16 
   588    8.858859E-02    2.500000E-01    1.795000E-01   -3.198322E-16 
   589    8.958959E-02    2.500000E-01    1.795000E-01    5.480573E-17 
   590    9.059059E-02    2.500000E-01    1.795000E-01   -2.856966E-16 
   591    9.159159E-02    2.500000E-01    1.795000E-01    1.893247E-16 
   592    9.259259E-02    2.500000E-01    1.795000E-01   -9.361306E-17 
   593    9.359359E-02    2.500000E-01    1.795000E-01   -8.795360E-17 
   594    9.459459E-02    2.500000E-01    1.795000E-01    2.568366E-16 
   595    9.559560E-02    2.500000E-01    1.795000E-01   -2.030156E-16 
   596    9.659660E-02    2.500000E-01    1.795000E-01   -2.923522E-16 
   597    9.759760E-02    2.500000E-01    1.795000E-01   -5.200843E-16 
   598    9.859860E-02    2.500000E-01    1.795000E-01   -1.160494E-15 
   599    9.959960E-02    2.500000E-01    1.795000E-01    1.850494E-16 
   600    1.006006E-01    2.500000E-01    1.795000E-01    2.214433E-15 
   601    1.016016E-01    2.500000E-01    1.795000E-01    3.566077E-15 
   602    1.026026E-01    2.500000E-01    1.795000E-01    4.271794E-15 
   603    1.036036E-01    2.500000E-01    1.795000E-01    4.699776E-15 
   604    1.046046E-01    2.500000E-01    1.795000E-01    2.471746E-15 
   605    1.056056E-01    2.500000E-01    1.795000E-01    7.960442E-16 
   606    1.066066E-01    2.500000E-01    1.795000E-01   -8.637042E-16 
   607    1.076076E-01    2.500000E-01    1.795000E-01   -2.401535E-15 
   608    1.086086E-01    2.500000E-01    1.795000E-01   -4.806483E-15 
   609    1.096096E-01    2.500000E-01    1.795000E-01   -4.325873E-15 
   610    1.106106E-01    2.500000E-01    1.795000E-01   -3.596132E-15 
   611    1.116116E-01    2.500000E-01    1.795000E-01   -2.041434E-15 
   612    1.126126E-01    2.500000E-01    1.795000E-01   -1.804490E-16 
   613    1.136136E-01    2.500000E-01    1.795000E-01    1.053778E-15 
   614    1.146146E-01    2.500000E-01    1.795000E-01    4.714011E-16 
   615    1.156156E-01    2.500000E-01    1.795000E-01    2.703258E-16 
   616    1.166166E-01    2.500000E-01    1.795000E-01    2.369199E-17 
   617    1.176176E-01    2.500000E-01    1.795000E-01   -1.216356E-16 
   618    1.186186E-01    2.500000E-01    1.795000E-01    1.746645E-16 
   619    1.196196E-01    2.500000E-01    1.795000E-01   -1.466826E-16 
   620    1.206206E-01    2.500000E-01    1.795000E-01    4.252201E-17 
   621    1.216216E-01    2.500000E-01    1.795000E-01   -1.159247E-16 
   622    1.226226E-01    2.500000E-01    1.795000E-01   -1.554623E-16 
   623    1.236236E-01    2.500000E-01    1.795000E-01    8.659070E-17 
   624    1.246246E-01    2.500000E-01    1.795000E-01   -2.175025E-16 
   625    1.256256E-01    2.500000E-01    1.795000E-01    8.083281E-17 
   626    1.266266E-01    2.500000E-01    1.795000E-01   -1.023884E-16 
   627    1.276276E-01    2.500000E-01    1.795000E-01   -1.913969E-16 
   628    1.286286E-01    2.500000E-01    1.795000E-01    2.486856E-16 
   629    1.296296E-01    2.500000E-01    1.795000E-01   -2.174752E-16 
   630    1.306306E-01    2.500000E-01    1.795000E-01    7.830028E-17 
   631    1.316316E-01    2.500000E-01    1.795000E-01   -1.924323E-16 
   632    1.326326E-01    2.500000E-01    1.795000E-01   -2.634147E-16 
   633    1.336336E-01    2.500000E-01    1.795000E-01    1.766466E-16 
   634    1.346346E-01    2.500000E-01    1.795000E-01   -2.895025E-16 
   635    1.356356E-01    2.500000E-01    1.795000E-01    7.830028E-17 
   636    1.366366E-01    2.500000E-01    1.795000E-01   -2.374602E-16 
   637    1.376376E-01    2.500000E-01    1.795000E-01   -3.354498E-16 
   638    1.386386E-01    2.500000E-01    1.795000E-01    1.766466E-16 
   639    1.396396E-01    2.500000E-01    1.795000E-01   -3.615380E-16 
   640    1.406406E-01    2.500000E-01    1.795000E-01    7.830028E-17 
   641    1.416416E-01    2.500000E-01    1.795000E-01   -2.374602E-16 
   642    1.426426E-01    2.500000E-01    1.795000E-01   -3.354498E-16 
   643    1.436436E-01    2.500000E-01    1.795000E-01    1.766466E-16 
   644    1.446446E-01    2.500000E-01    1.795000E-01   -3.615380E-16 
   645    1.456456E-01    2.500000E-01    1.795000E-01    7.830028E-17 
   646    1.466466E-01    2.500000E-01    1.795000E-01   -2.374602E-16 
   647    1.476476E-01    2.500000E-01    1.795000E-01   -3.354498E-16 
   648    1.486486E-01    2.500000E-01    1.795000E-01    1.766466E-16 
   649    1.496496E-01    2.500000E-01    1.795000E-01   -3.615380E-16 
   650    1.506507E-01    2.500000E-01    1.795000E-01    8.308389E-17 
   651    1.516517E-01    2.500000E-01    1.795000E-01   -2.374602E-16 
   652    1.526527E-01    2.500000E-01    1.795000E-01   -3.354498E-16 
   653    1.536537E-01    2.500000E-01    1.795000E-01    1.738338E-16 
   654    1.546547E-01    2.500000E-01    1.795000E-01   -3.615380E-16 
   655    1.556557E-01    2.500000E-01    1.795000E-01    7.703515E-17 
   656    1.566567E-01    2.500000E-01    1.795000E-01   -1.890551E-16 
   657    1.576577E-01    2.500000E-01    1.795000E-01   -3.198322E-16 
   658    1.586587E-01    2.500000E-01    1.795000E-01    1.628742E-16 
   659    1.596597E-01    2.500000E-01    1.795000E-01   -2.856966E-16 
   660    1.606607E-01    2.500000E-01    1.795000E-01    1.893247E-16 
   661    1.616617E-01    2.500000E-01    1.795000E-01   -9.361306E-17 
   662    1.626627E-01    2.500000E-01    1.795000E-01   -8.795360E-17 
   663    1.636637E-01    2.500000E-01    1.795000E-01    2.568366E-16 
   664    1.646647E-01    2.500000E-01    1.795000E-01   -2.030156E-16 
   665    1.656657E-01    2.500000E-01    1.795000E-01   -2.923522E-16 
   666    1.666667E-01    2.500000E-01    1.795000E-01   -5.200843E-16 
   667    1.676677E-01    2.500000E-01    1.795000E-01   -1.160494E-15 
   668    1.686687E-01    2.500000E-01    1.795000E-01    1.850494E-16 
   669    1.696697E-01    2.500000E-01    1.795000E-01    2.214433E-15 
   670    1.706707E-01    2.500000E-01    1.795000E-01    3.566077E-15 
   671    1.716717E-01    2.500000E-01    1.795000E-01    4.271794E-15 
   672    1.726727E-01    2.500000E-01    1.795000E-01    4.699776E-15 
   673    1.736737E-01    2.500000E-01    1.795000E-01    2.471746E-15 
   674    1.746747E-01    2.500000E-01    1.795000E-01    7.960442E-16 
   675    1.756757E-01    2.500000E-01    1.795000E-01   -8.637042E-16 
   676    1.766767E-01    2.500000E-01    1.795000E-01   -2.401535E-15 
   677    1.776777E-01    2.500000E-01    1.795000E-01   -4.806483E-15 
   678    1.786787E-01    2.500000E-01    1.795000E-01   -4.325873E-15 
   679    1.796797E-01    2.500000E-01    1.795000E-01   -3.596132E-15 
   680    1.806807E-01    2.500000E-01    1.795000E-01   -2.041434E-15 
   681    1.816817E-01    2.500000E-01    1.795000E-01   -1.804490E-16 
   682    1.826827E-01    2.500000E-01    1.795000E-01    1.053778E-15 
   683    1.836837E-01    2.500000E-01    1.795000E-01    4.714011E-16 
   684    1.846847E-01    2.500000E-01    1.795000E-01    2.703258E-16 
   685    1.856857E-01    2.500000E-01    1.795000E-01    2.369199E-17 
   686    1.866867E-01    2.500000E-01    1.795000E-01   -1.216356E-16 
   687    1.876877E-01    2.500000E-01    1.795000E-01    1.746645E-16 
   688    1.886887E-01    2.500000E-01    1.795000E-01   -1.466826E-16 
   689    1.896897E-01    2.500000E-01    1.795000E-01    4.252201E-17 
   690    1.906907E-01    2.500000E-01    1.795000E-01   -1.159247E-16 
   691    1.916917E-01    2.500000E-01    1.795000E-01   -1.554623E-16 
   692    1.926927E-01    2.500000E-01    1.795000E-01    8.659070E-17 
   693    1.936937E-01    2.500000E-01    1.795000E-01   -2.175025E-16 
   694    1.946947E-01    2.500000E-01    1.795000E-01    8.083281E-17 
   695    1.956957E-01    2.500000E-01    1.795000E-01   -1.023884E-16 
   696    1.966967E-01    2.500000E-01    1.795000E-01   -1.913969E-16 
   697    1.976977E-01    2.500000E-01    1.795000E-01    2.486856E-16 
   698    1.986987E-01    2.500000E-01    1.795000E-01   -2.174752E-16 
   699    1.996997E-01    2.500000E-01    1.795000E-01    7.830028E-17 
   700    2.007007E-01    2.500000E-01    1.795000E-01   -1.924323E-16 
   701    2.017017E-01    2.500000E-01    1.795000E-01   -2.634147E-16 
   702    2.027027E-01    2.500000E-01    1.795000E-01    1.766466E-16 
   703    2.037037E-01    2.500000E-01    1.795000E-01   -2.895025E-16 
   704    2.047047E-01    2.500000E-01    1.795000E-01    7.830028E-17 
   705    2.057057E-01    2.500000E-01    1.795000E-01   -2.374602E-16 
   706    2.067067E-01    2.500000E-01    1.795000E-01   -3.354498E-16 
   707    2.077077E-01    2.500000E-01    1.795000E-01    1.766466E-16 
   708    2.087087E-01    2.500000E-01    1.795000E-01   -3.615380E-16 
   709    2.097097E-01    2.500000E-01    1.795000E-01    8.308389E-17 
   710    2.107107E-01    2.500000E-01    1.795000E-01   -2.374602E-16 
   711    2.117117E-01    2.500000E-01    1.795000E-01   -3.354498E-16 
   712    2.127127E-01    2.500000E-01    1.795000E-01    1.738338E-16 
   713    2.137137E-01    2.500000E-01    1.795000E-01   -3.615380E-16 
   714    2.147147E-01    2.500000E-01    1.795000E-01    7.703515E-17 
   715    2.157157E-01    2.500000E-01    1.795000E-01   -1.890551E-16 
   716    2.167167E-01    2.500000E-01    1.795000E-01   -3.198322E-16 
   717    2.177177E-01    2.500000E-01    1.795000E-01    1.628742E-16 
   718    2.187187E-01    2.500000E-01    1.795000E-01   -2.856966E-16 
   719    2.197197E-01    2.500000E-01    1.795000E-01    1.893247E-16 
   720    2.207207E-01    2.500000E-01    1.795000E-01   -9.361306E-17 
   721    2.217217E-01    2.500000E-01    1.795000E-01   -8.795360E-17 
   722    2.227227E-01    2.500000E-01    1.795000E-01    2.568366E-16 
   723    2.237237E-01    2.500000E-01    1.795000E-01   -2.030156E-16 
   724    2.247247E-01    2.500000E-01    1.795000E-01   -2.923522E-16 
   725    2.257257E-01    2.500000E-01    1.795000E-01   -5.200843E-16 
   726    2.267267E-01    2.500000E-01    1.795000E-01   -1.160494E-15 
   727    2.277277E-01    2.500000E-01    1.795000E-01    1.850494E-16 
   728    2.287287E-01    2.500000E-01    1.795000E-01    2.214433E-15 
   729    2.297297E-01    2.500000E-01    1.795000E-01    3.566077E-15 
   730    2.307307E-01    2.500000E-01    1.795000E-01    4.271794E-15 
   731    2.317317E-01    2.500000E-01    1.795000E-01    4.699776E-15 
   732    2.327327E-01    2.500000E-01    1.795000E-01    2.471746E-15 
   733    2.337337E-01    2.500000E-01    1.795000E-01    7.960442E-16 
   734    2.347347E-01    2.500000E-01    1.795000E-01   -8.637042E-16 
   735    2.357357E-01    2.500000E-01    1.795000E-01   -2.401535E-15 
   736    2.367367E-01    2.500000E-01    1.795000E-01   -4.806483E-15 
   737    2.377377E-01    2.500000E-01    1.795000E-01   -4.325873E-15 
   738    2.387387E-01    2.500000E-01    1.795000E-01   -3.596132E-15 
   739    2.397397E-01    2.500000E-01    1.795000E-01   -2.041434E-15 
   740    2.407407E-01    2.500000E-01    1.795000E-01   -1.804490E-16 
   741    2.417417E-01    2.500000E-01    1.795000E-01    1.053778E-15 
   742    2.427427E-01    2.500000E-01    1.795000E-01    4.714011E-16 
   743    2.437437E-01    2.500000E-01    1.795000E-01    2.703258E-16 
   744    2.447447E-01    2.500000E-01    1.795000E-01    2.369199E-17 
   745    2.457457E-01    2.500000E-01    1.795000E-01   -1.216356E-16 
   746    2.467467E-01    2.500000E-01    1.795000E-01    1.746645E-16 
   747    2.477477E-01    2.500000E-01    1.795000E-01   -1.466826E-16 
   748    2.487487E-01    2.500000E-01    1.795000E-01    4.252201E-17 
   749    2.497497E-01    2.500000E-01    1.795000E-01   -1.159247E-16 
   750    2.507508E-01    2.500000E-01    1.795000E-01   -1.554623E-16 
   751    2.517518E-01    2.500000E-01    1.795000E-01    8.659070E-17 
   752    2.527528E-01    2.500000E-01    1.795000E-01   -2.175025E-16 
   753    2.537538E-01    2.500000E-01    1.795000E-01    8.083281E-17 
   754    2.547548E-01    2.500000E-01    1.795000E-01   -1.023884E-16 
   755    2.557558E-01    2.500000E-01    1.795000E-01   -1.913969E-16 
   756    2.567568E-01    2.500000E-01    1.795000E-01    2.486856E-16 
   757    2.577578E-01    2.500000E-01    1.795000E-01   -2.174752E-16 
   758    2.587588E-01    2.500000E-01    1.795000E-01    7.830028E-17 
   759    2.597598E-01    2.500000E-01    1.795000E-01   -1.924323E-16 
   760    2.607608E-01    2.500000E-01    1.795000E-01   -2.634147E-16 
   761    2.617618E-01    2.500000E-01    1.795000E-01    1.766466E-16 
   762    2.627628E-01    2.500000E-01    1.795000E-01   -2.895025E-16 
   763    2.637638E-01    2.500000E-01    1.795000E-01    7.830028E-17 
   764    2.647648E-01    2.500000E-01    1.795000E-01   -2.374602E-16 
   765    2.657658E-01    2.500000E-01    1.795000E-01   -3.354498E-16 
   766    2.667668E-01    2.500000E-01    1.795000E-01    1.766466E-16 
   767    2.677678E-01    2.500000E-01    1.795000E-01   -3.615380E-16 
   768    2.687688E-01    2.500000E-01    1.795000E-01    7.830028E-17 
   769    2.697698E-01    2.500000E-01    1.795000E-01   -2.374602E-16 
   770    2.707708E-01    2.500000E-01    1.795000E-01   -3.354498E-16 
   771    2.717718E-01    2.500000E-01    1.795000E-01    1.766466E-16 
   772    2.727728E-01    2.500000E-01    1.795000E-01   -3.615380E-16 
   773    2.737738E-01    2.500000E-01    1.795000E-01    7.830028E-17 
   774    2.747748E-01    2.500000E-01    1.795000E-01   -2.374602E-16 
   775    2.757758E-01    2.500000E-01    1.795000E-01   -3.354498E-16 
   776    2.767768E-01    2.500000E-01    1.795000E-01    1.766466E-16 
   777    2.777778E-01    2.500000E-01    1.795000E-01   -3.615380E-16 
   778    2.787788E-01    2.500000E-01    1.795000E-01    8.308389E-17 
   779    2.797798E-01    2.500000E-01    1.795000E-01   -2.374602E-16 
   780    2.807808E-01    2.500000E-01    1.795000E-01   -3.354498E-16 
   781    2.817818E-01    2.500000E-01    1.795000E-01    1.738338E-16 
   782    2.827828E-01    2.500000E-01    1.795000E-01   -3.615380E-16 
   783    2.837838E-01    2.500000E-01    1.795000E-01    7.703515E-17 
   784    2.847848E-01    2.500000E-01    1.795000E-01   -1.890551E-16 
   785    2.857858E-01    2.500000E-01    1.795000E-01   -3.198322E-16 
   786    2.867868E-01    2.500000E-01    1.795000E-01    1.628742E-16 
   787    2.877878E-01    2.500000E-01    1.795000E-01   -2.856966E-16 
   788    2.887888E-01    2.500000E-01    1.795000E-01    1.893247E-16 
   789    2.897898E-01    2.500000E-01    1.795000E-01   -9.361306E-17 
   790    2.907908E-01    2.500000E-01    1.795000E-01   -8.795360E-17 
   791    2.917918E-01    2.500000E-01    1.795000E-01    2.568366E-16 
   792    2.927928E-01    2.500000E-01    1.795000E-01   -2.030156E-16 
   793    2.937938E-01    2.500000E-01    1.795000E-01   -2.923522E-16 
   794    2.947948E-01    2.500000E-01    1.795000E-01   -5.200843E-16 
   795    2.957958E-01    2.500000E-01    1.795000E-01   -1.160494E-15 
   796    2.967968E-01    2.500000E-01    1.795000E-01    1.850494E-16 
   797    2.977978E-01    2.500000E-01    1.795000E-01    2.214433E-15 
   798    2.987988E-01    2.500000E-01    1.795000E-01    3.566077E-15 
   799    2.997998E-01    2.500000E-01    1.795000E-01    4.271794E-15 
   800    3.008008E-01    2.500000E-01    1.795000E-01    4.699776E-15 
   801    3.018018E-01    2.500000E-01    1.795000E-01    2.471746E-15 
   802    3.028028E-01    2.500000E-01    1.795000E-01    7.960442E-16 
   803    3.038038E-01    2.500000E-01    1.795000E-01   -8.637042E-16 
   804    3.048048E-01    2.500000E-01    1.795000E-01   -2.401535E-15 
   805    3.058058E-01    2.500000E-01    1.795000E-01   -4.806483E-15 
   806    3.068068E-01    2.500000E-01    1.795000E-01   -4.325873E-15 
   807    3.078078E-01    2.500000E-01    1.795000E-01   -3.596132E-15 
   808    3.088088E-01    2.500000E-01    1.795000E-01   -2.041434E-15 
   809    3.098098E-01    2.500000E-01    1.795000E-01   -1.804490E-16 
   810    3.108108E-01    2.500000E-01    1.795000E-01    1.053778E-15 
   811    3.118118E-01    2.500000E-01    1.795000E-01    4.714011E-16 
   812    3.128128E-01    2.500000E-01    1.795000E-01    2.703258E-16 
   813    3.138138E-01    2.500000E-01    1.795000E-01    2.369199E-17 
   814    3.148148E-01    2.500000E-01    1.795000E-01   -1.216356E-16 
   815    3.158158E-01    2.500000E-01    1.795000E-01    1.746645E-16 
   816    3.168168E-01    2.500000E-01    1.795000E-01   -1.466826E-16 
   817    3.178178E-01    2.500000E-01    1.795000E-01    4.252201E-17 
   818    3.188188E-01    2.500000E-01    1.795000E-01   -1.159247E-16 
   819    3.198198E-01    2.500000E-01    1.795000E-01   -1.554623E-16 
   820    3.208208E-01    2.500000E-01    1.795000E-01    8.659070E-17 
   821    3.218218E-01    2.500000E-01    1.795000E-01   -2.175025E-16 
   822    3.228228E-01    2.500000E-01    1.795000E-01    8.083281E-17 
   823    3.238238E-01    2.500000E-01    1.795000E-01   -1.023884E-16 
   824    3.248248E-01    2.500000E-01    1.795000E-01   -1.913969E-16 
   825    3.258258E-01    2.500000E-01    1.795000E-01    2.486856E-16 
   826    3.268268E-01    2.500000E-01    1.795000E-01   -2.174752E-16 
   827    3.278278E-01    2.500000E-01    1.795000E-01    7.830028E-17 
   828    3.288288E-01    2.500000E-01    1.795000E-01   -1.924323E-16 
   829    3.298298E-01    2.500000E-01    1.795000E-01   -2.634147E-16 
   830    3.308308E-01    2.500000E-01    1.795000E-01    1.766466E-16 
   831    3.318318E-01    2.500000E-01    1.795000E-01   -2.895025E-16 
   832    3.328328E-01    2.500000E-01    1.795000E-01    7.830028E-17 
   833    3.338338E-01    2.500000E-01    1.795000E-01   -2.374602E-16 
   834    3.348348E-01    2.500000E-01    1.795000E-01   -3.354498E-16 
   835    3.358358E-01    2.500000E-01    1.795000E-01    1.766466E-16 
   836    3.368368E-01    2.500000E-01    1.795000E-01   -3.615380E-16 
   837    3.378378E-01    2.500000E-01    1.795000E-01    8.308389E-17 
   838    3.388388E-01    2.500000E-01    1.795000E-01   -2.374602E-16 
   839    3.398398E-01    2.500000E-01    1.795000E-01   -3.354498E-16 
   840    3.408408E-01    2.500000E-01    1.795000E-01    1.738338E-16 
   841    3.418418E-01    2.500000E-01    1.795000E-01   -3.615380E-16 
   842    3.428428E-01    2.500000E-01    1.795000E-01    7.703515E-17 
   843    3.438438E-01    2.500000E-01    1.795000E-01   -1.890551E-16 
   844    3.448448E-01    2.500000E-01    1.795000E-01   -3.198322E-16 
   845    3.458458E-01    2.500000E-01    1.795000E-01    1.628742E-16 
   846    3.468468E-01    2.500000E-01    1.795000E-01   -2.856966E-16 
   847    3.478478E-01    2.500000E-01    1.795000E-01    1.893247E-16 
   848    3.488488E-01    2.500000E-01    1.795000E-01   -9.361306E-17 
   849    3.498498E-01    2.500000E-01    1.795000E-01   -8.795360E-17 
   850    3.508509E-01    2.500000E-01    1.795000E-01    2.568366E-16 
   851    3.518519E-01    2.500000E-01    1.795000E-01   -2.030156E-16 
   852    3.528529E-01    2.500000E-01    1.795000E-01   -2.923522E-16 
   853    3.538539E-01    2.500000E-01    1.795000E-01   -5.200843E-16 
   854    3.548549E-01    2.500000E-01    1.795000E-01   -1.160494E-15 
   855    3.558559E-01    2.500000E-01    1.795000E-01    1.850494E-16 
   856    3.568569E-01    2.500000E-01    1.795000E-01    2.214433E-15 
   857    3.578579E-01    2.500000E-01    1.795000E-01    3.566077E-15 
   858    3.588589E-01    2.500000E-01    1.795000E-01    4.271794E-15 
   859    3.598599E-01    2.500000E-01    1.795000E-01    4.699776E-15 
   860    3.608609E-01    2.500000E-01    1.795000E-01    2.471746E-15 
   861    3.618619E-01    2.500000E-01    1.795000E-01    7.960442E-16 
   862    3.628629E-01    2.500000E-01    1.795000E-01   -8.637042E-16 
   863    3.638639E-01    2.500000E-01    1.795000E-01   -2.401535E-15 
   864    3.648649E-01    2.500000E-01    1.795000E-01   -4.806483E-15 
   865    3.658659E-01    2.500000E-01    1.795000E-01   -4.325873E-15 
   866    3.668669E-01    2.500000E-01    1.795000E-01   -3.596132E-15 
   867    3.678679E-01    2.500000E-01    1.795000E-01   -2.041434E-15 
   868    3.688689E-01    2.500000E-01    1.795000E-01   -1.804490E-16 
   869    3.698699E-01    2.500000E-01    1.795000E-01    1.053778E-15 
   870    3.708709E-01    2.500000E-01    1.795000E-01    4.714011E-16 
   871    3.718719E-01    2.500000E-01    1.795000E-01    2.703258E-16 
   872    3.728729E-01    2.500000E-01    1.795000E-01    2.369199E-17 
   873    3.738739E-01    2.500000E-01    1.795000E-01   -1.216356E-16 
   874    3.748749E-01    2.500000E-01    1.795000E-01    1.746645E-16 
   875    3.758759E-01    2.500000E-01    1.795000E-01   -1.466826E-16 
   876    3.768769E-01    2.500000E-01    1.795000E-01    4.252201E-17 
   877    3.778779E-01    2.500000E-01    1.795000E-01   -1.159247E-16 
   878    3.788789E-01    2.500000E-01    1.795000E-01   -1.554623E-16 
   879    3.798799E-01    2.500000E-01    1.795000E-01    8.659070E-17 
   880    3.808809E-01    2.500000E-01    1.795000E-01   -2.175025E-16 
   881    3.818819E-01    2.500000E-01    1.795000E-01    8.083281E-17 
   882    3.828829E-01    2.500000E-01    1.795000E-01   -1.023884E-16 
   883    3.838839E-01    2.500000E-01    1.795000E-01   -1.913969E-16 
   884    3.848849E-01    2.500000E-01    1.795000E-01    2.486856E-16 
   885    3.858859E-01    2.500000E-01    1.795000E-01   -2.174752E-16 
   886    3.868869E-01    2.500000E-01    1.795000E-01    7.830028E-17 
   887    3.878879E-01    2.500000E-01    1.795000E-01   -1.924323E-16 
   888    3.888889E-01    2.500000E-01    1.795000E-01   -2.634147E-16 
   889    3.898899E-01    2.500000E-01    1.795000E-01    1.766466E-16 
   890    3.908909E-01    2.500000E-01    1.795000E-01   -2.895025E-16 
   891    3.918919E-01    2.500000E-01    1.795000E-01    7.830028E-17 
   892    3.928929E-01    2.500000E-01    1.795000E-01   -2.374602E-16 
   893    3.938939E-01    2.500000E-01    1.795000E-01   -3.354498E-16 
   894    3.948949E-01    2.500000E-01    1.795000E-01    1.766466E-16 
   895    3.958959E-01    2.500000E-01    1.795000E-01   -3.615380E-16 
   896    3.968969E-01    2.500000E-01    1.795000E-01    7.830028E-17 
   897    3.978979E-01    2.500000E-01    1.795000E-01   -2.374602E-16 
   898    3.988989E-01    2.500000E-01    1.795000E-01   -3.354498E-16 
   899    3.998999E-01    2.500000E-01    1.795000E-01    1.766466E-16 
   900    4.009009E-01    2.500000E-01    1.795000E-01   -3.615380E-16 
   901    4.019019E-01    2.500000E-01    1.795000E-01    7.830028E-17 
   902    4.029029E-01    2.500000E-01    1.795000E-01   -2.374602E-16 
   903    4.039039E-01    2.500000E-01    1.795000E-01   -3.354498E-16 
   904    4.049049E-01    2.500000E-01    1.795000E-01    1.766466E-16 
   905    4.059059E-01    2.500000E-01    1.795000E-01   -3.615380E-16 
   906    4.069069E-01    2.500000E-01    1.795000E-01    8.308389E-17 
   907    4.079079E-01    2.500000E-01    1.795000E-01   -2.370380E-16 
   908    4.089089E-01    2.500000E-01    1.795000E-01   -3.354498E-16 
   909    4.099099E-01    2.500000E-01    1.795000E-01    1.729895E-16 
   910    4.109109E-01    2.500000E-01    1.795000E-01   -3.640709E-16 
   911    4.119119E-01    2.500000E-01    1.795000E-01    6.479311E-17 
   912    4.129129E-01    2.500000E-01    1.795000E-01   -2.167758E-16 
   913    4.139139E-01    2.500000E-01    1.795000E-01   -3.634535E-16 
   914    4.149149E-01    2.500000E-01    1.795000E-01    8.829564E-17 
   915    4.159159E-01    2.500000E-01    1.795000E-01   -4.121974E-16 
   916    4.169169E-01    2.500000E-01    1.795000E-01    2.423766E-16 
   917    4.179179E-01    2.500000E-01    1.795000E-01    6.659662E-16 
   918    4.189189E-01    2.500000E-01    1.795000E-01    1.919763E-15 
   919    4.199199E-01    2.500000E-01    1.795000E-01    5.248673E-15 
   920    4.209209E-01    2.500000E-01    1.795000E-01    1.010570E-14 
   921    4.219219E-01    2.500000E-01    1.795000E-01    1.725691E-14 
   922    4.229229E-01    2.500000E-01    1.795000E-01    2.607475E-14 
   923    4.239239E-01    2.500000E-01    1.795000E-01    3.194245E-14 
   924    4.249249E-01    2.500000E-01    1.795000E-01    2.479205E-14 
   925    4.259259E-01    2.500000E-01    1.795000E-01   -2.318696E-14 
   926    4.269269E-01    2.500000E-01    1.795000E-01   -1.615618E-13 
   927    4.279279E-01    2.500000E-01    1.795000E-01   -4.772343E-13 
   928    4.289289E-01    2.500000E-01    1.795000E-01   -1.100575E-12 
   929    4.299299E-01    2.500000E-01    1.795000E-01   -2.226845E-12 
   930    4.309309E-01    2.500000E-01    1.795000E-01   -4.161252E-12 
   931    4.319319E-01    2.500000E-01    1.795000E-01   -7.328765E-12 
   932    4.329329E-01    2.500000E-01    1.795000E-01   -1.227320E-11 
   933    4.339339E-01    2.500000E-01    1.795000E-01   -1.957344E-11 
   934    4.349349E-01    2.500000E-01    1.795000E-01   -2.961038E-11 
   935    4.359359E-01    2.500000E-01    1.795000E-01   -4.203504E-11 
   936    4.369369E-01    2.500000E-01    1.795000E-01   -5.465253E-11 
   937    4.379379E-01    2.500000E-01    1.795000E-01   -6.140932E-11 
   938    4.389389E-01    2.500000E-01    1.795000E-01   -4.935867E-11 
   939    4.399399E-01    2.500000E-01    1.795000E-01    6.231932E-12 
   940    4.409409E-01    2.500000E-01    1.795000E-01    1.482230E-10 
   941    4.419419E-01    2.500000E-01    1.795000E-01    4.508462E-10 
   942    4.429429E-01    2.500000E-01    1.795000E-01    1.037925E-09 
   943    4.439439E-01    2.500000E-01    1.795000E-01    2.091962E-09 
   944    4.449449E-01    2.500000E-01    1.795000E-01    3.834247E-09 
   945    4.459459E-01    2.500000E-01    1.795000E-01    6.463047E-09 
   946    4.469469E-01    2.500000E-01    1.795000E-01    9.904130E-09 
   947    4.479479E-01    2.500000E-01    1.795000E-01    1.325292E-08 
   948    4.489489E-01    2.500000E-01    1.795000E-01    1.350240E-08 
   949    4.499499E-01    2.500000E-01    1.795000E-01    4.155690E-09 
   950    4.509510E-01    2.500001E-01    1.795001E-01   -2.689537E-08 
   951    4.519520E-01    2.500001E-01    1.795001E-01   -9.966889E-08 
   952    4.529530E-01    2.500002E-01    1.795002E-01   -2.429448E-07 
   953    4.539540E-01    2.500003E-01    1.795003E-01   -5.001970E-07 
   954    4.549550E-01    2.500005E-01    1.795005E-01   -9.454560E-07 
   955    4.559560E-01    2.500007E-01    1.795007E-01   -1.690063E-06 
   956    4.569570E-01    2.500012E-01    1.795012E-01   -2.904758E-06 
   957    4.579580E-01    2.500018E-01    1.795018E-01   -4.846599E-06 
   958    4.589589E-01    2.500027E-01    1.795028E-01   -7.884938E-06 
   959    4.599599E-01    2.500041E-01    1.795041E-01   -1.251568E-05 
   960    4.609609E-01    2.500061E-01    1.795061E-01   -1.936945E-05 
   961    4.619619E-01    2.500088E-01    1.795088E-01   -2.921249E-05 
   962    4.629629E-01    2.500125E-01    1.795126E-01   -4.303033E-05 
   963    4.639639E-01    2.500176E-01    1.795177E-01   -6.213537E-05 
   964    4.649648E-01    2.500242E-01    1.795244E-01   -8.834994E-05 
   965    4.659657E-01    2.500330E-01    1.795332E-01   -1.242320E-04 
   966    4.669666E-01    2.500444E-01    1.795446E-01   -1.730843E-04 
   967    4.679675E-01    2.500591E-01    1.795594E-01   -2.377855E-04 
   968    4.689683E-01    2.500778E-01    1.795782E-01   -3.197728E-04 
   969    4.699690E-01    2.501010E-01    1.796015E-01   -4.185643E-04 
   970    4.709696E-01    2.501287E-01    1.796293E-01   -5.333594E-04 
   971    4.719702E-01    2.501605E-01    1.796614E-01   -6.700228E-04 
   972    4.729706E-01    2.501966E-01    1.796976E-01   -8.349431E-04 
   973    4.739708E-01    2.502373E-01    1.797386E-01   -1.039618E-03 
   974    4.749707E-01    2.502846E-01    1.797861E-01   -1.299599E-03 
   975    4.759703E-01    2.503412E-01    1.798431E-01   -1.614683E-03 
   976    4.769699E-01    2.504061E-01    1.799084E-01   -1.901439E-03 
   977    4.779697E-01    2.504710E-01    1.799737E-01   -2.097071E-03 
   978    4.789695E-01    2.505234E-01    1.800264E-01   -2.178630E-03 
   979    4.799688E-01    2.505517E-01    1.800548E-01   -2.236656E-03 
   980    4.809659E-01    2.505627E-01    1.800659E-01   -2.613529E-03 
   981    4.819630E-01    2.505633E-01    1.800665E-01   -2.964700E-03 
   982    4.829595E-01    2.505596E-01    1.800628E-01   -3.495627E-03 
   983    4.839558E-01    2.505665E-01    1.800699E-01   -4.218687E-03 
   984    4.849547E-01    2.505835E-01    1.800871E-01   -4.500025E-03 
   985    4.859672E-01    2.505278E-01    1.800317E-01   -1.467816E-03 
   986    4.869743E-01    2.503495E-01    1.798530E-01    6.431644E-04 
   987    4.879703E-01    2.500656E-01    1.795674E-01    1.088506E-03 
   988    4.889452E-01    2.496895E-01    1.791861E-01   -6.343212E-04 
   989    4.898703E-01    2.492727E-01    1.787558E-01   -7.191722E-03 
   990    4.909910E-01    2.488671E-01    1.786866E-01    0.000000E+00 
   991    4.919920E-01    2.486465E-01    1.785282E-01    0.000000E+00 
   992    4.929930E-01    2.481375E-01    1.781627E-01    0.000000E+00 
   993    4.939940E-01    2.465240E-01    1.770043E-01    0.000000E+00 
   994    4.949950E-01    2.425657E-01    1.741622E-01    0.000000E+00 
   995    4.959960E-01    2.345345E-01    1.683958E-01    0.000000E+00 
   996    4.969970E-01    2.206222E-01    1.584067E-01    0.000000E+00 
   997    4.979980E-01    2.000349E-01    1.436251E-01    0.000000E+00 
   998    4.989990E-01    1.731788E-01    1.243424E-01    0.000000E+00 
   999    5.000000E-01    1.416667E-01    1.017167E-01    0.000000E+00 
