     0   -5.000000E-01    5.666667E-01    5.666667E-01    0.000000E+00 
     1   -4.989990E-01    6.926643E-01    6.926643E-01    0.000000E+00 
     2   -4.979980E-01    7.999124E-01    7.999124E-01    0.000000E+00 
     3   -4.969970E-01    8.820079E-01    8.820079E-01    0.000000E+00 
     4   -4.959960E-01    9.373747E-01    9.373747E-01    0.000000E+00 
     5   -4.949950E-01    9.692045E-01    9.692045E-01    0.000000E+00 
     6   -4.939940E-01    9.848686E-01    9.848686E-01    0.000000E+00 
     7   -4.929930E-01    9.914692E-01    9.914692E-01    0.000000E+00 
     8   -4.919920E-01    9.937497E-01    9.937497E-01    0.000000E+00 
     9   -4.909910E-01    9.947871E-01    9.947871E-01    0.000000E+00 
    10   -4.897787E-01    9.965515E-01    9.950488E-01    1.045212E-03 
    11   -4.889707E-01    9.977553E-01    9.968673E-01   -4.414848E-04 
    12   -4.880056E-01    9.986813E-01    9.981805E-01   -4.207765E-04 
    13   -4.869994E-01    9.992274E-01    9.989385E-01   -2.243060E-04 
    14   -4.859628E-01    9.995355E-01    9.993587E-01   -3.142071E-05 
    15   -4.848634E-01    9.996144E-01    9.994657E-01    1.222615E-03 
    16   -4.839240E-01    9.996250E-01    9.994775E-01   -1.097349E-04 
    17   -4.829608E-01    9.997457E-01    9.996475E-01   -5.540451E-04 
    18   -4.819699E-01    9.998611E-01    9.998086E-01   -4.445474E-04 
    19   -4.809477E-01    9.999196E-01    9.998885E-01    1.661084E-04 
    20   -4.799307E-01    9.999076E-01    9.998715E-01    5.690274E-04 
    21   -4.789222E-01    9.998804E-01    9.998330E-01    2.522608E-04 
    22   -4.779287E-01    9.999020E-01    9.998630E-01   -6.894119E-05 
    23   -4.769369E-01    9.999561E-01    9.999388E-01   -1.979766E-04 
    24   -4.759400E-01    9.999922E-01    9.999893E-01    3.396386E-05 
    25   -4.749434E-01    1.000000E+00    1.000001E+00    5.921781E-05 
    26   -4.739321E-01    9.999916E-01    9.999885E-01    1.905738E-04 
    27   -4.729229E-01    9.999712E-01    9.999598E-01    9.738449E-05 
    28   -4.719233E-01    9.999619E-01    9.999467E-01   -6.050651E-06 
    29   -4.709285E-01    9.999674E-01    9.999544E-01   -1.041556E-04 
    30   -4.699332E-01    9.999833E-01    9.999767E-01   -1.687216E-04 
    31   -4.689322E-01    9.999935E-01    9.999911E-01    6.225909E-05 
    32   -4.679258E-01    9.999915E-01    9.999882E-01    1.855246E-04 
    33   -4.669206E-01    9.999925E-01    9.999896E-01    1.160628E-04 
    34   -4.659200E-01    1.000009E+00    1.000012E+00    3.276847E-05 
    35   -4.649218E-01    1.000036E+00    1.000050E+00   -5.421275E-06 
    36   -4.639241E-01    1.000062E+00    1.000086E+00    2.088440E-05 
    37   -4.629242E-01    1.000074E+00    1.000104E+00    1.296145E-04 
    38   -4.619208E-01    1.000072E+00    1.000101E+00    1.712218E-04 
    39   -4.609170E-01    1.000064E+00    1.000090E+00    1.465982E-04 
    40   -4.599156E-01    1.000056E+00    1.000078E+00    1.207560E-04 
    41   -4.589163E-01    1.000047E+00    1.000066E+00    9.635082E-05 
    42   -4.579176E-01    1.000034E+00    1.000048E+00    8.007198E-05 
    43   -4.569175E-01    1.000013E+00    1.000018E+00    7.325426E-05 
    44   -4.559151E-01    9.999812E-01    9.999738E-01    5.390915E-05 
    45   -4.549121E-01    9.999445E-01    9.999223E-01    1.316065E-05 
    46   -4.539105E-01    9.999061E-01    9.998685E-01   -3.692651E-05 
    47   -4.529105E-01    9.998669E-01    9.998136E-01   -8.585330E-05 
    48   -4.519108E-01    9.998276E-01    9.997586E-01   -1.392602E-04 
    49   -4.509102E-01    9.997912E-01    9.997077E-01   -1.982695E-04 
    50   -4.499082E-01    9.997656E-01    9.996719E-01   -2.338022E-04 
    51   -4.489056E-01    9.997628E-01    9.996680E-01   -2.328171E-04 
    52   -4.479037E-01    9.997923E-01    9.997092E-01   -2.760053E-04 
    53   -4.469028E-01    9.998565E-01    9.997990E-01   -3.493796E-04 
    54   -4.459023E-01    9.999515E-01    9.999321E-01   -3.486608E-04 
    55   -4.449016E-01    1.000071E+00    1.000099E+00   -1.975825E-04 
    56   -4.439005E-01    1.000208E+00    1.000291E+00    8.385548E-05 
    57   -4.428993E-01    1.000359E+00    1.000502E+00    4.112464E-04 
    58   -4.418984E-01    1.000523E+00    1.000732E+00    7.074790E-04 
    59   -4.408980E-01    1.000696E+00    1.000975E+00    9.423816E-04 
    60   -4.398980E-01    1.000872E+00    1.001221E+00    1.132194E-03 
    61   -4.388982E-01    1.001041E+00    1.001457E+00    1.308949E-03 
    62   -4.378984E-01    1.001192E+00    1.001669E+00    1.486283E-03 
    63   -4.368988E-01    1.001319E+00    1.001848E+00    1.654151E-03 
    64   -4.358992E-01    1.001420E+00    1.001989E+00    1.791869E-03 
    65   -4.348998E-01    1.001496E+00    1.002095E+00    1.885018E-03 
    66   -4.339004E-01    1.001549E+00    1.002170E+00    1.934781E-03 
    67   -4.329010E-01    1.001583E+00    1.002217E+00    1.956530E-03 
    68   -4.319017E-01    1.001601E+00    1.002242E+00    1.962985E-03 
    69   -4.309024E-01    1.001604E+00    1.002246E+00    1.960060E-03 
    70   -4.299030E-01    1.001595E+00    1.002234E+00    1.950063E-03 
    71   -4.289036E-01    1.001576E+00    1.002207E+00    1.931908E-03 
    72   -4.279042E-01    1.001548E+00    1.002168E+00    1.905342E-03 
    73   -4.269048E-01    1.001513E+00    1.002119E+00    1.870206E-03 
    74   -4.259053E-01    1.001472E+00    1.002062E+00    1.827258E-03 
    75   -4.249057E-01    1.001426E+00    1.001997E+00    1.777433E-03 
    76   -4.239062E-01    1.001376E+00    1.001927E+00    1.721527E-03 
    77   -4.229065E-01    1.001322E+00    1.001851E+00    1.660259E-03 
    78   -4.219068E-01    1.001265E+00    1.001771E+00    1.594348E-03 
    79   -4.209071E-01    1.001205E+00    1.001688E+00    1.524548E-03 
    80   -4.199072E-01    1.001144E+00    1.001601E+00    1.451642E-03 
    81   -4.189074E-01    1.001081E+00    1.001513E+00    1.376425E-03 
    82   -4.179074E-01    1.001017E+00    1.001425E+00    1.299680E-03 
    83   -4.169074E-01    1.000954E+00    1.001336E+00    1.222157E-03 
    84   -4.159073E-01    1.000891E+00    1.001248E+00    1.144565E-03 
    85   -4.149072E-01    1.000829E+00    1.001161E+00    1.067560E-03 
    86   -4.139069E-01    1.000768E+00    1.001076E+00    9.917403E-04 
    87   -4.129067E-01    1.000709E+00    1.000993E+00    9.176410E-04 
    88   -4.119063E-01    1.000652E+00    1.000913E+00    8.457306E-04 
    89   -4.109060E-01    1.000598E+00    1.000837E+00    7.764095E-04 
    90   -4.099055E-01    1.000546E+00    1.000764E+00    7.100096E-04 
    91   -4.089050E-01    1.000496E+00    1.000695E+00    6.467956E-04 
    92   -4.079045E-01    1.000450E+00    1.000629E+00    5.869671E-04 
    93   -4.069039E-01    1.000406E+00    1.000568E+00    5.306629E-04 
    94   -4.059033E-01    1.000365E+00    1.000511E+00    4.779644E-04 
    95   -4.049026E-01    1.000327E+00    1.000458E+00    4.289019E-04 
    96   -4.039019E-01    1.000292E+00    1.000409E+00    3.834590E-04 
    97   -4.029012E-01    1.000260E+00    1.000364E+00    3.415791E-04 
    98   -4.019004E-01    1.000231E+00    1.000323E+00    3.031708E-04 
    99   -4.008996E-01    1.000204E+00    1.000286E+00    2.681136E-04 
   100   -3.998988E-01    1.000180E+00    1.000251E+00    2.362640E-04 
   101   -3.988979E-01    1.000158E+00    1.000221E+00    2.074598E-04 
   102   -3.978971E-01    1.000138E+00    1.000193E+00    1.815261E-04 
   103   -3.968962E-01    1.000120E+00    1.000168E+00    1.582788E-04 
   104   -3.958953E-01    1.000104E+00    1.000146E+00    1.375292E-04 
   105   -3.948944E-01    1.000090E+00    1.000127E+00    1.190870E-04 
   106   -3.938935E-01    1.000078E+00    1.000109E+00    1.027637E-04 
   107   -3.928925E-01    1.000067E+00    1.000094E+00    8.837501E-05 
   108   -3.918916E-01    1.000058E+00    1.000081E+00    7.574281E-05 
   109   -3.908906E-01    1.000049E+00    1.000069E+00    6.469679E-05 
   110   -3.898897E-01    1.000042E+00    1.000059E+00    5.507574E-05 
   111   -3.888887E-01    1.000036E+00    1.000050E+00    4.672837E-05 
   112   -3.878877E-01    1.000030E+00    1.000042E+00    3.951386E-05 
   113   -3.868868E-01    1.000025E+00    1.000036E+00    3.330216E-05 
   114   -3.858858E-01    1.000021E+00    1.000030E+00    2.797399E-05 
   115   -3.848848E-01    1.000018E+00    1.000025E+00    2.342071E-05 
   116   -3.838838E-01    1.000015E+00    1.000021E+00    1.954400E-05 
   117   -3.828828E-01    1.000012E+00    1.000017E+00    1.625542E-05 
   118   -3.818818E-01    1.000010E+00    1.000014E+00    1.347590E-05 
   119   -3.808808E-01    1.000009E+00    1.000012E+00    1.113511E-05 
   120   -3.798799E-01    1.000007E+00    1.000010E+00    9.170883E-06 
   121   -3.788789E-01    1.000006E+00    1.000008E+00    7.528513E-06 
   122   -3.778779E-01    1.000005E+00    1.000007E+00    6.160135E-06 
   123   -3.768769E-01    1.000004E+00    1.000005E+00    5.024063E-06 
   124   -3.758759E-01    1.000003E+00    1.000004E+00    4.084173E-06 
   125   -3.748749E-01    1.000003E+00    1.000004E+00    3.309309E-06 
   126   -3.738739E-01    1.000002E+00    1.000003E+00    2.672725E-06 
   127   -3.728729E-01    1.000002E+00    1.000002E+00    2.151561E-06 
   128   -3.718719E-01    1.000001E+00    1.000002E+00    1.726372E-06 
   129   -3.708709E-01    1.000001E+00    1.000002E+00    1.380683E-06 
   130   -3.698699E-01    1.000001E+00    1.000001E+00    1.100601E-06 
   131   -3.688689E-01    1.000001E+00    1.000001E+00    8.744586E-07 
   132   -3.678679E-01    1.000001E+00    1.000001E+00    6.924973E-07 
   133   -3.668669E-01    1.000000E+00    1.000001E+00    5.465907E-07 
   134   -3.658659E-01    1.000000E+00    1.000000E+00    4.299982E-07 
   135   -3.648649E-01    1.000000E+00    1.000000E+00    3.371522E-07 
   136   -3.638639E-01    1.000000E+00    1.000000E+00    2.634717E-07 
   137   -3.628629E-01    1.000000E+00    1.000000E+00    2.052030E-07 
   138   -3.618619E-01    1.000000E+00    1.000000E+00    1.592823E-07 
   139   -3.608609E-01    1.000000E+00    1.000000E+00    1.232189E-07 
   140   -3.598599E-01    1.000000E+00    1.000000E+00    9.499571E-08 
   141   -3.588589E-01    1.000000E+00    1.000000E+00    7.298565E-08 
   142   -3.578579E-01    1.000000E+00    1.000000E+00    5.588137E-08 
   143   -3.568569E-01    1.000000E+00    1.000000E+00    4.263644E-08 
   144   -3.558559E-01    1.000000E+00    1.000000E+00    3.241653E-08 
   145   -3.548549E-01    1.000000E+00    1.000000E+00    2.455897E-08 
   146   -3.538539E-01    1.000000E+00    1.000000E+00    1.853945E-08 
   147   -3.528529E-01    1.000000E+00    1.000000E+00    1.394475E-08 
   148   -3.518519E-01    1.000000E+00    1.000000E+00    1.045044E-08 
   149   -3.508509E-01    1.000000E+00    1.000000E+00    7.802782E-09 
   150   -3.498498E-01    1.000000E+00    1.000000E+00    5.804110E-09 
   151   -3.488488E-01    1.000000E+00    1.000000E+00    4.301016E-09 
   152   -3.478478E-01    1.000000E+00    1.000000E+00    3.174919E-09 
   153   -3.468468E-01    1.000000E+00    1.000000E+00    2.334509E-09 
   154   -3.458458E-01    1.000000E+00    1.000000E+00    1.709748E-09 
   155   -3.448448E-01    1.000000E+00    1.000000E+00    1.247133E-09 
   156   -3.438438E-01    1.000000E+00    1.000000E+00    9.059543E-10 
   157   -3.428428E-01    1.000000E+00    1.000000E+00    6.553552E-10 
   158   -3.418418E-01    1.000000E+00    1.000000E+00    4.720484E-10 
   159   -3.408408E-01    1.000000E+00    1.000000E+00    3.385287E-10 
   160   -3.398398E-01    1.000000E+00    1.000000E+00    2.416913E-10 
   161   -3.388388E-01    1.000000E+00    1.000000E+00    1.717647E-10 
   162   -3.378378E-01    1.000000E+00    1.000000E+00    1.214978E-10 
   163   -3.368368E-01    1.000000E+00    1.000000E+00    8.552651E-11 
   164   -3.358358E-01    1.000000E+00    1.000000E+00    5.990556E-11 
   165   -3.348348E-01    1.000000E+00    1.000000E+00    4.174410E-11 
   166   -3.338338E-01    1.000000E+00    1.000000E+00    2.893402E-11 
   167   -3.328328E-01    1.000000E+00    1.000000E+00    1.994314E-11 
   168   -3.318318E-01    1.000000E+00    1.000000E+00    1.366879E-11 
   169   -3.308308E-01    1.000000E+00    1.000000E+00    9.312892E-12 
   170   -3.298298E-01    1.000000E+00    1.000000E+00    6.305813E-12 
   171   -3.288288E-01    1.000000E+00    1.000000E+00    4.242501E-12 
   172   -3.278278E-01    1.000000E+00    1.000000E+00    2.834976E-12 
   173   -3.268268E-01    1.000000E+00    1.000000E+00    1.878790E-12 
   174   -3.258258E-01    1.000000E+00    1.000000E+00    1.234646E-12 
   175   -3.248248E-01    1.000000E+00    1.000000E+00    8.036323E-13 
   176   -3.238238E-01    1.000000E+00    1.000000E+00    5.171112E-13 
   177   -3.228228E-01    1.000000E+00    1.000000E+00    3.295096E-13 
   178   -3.218218E-01    1.000000E+00    1.000000E+00    2.085952E-13 
   179   -3.208208E-01    1.000000E+00    1.000000E+00    1.309081E-13 
   180   -3.198198E-01    1.000000E+00    1.000000E+00    8.190910E-14 
   181   -3.188188E-01    1.000000E+00    1.000000E+00    5.102724E-14 
   182   -3.178178E-01    1.000000E+00    1.000000E+00    3.093200E-14 
   183   -3.168168E-01    1.000000E+00    1.000000E+00    1.805471E-14 
   184   -3.158158E-01    1.000000E+00    1.000000E+00    9.201251E-15 
   185   -3.148148E-01    1.000000E+00    1.000000E+00    4.104744E-15 
   186   -3.138138E-01    1.000000E+00    1.000000E+00    2.225622E-15 
   187   -3.128128E-01    1.000000E+00    1.000000E+00    8.583036E-16 
   188   -3.118118E-01    1.000000E+00    1.000000E+00    5.691488E-16 
   189   -3.108108E-01    1.000000E+00    1.000000E+00    5.757915E-16 
   190   -3.098098E-01    1.000000E+00    1.000000E+00    3.348592E-16 
   191   -3.088088E-01    1.000000E+00    1.000000E+00    1.973538E-16 
   192   -3.078078E-01    1.000000E+00    1.000000E+00    1.138451E-16 
   193   -3.068068E-01    1.000000E+00    1.000000E+00   -6.814492E-18 
   194   -3.058058E-01    1.000000E+00    1.000000E+00   -3.030172E-16 
   195   -3.048048E-01    1.000000E+00    1.000000E+00   -7.574022E-16 
   196   -3.038038E-01    1.000000E+00    1.000000E+00   -3.307637E-16 
   197   -3.028028E-01    1.000000E+00    1.000000E+00   -1.292913E-16 
   198   -3.018018E-01    1.000000E+00    1.000000E+00   -1.494485E-16 
   199   -3.008008E-01    1.000000E+00    1.000000E+00    1.040559E-15 
   200   -2.997998E-01    1.000000E+00    1.000000E+00    1.886102E-15 
   201   -2.987988E-01    1.000000E+00    1.000000E+00    1.030377E-15 
   202   -2.977978E-01    1.000000E+00    1.000000E+00    6.295461E-16 
   203   -2.967968E-01    1.000000E+00    1.000000E+00    2.706386E-16 
   204   -2.957958E-01    1.000000E+00    1.000000E+00    8.838788E-18 
   205   -2.947948E-01    1.000000E+00    1.000000E+00   -9.947791E-16 
   206   -2.937938E-01    1.000000E+00    1.000000E+00   -1.319842E-16 
   207   -2.927928E-01    1.000000E+00    1.000000E+00    9.336058E-17 
   208   -2.917918E-01    1.000000E+00    1.000000E+00    9.313029E-16 
   209   -2.907908E-01    1.000000E+00    1.000000E+00    9.745331E-16 
   210   -2.897898E-01    1.000000E+00    1.000000E+00    9.946587E-16 
   211   -2.887888E-01    1.000000E+00    1.000000E+00    6.491911E-16 
   212   -2.877878E-01    1.000000E+00    1.000000E+00    6.270152E-16 
   213   -2.867868E-01    1.000000E+00    1.000000E+00    3.701396E-16 
   214   -2.857858E-01    1.000000E+00    1.000000E+00    1.835261E-16 
   215   -2.847848E-01    1.000000E+00    1.000000E+00    1.088331E-16 
   216   -2.837838E-01    1.000000E+00    1.000000E+00    2.512081E-16 
   217   -2.827828E-01    1.000000E+00    1.000000E+00    3.883560E-17 
   218   -2.817818E-01    1.000000E+00    1.000000E+00    1.035312E-16 
   219   -2.807808E-01    1.000000E+00    1.000000E+00    4.739375E-17 
   220   -2.797798E-01    1.000000E+00    1.000000E+00   -1.486635E-17 
   221   -2.787788E-01    1.000000E+00    1.000000E+00    1.172447E-16 
   222   -2.777778E-01    1.000000E+00    1.000000E+00   -3.319244E-17 
   223   -2.767768E-01    1.000000E+00    1.000000E+00   -9.204988E-17 
   224   -2.757758E-01    1.000000E+00    1.000000E+00   -8.317086E-17 
   225   -2.747748E-01    1.000000E+00    1.000000E+00   -8.690671E-17 
   226   -2.737738E-01    1.000000E+00    1.000000E+00   -4.768461E-18 
   227   -2.727728E-01    1.000000E+00    1.000000E+00   -2.076966E-16 
   228   -2.717718E-01    1.000000E+00    1.000000E+00   -2.094125E-16 
   229   -2.707708E-01    1.000000E+00    1.000000E+00   -1.345191E-16 
   230   -2.697698E-01    1.000000E+00    1.000000E+00   -1.818728E-16 
   231   -2.687688E-01    1.000000E+00    1.000000E+00    1.191238E-16 
   232   -2.677678E-01    1.000000E+00    1.000000E+00    3.623797E-17 
   233   -2.667668E-01    1.000000E+00    1.000000E+00   -4.236447E-17 
   234   -2.657658E-01    1.000000E+00    1.000000E+00   -1.567877E-16 
   235   -2.647648E-01    1.000000E+00    1.000000E+00   -2.600857E-16 
   236   -2.637638E-01    1.000000E+00    1.000000E+00   -1.004791E-16 
   237   -2.627628E-01    1.000000E+00    1.000000E+00   -4.524005E-16 
   238   -2.617618E-01    1.000000E+00    1.000000E+00   -6.302248E-16 
   239   -2.607608E-01    1.000000E+00    1.000000E+00   -7.900973E-16 
   240   -2.597598E-01    1.000000E+00    1.000000E+00   -8.247911E-16 
   241   -2.587588E-01    1.000000E+00    1.000000E+00   -2.882293E-16 
   242   -2.577578E-01    1.000000E+00    1.000000E+00    2.228671E-16 
   243   -2.567568E-01    1.000000E+00    1.000000E+00    1.179532E-15 
   244   -2.557558E-01    1.000000E+00    1.000000E+00    2.452627E-16 
   245   -2.547548E-01    1.000000E+00    1.000000E+00   -1.872020E-16 
   246   -2.537538E-01    1.000000E+00    1.000000E+00   -5.738574E-16 
   247   -2.527528E-01    1.000000E+00    1.000000E+00   -9.638567E-16 
   248   -2.517518E-01    1.000000E+00    1.000000E+00   -1.786514E-15 
   249   -2.507508E-01    1.000000E+00    1.000000E+00   -1.254988E-15 
   250   -2.497497E-01    1.000000E+00    1.000000E+00    5.938724E-16 
   251   -2.487487E-01    1.000000E+00    1.000000E+00    1.040797E-15 
   252   -2.477477E-01    1.000000E+00    1.000000E+00    7.482275E-16 
   253   -2.467467E-01    1.000000E+00    1.000000E+00    1.007796E-15 
   254   -2.457457E-01    1.000000E+00    1.000000E+00    5.210605E-16 
   255   -2.447447E-01    1.000000E+00    1.000000E+00    4.125385E-16 
   256   -2.437437E-01    1.000000E+00    1.000000E+00    3.957875E-16 
   257   -2.427427E-01    1.000000E+00    1.000000E+00    4.061251E-16 
   258   -2.417417E-01    1.000000E+00    1.000000E+00    1.555708E-16 
   259   -2.407407E-01    1.000000E+00    1.000000E+00    1.140655E-16 
   260   -2.397397E-01    1.000000E+00    1.000000E+00    3.104041E-16 
   261   -2.387387E-01    1.000000E+00    1.000000E+00    2.670001E-16 
   262   -2.377377E-01    1.000000E+00    1.000000E+00    1.993147E-16 
   263   -2.367367E-01    1.000000E+00    1.000000E+00    2.032512E-16 
   264   -2.357357E-01    1.000000E+00    1.000000E+00    2.488732E-17 
   265   -2.347347E-01    1.000000E+00    1.000000E+00    4.145986E-17 
   266   -2.337337E-01    1.000000E+00    1.000000E+00   -2.257351E-16 
   267   -2.327327E-01    1.000000E+00    1.000000E+00   -6.476637E-16 
   268   -2.317317E-01    1.000000E+00    1.000000E+00   -6.354023E-16 
   269   -2.307307E-01    1.000000E+00    1.000000E+00   -5.238637E-16 
   270   -2.297297E-01    1.000000E+00    1.000000E+00   -3.641174E-16 
   271   -2.287287E-01    1.000000E+00    1.000000E+00    3.884805E-16 
   272   -2.277277E-01    1.000000E+00    1.000000E+00    1.059432E-15 
   273   -2.267267E-01    1.000000E+00    1.000000E+00    4.693011E-16 
   274   -2.257257E-01    1.000000E+00    1.000000E+00   -8.315629E-17 
   275   -2.247247E-01    1.000000E+00    1.000000E+00   -3.538029E-16 
   276   -2.237237E-01    1.000000E+00    1.000000E+00   -6.574133E-16 
   277   -2.227227E-01    1.000000E+00    1.000000E+00   -1.403039E-15 
   278   -2.217217E-01    1.000000E+00    1.000000E+00   -7.686615E-16 
   279   -2.207207E-01    1.000000E+00    1.000000E+00    1.338513E-16 
   280   -2.197197E-01    1.000000E+00    1.000000E+00    8.990493E-16 
   281   -2.187187E-01    1.000000E+00    1.000000E+00    6.744058E-16 
   282   -2.177177E-01    1.000000E+00    1.000000E+00    7.894589E-16 
   283   -2.167167E-01    1.000000E+00    1.000000E+00    4.246312E-16 
   284   -2.157157E-01    1.000000E+00    1.000000E+00    3.805163E-16 
   285   -2.147147E-01    1.000000E+00    1.000000E+00    1.009762E-16 
   286   -2.137137E-01    1.000000E+00    1.000000E+00   -1.758867E-17 
   287   -2.127127E-01    1.000000E+00    1.000000E+00   -1.516548E-17 
   288   -2.117117E-01    1.000000E+00    1.000000E+00    1.256192E-16 
   289   -2.107107E-01    1.000000E+00    1.000000E+00   -7.155823E-17 
   290   -2.097097E-01    1.000000E+00    1.000000E+00   -1.401984E-16 
   291   -2.087087E-01    1.000000E+00    1.000000E+00   -1.259623E-16 
   292   -2.077077E-01    1.000000E+00    1.000000E+00   -2.855162E-16 
   293   -2.067067E-01    1.000000E+00    1.000000E+00   -5.209428E-16 
   294   -2.057057E-01    1.000000E+00    1.000000E+00   -9.029908E-16 
   295   -2.047047E-01    1.000000E+00    1.000000E+00   -8.608609E-16 
   296   -2.037037E-01    1.000000E+00    1.000000E+00   -8.881319E-16 
   297   -2.027027E-01    1.000000E+00    1.000000E+00    7.183715E-17 
   298   -2.017017E-01    1.000000E+00    1.000000E+00    1.021225E-15 
   299   -2.007007E-01    1.000000E+00    1.000000E+00    1.503595E-15 
   300   -1.996997E-01    1.000000E+00    1.000000E+00    8.422451E-16 
   301   -1.986987E-01    1.000000E+00    1.000000E+00    4.805191E-16 
   302   -1.976977E-01    1.000000E+00    1.000000E+00    2.546635E-18 
   303   -1.966967E-01    1.000000E+00    1.000000E+00   -2.313954E-16 
   304   -1.956957E-01    1.000000E+00    1.000000E+00   -9.317144E-16 
   305   -1.946947E-01    1.000000E+00    1.000000E+00   -5.168937E-16 
   306   -1.936937E-01    1.000000E+00    1.000000E+00    6.603906E-16 
   307   -1.926927E-01    1.000000E+00    1.000000E+00    9.120082E-16 
   308   -1.916917E-01    1.000000E+00    1.000000E+00    8.294013E-16 
   309   -1.906907E-01    1.000000E+00    1.000000E+00    8.662027E-16 
   310   -1.896897E-01    1.000000E+00    1.000000E+00    3.593278E-16 
   311   -1.886887E-01    1.000000E+00    1.000000E+00   -5.140177E-16 
   312   -1.876877E-01    1.000000E+00    1.000000E+00   -2.104173E-15 
   313   -1.866867E-01    1.000000E+00    1.000000E+00   -4.891701E-15 
   314   -1.856857E-01    1.000000E+00    1.000000E+00   -9.850957E-15 
   315   -1.846847E-01    1.000000E+00    1.000000E+00   -1.847883E-14 
   316   -1.836837E-01    1.000000E+00    1.000000E+00   -3.323850E-14 
   317   -1.826827E-01    1.000000E+00    1.000000E+00   -5.679689E-14 
   318   -1.816817E-01    1.000000E+00    1.000000E+00   -9.577427E-14 
   319   -1.806807E-01    1.000000E+00    1.000000E+00   -1.601941E-13 
   320   -1.796797E-01    1.000000E+00    1.000000E+00   -2.631356E-13 
   321   -1.786787E-01    1.000000E+00    1.000000E+00   -4.251012E-13 
   322   -1.776777E-01    1.000000E+00    1.000000E+00   -6.792956E-13 
   323   -1.766767E-01    1.000000E+00    1.000000E+00   -1.071047E-12 
   324   -1.756757E-01    1.000000E+00    1.000000E+00   -1.668667E-12 
   325   -1.746747E-01    1.000000E+00    1.000000E+00   -2.574197E-12 
   326   -1.736737E-01    1.000000E+00    1.000000E+00   -3.935306E-12 
   327   -1.726727E-01    1.000000E+00    1.000000E+00   -5.964000E-12 
   328   -1.716717E-01    1.000000E+00    1.000000E+00   -8.968329E-12 
   329   -1.706707E-01    1.000000E+00    1.000000E+00   -1.338775E-11 
   330   -1.696697E-01    1.000000E+00    1.000000E+00   -1.984524E-11 
   331   -1.686687E-01    1.000000E+00    1.000000E+00   -2.922195E-11 
   332   -1.676677E-01    1.000000E+00    1.000000E+00   -4.275466E-11 
   333   -1.666667E-01    1.000000E+00    1.000000E+00   -6.217270E-11 
   334   -1.656657E-01    1.000000E+00    1.000000E+00   -8.987850E-11 
   335   -1.646647E-01    1.000000E+00    1.000000E+00   -1.291976E-10 
   336   -1.636637E-01    1.000000E+00    1.000000E+00   -1.847052E-10 
   337   -1.626627E-01    1.000000E+00    1.000000E+00   -2.626691E-10 
   338   -1.616617E-01    1.000000E+00    1.000000E+00   -3.716315E-10 
   339   -1.606607E-01    1.000000E+00    1.000000E+00   -5.231812E-10 
   340   -1.596597E-01    1.000000E+00    1.000000E+00   -7.329645E-10 
   341   -1.586587E-01    1.000000E+00    1.000000E+00   -1.022012E-09 
   342   -1.576577E-01    1.000000E+00    1.000000E+00   -1.418461E-09 
   343   -1.566567E-01    1.000000E+00    1.000000E+00   -1.959788E-09 
   344   -1.556557E-01    1.000000E+00    1.000000E+00   -2.695691E-09 
   345   -1.546547E-01    1.000000E+00    1.000000E+00   -3.691776E-09 
   346   -1.536537E-01    1.000000E+00    1.000000E+00   -5.034284E-09 
   347   -1.526527E-01    1.000000E+00    1.000000E+00   -6.836072E-09 
   348   -1.516517E-01    1.000000E+00    1.000000E+00   -9.244202E-09 
   349   -1.506507E-01    1.000000E+00    1.000000E+00   -1.244947E-08 
   350   -1.496496E-01    1.000000E+00    1.000000E+00   -1.669835E-08 
   351   -1.486486E-01    1.000000E+00    1.000000E+00   -2.230790E-08 
   352   -1.476476E-01    1.000000E+00    1.000000E+00   -2.968417E-08 
   353   -1.466466E-01    1.000000E+00    1.000000E+00   -3.934499E-08 
   354   -1.456456E-01    1.000000E+00    1.000000E+00   -5.194793E-08 
   355   -1.446446E-01    1.000000E+00    1.000000E+00   -6.832434E-08 
   356   -1.436436E-01    1.000000E+00    1.000000E+00   -8.952076E-08 
   357   -1.426426E-01    1.000000E+00    1.000000E+00   -1.168489E-07 
   358   -1.416416E-01    1.000000E+00    1.000000E+00   -1.519457E-07 
   359   -1.406406E-01    1.000000E+00    1.000000E+00   -1.968448E-07 
   360   -1.396396E-01    1.000000E+00    1.000000E+00   -2.540616E-07 
   361   -1.386386E-01    1.000000E+00    1.000000E+00   -3.266934E-07 
   362   -1.376376E-01    1.000000E+00    1.000000E+00   -4.185367E-07 
   363   -1.366366E-01    1.000000E+00    1.000001E+00   -5.342239E-07 
   364   -1.356356E-01    1.000001E+00    1.000001E+00   -6.793803E-07 
   365   -1.346346E-01    1.000001E+00    1.000001E+00   -8.608056E-07 
   366   -1.336336E-01    1.000001E+00    1.000001E+00   -1.086679E-06 
   367   -1.326326E-01    1.000001E+00    1.000002E+00   -1.366790E-06 
   368   -1.316316E-01    1.000001E+00    1.000002E+00   -1.712800E-06 
   369   -1.306306E-01    1.000002E+00    1.000002E+00   -2.138524E-06 
   370   -1.296296E-01    1.000002E+00    1.000003E+00   -2.660246E-06 
   371   -1.286286E-01    1.000003E+00    1.000004E+00   -3.297056E-06 
   372   -1.276276E-01    1.000003E+00    1.000004E+00   -4.071208E-06 
   373   -1.266266E-01    1.000004E+00    1.000005E+00   -5.008495E-06 
   374   -1.256256E-01    1.000005E+00    1.000007E+00   -6.138634E-06 
   375   -1.246246E-01    1.000006E+00    1.000008E+00   -7.495648E-06 
   376   -1.236237E-01    1.000007E+00    1.000010E+00   -9.118238E-06 
   377   -1.226227E-01    1.000008E+00    1.000012E+00   -1.105012E-05 
   378   -1.216217E-01    1.000010E+00    1.000014E+00   -1.334033E-05 
   379   -1.206207E-01    1.000012E+00    1.000017E+00   -1.604344E-05 
   380   -1.196197E-01    1.000015E+00    1.000021E+00   -1.921965E-05 
   381   -1.186187E-01    1.000017E+00    1.000024E+00   -2.293486E-05 
   382   -1.176177E-01    1.000021E+00    1.000029E+00   -2.726042E-05 
   383   -1.166167E-01    1.000025E+00    1.000034E+00   -3.227280E-05 
   384   -1.156158E-01    1.000029E+00    1.000040E+00   -3.805299E-05 
   385   -1.146148E-01    1.000034E+00    1.000047E+00   -4.468555E-05 
   386   -1.136138E-01    1.000040E+00    1.000055E+00   -5.225743E-05 
   387   -1.126129E-01    1.000046E+00    1.000064E+00   -6.085633E-05 
   388   -1.116119E-01    1.000053E+00    1.000075E+00   -7.056869E-05 
   389   -1.106110E-01    1.000062E+00    1.000086E+00   -8.147722E-05 
   390   -1.096100E-01    1.000071E+00    1.000099E+00   -9.365796E-05 
   391   -1.086091E-01    1.000081E+00    1.000113E+00   -1.071768E-04 
   392   -1.076082E-01    1.000092E+00    1.000129E+00   -1.220856E-04 
   393   -1.066073E-01    1.000105E+00    1.000147E+00   -1.384176E-04 
   394   -1.056064E-01    1.000118E+00    1.000165E+00   -1.561826E-04 
   395   -1.046055E-01    1.000133E+00    1.000186E+00   -1.753620E-04 
   396   -1.036046E-01    1.000148E+00    1.000208E+00   -1.959025E-04 
   397   -1.026038E-01    1.000165E+00    1.000231E+00   -2.177111E-04 
   398   -1.016029E-01    1.000183E+00    1.000256E+00   -2.406484E-04 
   399   -1.006021E-01    1.000201E+00    1.000282E+00   -2.645225E-04 
   400   -9.960133E-02    1.000220E+00    1.000309E+00   -2.890836E-04 
   401   -9.860056E-02    1.000240E+00    1.000336E+00   -3.140188E-04 
   402   -9.759981E-02    1.000260E+00    1.000363E+00   -3.389517E-04 
   403   -9.659908E-02    1.000279E+00    1.000390E+00   -3.634373E-04 
   404   -9.559837E-02    1.000297E+00    1.000416E+00   -3.869427E-04 
   405   -9.459768E-02    1.000315E+00    1.000440E+00   -4.087867E-04 
   406   -9.359701E-02    1.000329E+00    1.000461E+00   -4.280883E-04 
   407   -9.259636E-02    1.000340E+00    1.000476E+00   -4.439989E-04 
   408   -9.159572E-02    1.000344E+00    1.000482E+00   -4.555854E-04 
   409   -9.059510E-02    1.000339E+00    1.000475E+00   -4.619182E-04 
   410   -8.959448E-02    1.000320E+00    1.000448E+00   -4.612106E-04 
   411   -8.859386E-02    1.000279E+00    1.000391E+00   -4.490172E-04 
   412   -8.759323E-02    1.000209E+00    1.000292E+00   -4.164721E-04 
   413   -8.659255E-02    1.000096E+00    1.000134E+00   -3.487124E-04 
   414   -8.559181E-02    9.999264E-01    9.998968E-01   -2.271093E-04 
   415   -8.459093E-02    9.996821E-01    9.995546E-01   -3.269365E-05 
   416   -8.358987E-02    9.993413E-01    9.990772E-01    2.582453E-04 
   417   -8.258852E-02    9.988788E-01    9.984295E-01    6.750198E-04 
   418   -8.158676E-02    9.982661E-01    9.975713E-01    1.253091E-03 
   419   -8.058445E-02    9.974711E-01    9.964580E-01    2.035004E-03 
   420   -7.958138E-02    9.964583E-01    9.950399E-01    3.068701E-03 
   421   -7.857732E-02    9.951895E-01    9.932639E-01    4.405851E-03 
   422   -7.757201E-02    9.936246E-01    9.910743E-01    6.098821E-03 
   423   -7.656515E-02    9.917231E-01    9.884150E-01    8.199672E-03 
   424   -7.555636E-02    9.894458E-01    9.852324E-01    1.076013E-02 
   425   -7.454522E-02    9.867567E-01    9.814774E-01    1.383402E-02 
   426   -7.353119E-02    9.836244E-01    9.771078E-01    1.747851E-02 
   427   -7.251374E-02    9.800221E-01    9.720889E-01    2.175018E-02 
   428   -7.149228E-02    9.759285E-01    9.663935E-01    2.669756E-02 
   429   -7.046625E-02    9.713267E-01    9.600018E-01    3.234962E-02 
   430   -6.943511E-02    9.662053E-01    9.529019E-01    3.870964E-02 
   431   -6.839826E-02    9.605593E-01    9.450914E-01    4.575744E-02 
   432   -6.735502E-02    9.543909E-01    9.365786E-01    5.346296E-02 
   433   -6.630463E-02    9.477107E-01    9.273838E-01    6.180464E-02 
   434   -6.524625E-02    9.405357E-01    9.175364E-01    7.077998E-02 
   435   -6.417915E-02    9.328861E-01    9.070705E-01    8.040209E-02 
   436   -6.310274E-02    9.247813E-01    8.960181E-01    9.068851E-02 
   437   -6.201652E-02    9.162343E-01    8.844031E-01    1.016776E-01 
   438   -6.092001E-02    9.072490E-01    8.722377E-01    1.133481E-01 
   439   -5.981254E-02    8.978247E-01    8.595285E-01    1.256372E-01 
   440   -5.869321E-02    8.879639E-01    8.462874E-01    1.384828E-01 
   441   -5.756089E-02    8.776826E-01    8.325446E-01    1.518622E-01 
   442   -5.641444E-02    8.670152E-01    8.183551E-01    1.658145E-01 
   443   -5.525293E-02    8.560133E-01    8.037951E-01    1.804195E-01 
   444   -5.407576E-02    8.447355E-01    7.889484E-01    1.957493E-01 
   445   -5.288250E-02    8.332369E-01    7.738917E-01    2.118009E-01 
   446   -5.167265E-02    8.215619E-01    7.586883E-01    2.285173E-01 
   447   -5.044544E-02    8.097425E-01    7.433848E-01    2.457733E-01 
   448   -4.920000E-02    7.978094E-01    7.280262E-01    2.632847E-01 
   449   -4.793537E-02    7.858076E-01    7.126744E-01    2.807718E-01 
   450   -4.665076E-02    7.738049E-01    6.974178E-01    2.980832E-01 
   451   -4.534558E-02    7.618844E-01    6.823611E-01    3.152017E-01 
   452   -4.401951E-02    7.501218E-01    6.675965E-01    3.322955E-01 
   453   -4.267236E-02    7.385561E-01    6.531679E-01    3.495722E-01 
   454   -4.130438E-02    7.271692E-01    6.390483E-01    3.670371E-01 
   455   -3.991580E-02    7.158749E-01    6.251282E-01    3.847143E-01 
   456   -3.850639E-02    7.045329E-01    6.112362E-01    4.026070E-01 
   457   -3.707483E-02    6.929938E-01    5.971935E-01    4.206941E-01 
   458   -3.561896E-02    6.811556E-01    5.828838E-01    4.390057E-01 
   459   -3.413658E-02    6.690060E-01    5.683017E-01    4.577034E-01 
   460   -3.262575E-02    6.566222E-01    5.535501E-01    4.771079E-01 
   461   -3.108524E-02    6.441379E-01    5.387951E-01    4.976040E-01 
   462   -2.951408E-02    6.316907E-01    5.242002E-01    5.192456E-01 
   463   -2.791174E-02    6.193857E-01    5.098842E-01    5.417674E-01 
   464   -2.627771E-02    6.072836E-01    4.959129E-01    5.648231E-01 
   465   -2.461136E-02    5.954188E-01    4.823233E-01    5.876538E-01 
   466   -2.291169E-02    5.838558E-01    4.691881E-01    6.093763E-01 
   467   -2.117770E-02    5.727566E-01    4.566859E-01    6.293361E-01 
   468   -1.940916E-02    5.624137E-01    4.451293E-01    6.474921E-01 
   469   -1.760715E-02    5.532214E-01    4.349271E-01    6.641608E-01 
   470   -1.577574E-02    5.455977E-01    4.265067E-01    6.791701E-01 
   471   -1.392209E-02    5.398978E-01    4.202262E-01    6.917205E-01 
   472   -1.205173E-02    5.363144E-01    4.162727E-01    7.010584E-01 
   473   -1.017038E-02    5.347146E-01    4.144868E-01    7.058675E-01 
   474   -8.292062E-03    5.345734E-01    4.142893E-01    7.039005E-01 
   475   -6.423822E-03    5.352952E-01    4.150182E-01    6.988680E-01 
   476   -4.554403E-03    5.366466E-01    4.164100E-01    6.928883E-01 
   477   -2.680537E-03    5.385640E-01    4.184074E-01    6.873405E-01 
   478   -8.263266E-04    5.407082E-01    4.206724E-01    6.836541E-01 
   479    1.011125E-03    5.426300E-01    4.227120E-01    6.816621E-01 
   480    2.853063E-03    5.441670E-01    4.243131E-01    6.801816E-01 
   481    4.700307E-03    5.453372E-01    4.254798E-01    6.788469E-01 
   482    6.525007E-03    5.460979E-01    4.261928E-01    6.780654E-01 
   483    8.348000E-03    5.465094E-01    4.265251E-01    6.773496E-01 
   484    1.019124E-02    5.467901E-01    4.267050E-01    6.764413E-01 
   485    1.202584E-02    5.470969E-01    4.269052E-01    6.757581E-01 
   486    1.384170E-02    5.474506E-01    4.271659E-01    6.754709E-01 
   487    1.567141E-02    5.479219E-01    4.275264E-01    6.750305E-01 
   488    1.751401E-02    5.485308E-01    4.279111E-01    6.751776E-01 
   489    1.933212E-02    5.490592E-01    4.279986E-01    6.754678E-01 
   490    2.113044E-02    5.494624E-01    4.276849E-01    6.749035E-01 
   491    2.297468E-02    5.498523E-01    4.271162E-01    6.735552E-01 
   492    2.481321E-02    5.496957E-01    4.259887E-01    6.742582E-01 
   493    2.659259E-02    5.483826E-01    4.240043E-01    6.744002E-01 
   494    2.839814E-02    5.451016E-01    4.214997E-01    6.721891E-01 
   495    3.028929E-02    5.391659E-01    4.210533E-01    6.732756E-01 
   496    3.216791E-02    5.302219E-01    4.237200E-01    6.758565E-01 
   497    3.387312E-02    5.203768E-01    4.287857E-01    6.729899E-01 
   498    3.608004E-02    5.080262E-01    4.336913E-01    6.730274E-01 
   499    3.831012E-02    4.956941E-01    4.485235E-01    6.778733E-01 
   500    3.788403E-02    4.980184E-01    3.463902E-01    6.555102E-01 
   501    3.942554E-02    4.888196E-01    3.695132E-01    6.695500E-01 
   502    4.038424E-02    4.830016E-01    3.935902E-01    6.715652E-01 
   503    4.098907E-02    4.793051E-01    4.155544E-01    6.710371E-01 
   504    4.135445E-02    4.772176E-01    4.323440E-01    6.675922E-01 
   505    4.193248E-02    4.741118E-01    4.409149E-01    6.692449E-01 
   506    4.261534E-02    4.705312E-01    4.433667E-01    6.754343E-01 
   507    4.304229E-02    4.684087E-01    4.433512E-01    6.751435E-01 
   508    4.327842E-02    4.673244E-01    4.422601E-01    6.726111E-01 
   509    4.366857E-02    4.657248E-01    4.401482E-01    6.688970E-01 
   510    4.431083E-02    4.634256E-01    4.374975E-01    6.712731E-01 
   511    4.498512E-02    4.613975E-01    4.351847E-01    6.728100E-01 
   512    4.566043E-02    4.597696E-01    4.332693E-01    6.735610E-01 
   513    4.632790E-02    4.585375E-01    4.317552E-01    6.746841E-01 
   514    4.686083E-02    4.577772E-01    4.306557E-01    6.750176E-01 
   515    4.734135E-02    4.572367E-01    4.297539E-01    6.752167E-01 
   516    4.782002E-02    4.568093E-01    4.289851E-01    6.748788E-01 
   517    4.834559E-02    4.564663E-01    4.283795E-01    6.741920E-01 
   518    4.885637E-02    4.562292E-01    4.279036E-01    6.737244E-01 
   519    4.938239E-02    4.560504E-01    4.275037E-01    6.734320E-01 
   520    4.993789E-02    4.559000E-01    4.271419E-01    6.732914E-01 
   521    5.052520E-02    4.557670E-01    4.268193E-01    6.730953E-01 
   522    5.112793E-02    4.556352E-01    4.265041E-01    6.729684E-01 
   523    5.170429E-02    4.555079E-01    4.262049E-01    6.723760E-01 
   524    5.224681E-02    4.554136E-01    4.259494E-01    6.711838E-01 
   525    5.278365E-02    4.553590E-01    4.257516E-01    6.699566E-01 
   526    5.333107E-02    4.553247E-01    4.255788E-01    6.693381E-01 
   527    5.386717E-02    4.552972E-01    4.254162E-01    6.686831E-01 
   528    5.439477E-02    4.552877E-01    4.252745E-01    6.678708E-01 
   529    5.492720E-02    4.553019E-01    4.251696E-01    6.672203E-01 
   530    5.547162E-02    4.553414E-01    4.251065E-01    6.671030E-01 
   531    5.602865E-02    4.554086E-01    4.250913E-01    6.675819E-01 
   532    5.659494E-02    4.555074E-01    4.251290E-01    6.684503E-01 
   533    5.716341E-02    4.556387E-01    4.252175E-01    6.694309E-01 
   534    5.772690E-02    4.557980E-01    4.253471E-01    6.703050E-01 
   535    5.828134E-02    4.559740E-01    4.255000E-01    6.709626E-01 
   536    5.882719E-02    4.561548E-01    4.256588E-01    6.713480E-01 
   537    5.936627E-02    4.563298E-01    4.258109E-01    6.715139E-01 
   538    5.990245E-02    4.564889E-01    4.259417E-01    6.716047E-01 
   539    6.043970E-02    4.566195E-01    4.260397E-01    6.717144E-01 
   540    6.098116E-02    4.567061E-01    4.260820E-01    6.718763E-01 
   541    6.152831E-02    4.567315E-01    4.260529E-01    6.720827E-01 
   542    6.208033E-02    4.566792E-01    4.259238E-01    6.722628E-01 
   543    6.263438E-02    4.565389E-01    4.256888E-01    6.723152E-01 
   544    6.318695E-02    4.563103E-01    4.253365E-01    6.721439E-01 
   545    6.373698E-02    4.560006E-01    4.248860E-01    6.716990E-01 
   546    6.428402E-02    4.556219E-01    4.243401E-01    6.709581E-01 
   547    6.482931E-02    4.551888E-01    4.237306E-01    6.698986E-01 
   548    6.537362E-02    4.547200E-01    4.230691E-01    6.685258E-01 
   549    6.591927E-02    4.542356E-01    4.223946E-01    6.668671E-01 
   550    6.646725E-02    4.537591E-01    4.217273E-01    6.649754E-01 
   551    6.701862E-02    4.533161E-01    4.211111E-01    6.628948E-01 
   552    6.757319E-02    4.529347E-01    4.205746E-01    6.606612E-01 
   553    6.813065E-02    4.526426E-01    4.201597E-01    6.583739E-01 
   554    6.868920E-02    4.524649E-01    4.198946E-01    6.562382E-01 
   555    6.924826E-02    4.524193E-01    4.198030E-01    6.545972E-01 
   556    6.980678E-02    4.525144E-01    4.198970E-01    6.537400E-01 
   557    7.036420E-02    4.527476E-01    4.201684E-01    6.538859E-01 
   558    7.092019E-02    4.531041E-01    4.206050E-01    6.550375E-01 
   559    7.147447E-02    4.535567E-01    4.211618E-01    6.570902E-01 
   560    7.202731E-02    4.540672E-01    4.218011E-01    6.598220E-01 
   561    7.257822E-02    4.545859E-01    4.224453E-01    6.629270E-01 
   562    7.312772E-02    4.550553E-01    4.230339E-01    6.661696E-01 
   563    7.367522E-02    4.554108E-01    4.234682E-01    6.692178E-01 
   564    7.422145E-02    4.555848E-01    4.236730E-01    6.719066E-01 
   565    7.476604E-02    4.555070E-01    4.235427E-01    6.740475E-01 
   566    7.530976E-02    4.551072E-01    4.229950E-01    6.756046E-01 
   567    7.585262E-02    4.543168E-01    4.219293E-01    6.764447E-01 
   568    7.639541E-02    4.530701E-01    4.202659E-01    6.764171E-01 
   569    7.693853E-02    4.513065E-01    4.179198E-01    6.754973E-01 
   570    7.748287E-02    4.489684E-01    4.148168E-01    6.735886E-01 
   571    7.802922E-02    4.460042E-01    4.108939E-01    6.703208E-01 
   572    7.857857E-02    4.423706E-01    4.060924E-01    6.654492E-01 
   573    7.913233E-02    4.380278E-01    4.003730E-01    6.586447E-01 
   574    7.969169E-02    4.329461E-01    3.936983E-01    6.495282E-01 
   575    8.025856E-02    4.271034E-01    3.860628E-01    6.379405E-01 
   576    8.083442E-02    4.204911E-01    3.774574E-01    6.234250E-01 
   577    8.142154E-02    4.131045E-01    3.679129E-01    6.056898E-01 
   578    8.202168E-02    4.049637E-01    3.574640E-01    5.850797E-01 
   579    8.263740E-02    3.960957E-01    3.461871E-01    5.612653E-01 
   580    8.327030E-02    3.865667E-01    3.341886E-01    5.336672E-01 
   581    8.392316E-02    3.764516E-01    3.215990E-01    5.022239E-01 
   582    8.459795E-02    3.658586E-01    3.085790E-01    4.676189E-01 
   583    8.529705E-02    3.549197E-01    2.953252E-01    4.303154E-01 
   584    8.602183E-02    3.438118E-01    2.820705E-01    3.901646E-01 
   585    8.677379E-02    3.327268E-01    2.690561E-01    3.476804E-01 
   586    8.755404E-02    3.218687E-01    2.565233E-01    3.042796E-01 
   587    8.836285E-02    3.114505E-01    2.447064E-01    2.611352E-01 
   588    8.919976E-02    3.016751E-01    2.338112E-01    2.192686E-01 
   589    9.006346E-02    2.927153E-01    2.239933E-01    1.798187E-01 
   590    9.095222E-02    2.846998E-01    2.153534E-01    1.442156E-01 
   591    9.186341E-02    2.777078E-01    2.079283E-01    1.131954E-01 
   592    9.279405E-02    2.717587E-01    2.016939E-01    8.713141E-02 
   593    9.374099E-02    2.668168E-01    1.965727E-01    6.582990E-02 
   594    9.470118E-02    2.628046E-01    1.924525E-01    4.892259E-02 
   595    9.567189E-02    2.596153E-01    1.892013E-01    3.589550E-02 
   596    9.665070E-02    2.571304E-01    1.866813E-01    2.601476E-02 
   597    9.763563E-02    2.552276E-01    1.847587E-01    1.863854E-02 
   598    9.862514E-02    2.537929E-01    1.833129E-01    1.322411E-02 
   599    9.961799E-02    2.527265E-01    1.822399E-01    9.304345E-03 
   600    1.006133E-01    2.519436E-01    1.814528E-01    6.498839E-03 
   601    1.016103E-01    2.513749E-01    1.808815E-01    4.510009E-03 
   602    1.026085E-01    2.509659E-01    1.804705E-01    3.111553E-03 
   603    1.036076E-01    2.506742E-01    1.801774E-01    2.135106E-03 
   604    1.046073E-01    2.504677E-01    1.799700E-01    1.457630E-03 
   605    1.056074E-01    2.503227E-01    1.798243E-01    9.903158E-04 
   606    1.066078E-01    2.502214E-01    1.797225E-01    6.696736E-04 
   607    1.076084E-01    2.501512E-01    1.796520E-01    4.507564E-04 
   608    1.086091E-01    2.501027E-01    1.796032E-01    3.019996E-04 
   609    1.096100E-01    2.500695E-01    1.795698E-01    2.013848E-04 
   610    1.106108E-01    2.500468E-01    1.795470E-01    1.336441E-04 
   611    1.116118E-01    2.500313E-01    1.795315E-01    8.824699E-05 
   612    1.126127E-01    2.500209E-01    1.795210E-01    5.796652E-05 
   613    1.136137E-01    2.500139E-01    1.795139E-01    3.786671E-05 
   614    1.146147E-01    2.500091E-01    1.795092E-01    2.459176E-05 
   615    1.156156E-01    2.500060E-01    1.795060E-01    1.587058E-05 
   616    1.166166E-01    2.500039E-01    1.795039E-01    1.017307E-05 
   617    1.176176E-01    2.500025E-01    1.795026E-01    6.473061E-06 
   618    1.186186E-01    2.500016E-01    1.795017E-01    4.085613E-06 
   619    1.196196E-01    2.500011E-01    1.795011E-01    2.555772E-06 
   620    1.206206E-01    2.500007E-01    1.795007E-01    1.582861E-06 
   621    1.216216E-01    2.500004E-01    1.795004E-01    9.692925E-07 
   622    1.226226E-01    2.500003E-01    1.795003E-01    5.859172E-07 
   623    1.236236E-01    2.500002E-01    1.795002E-01    3.488540E-07 
   624    1.246246E-01    2.500001E-01    1.795001E-01    2.040060E-07 
   625    1.256256E-01    2.500001E-01    1.795001E-01    1.166829E-07 
   626    1.266266E-01    2.500000E-01    1.795000E-01    6.489852E-08 
   627    1.276276E-01    2.500000E-01    1.795000E-01    3.480356E-08 
   628    1.286286E-01    2.500000E-01    1.795000E-01    1.773526E-08 
   629    1.296296E-01    2.500000E-01    1.795000E-01    8.354557E-09 
   630    1.306306E-01    2.500000E-01    1.795000E-01    3.359474E-09 
   631    1.316316E-01    2.500000E-01    1.795000E-01    8.495870E-10 
   632    1.326326E-01    2.500000E-01    1.795000E-01   -2.304153E-10 
   633    1.336336E-01    2.500000E-01    1.795000E-01   -5.593719E-10 
   634    1.346346E-01    2.500000E-01    1.795000E-01   -5.542682E-10 
   635    1.356356E-01    2.500000E-01    1.795000E-01   -4.317442E-10 
   636    1.366366E-01    2.500000E-01    1.795000E-01   -2.953510E-10 
   637    1.376376E-01    2.500000E-01    1.795000E-01   -1.837373E-10 
   638    1.386386E-01    2.500000E-01    1.795000E-01   -1.047015E-10 
   639    1.396396E-01    2.500000E-01    1.795000E-01   -5.434410E-11 
   640    1.406406E-01    2.500000E-01    1.795000E-01   -2.473158E-11 
   641    1.416416E-01    2.500000E-01    1.795000E-01   -8.787075E-12 
   642    1.426426E-01    2.500000E-01    1.795000E-01   -1.071995E-12 
   643    1.436436E-01    2.500000E-01    1.795000E-01    2.222296E-12 
   644    1.446446E-01    2.500000E-01    1.795000E-01    3.303842E-12 
   645    1.456456E-01    2.500000E-01    1.795000E-01    3.327187E-12 
   646    1.466466E-01    2.500000E-01    1.795000E-01    2.907958E-12 
   647    1.476476E-01    2.500000E-01    1.795000E-01    2.354901E-12 
   648    1.486486E-01    2.500000E-01    1.795000E-01    1.811521E-12 
   649    1.496496E-01    2.500000E-01    1.795000E-01    1.341169E-12 
   650    1.506507E-01    2.500000E-01    1.795000E-01    9.632061E-13 
   651    1.516517E-01    2.500000E-01    1.795000E-01    6.753941E-13 
   652    1.526527E-01    2.500000E-01    1.795000E-01    4.631458E-13 
   653    1.536537E-01    2.500000E-01    1.795000E-01    3.118263E-13 
   654    1.546547E-01    2.500000E-01    1.795000E-01    2.060124E-13 
   655    1.556557E-01    2.500000E-01    1.795000E-01    1.340030E-13 
   656    1.566567E-01    2.500000E-01    1.795000E-01    8.542525E-14 
   657    1.576577E-01    2.500000E-01    1.795000E-01    5.393347E-14 
   658    1.586587E-01    2.500000E-01    1.795000E-01    3.348752E-14 
   659    1.596597E-01    2.500000E-01    1.795000E-01    2.053716E-14 
   660    1.606607E-01    2.500000E-01    1.795000E-01    1.225154E-14 
   661    1.616617E-01    2.500000E-01    1.795000E-01    7.267864E-15 
   662    1.626627E-01    2.500000E-01    1.795000E-01    4.073870E-15 
   663    1.636637E-01    2.500000E-01    1.795000E-01    2.359496E-15 
   664    1.646647E-01    2.500000E-01    1.795000E-01    1.216079E-15 
   665    1.656657E-01    2.500000E-01    1.795000E-01    4.118460E-16 
   666    1.666667E-01    2.500000E-01    1.795000E-01   -9.306515E-17 
   667    1.676677E-01    2.500000E-01    1.795000E-01   -8.669297E-16 
   668    1.686687E-01    2.500000E-01    1.795000E-01   -9.620853E-16 
   669    1.696697E-01    2.500000E-01    1.795000E-01   -1.396252E-15 
   670    1.706707E-01    2.500000E-01    1.795000E-01   -1.114945E-15 
   671    1.716717E-01    2.500000E-01    1.795000E-01    7.227888E-16 
   672    1.726727E-01    2.500000E-01    1.795000E-01    2.407478E-15 
   673    1.736737E-01    2.500000E-01    1.795000E-01    9.249101E-16 
   674    1.746747E-01    2.500000E-01    1.795000E-01    2.033133E-16 
   675    1.756757E-01    2.500000E-01    1.795000E-01   -2.349334E-16 
   676    1.766767E-01    2.500000E-01    1.795000E-01   -8.811220E-16 
   677    1.776777E-01    2.500000E-01    1.795000E-01   -2.435337E-15 
   678    1.786787E-01    2.500000E-01    1.795000E-01   -7.156119E-16 
   679    1.796797E-01    2.500000E-01    1.795000E-01    7.264169E-16 
   680    1.806807E-01    2.500000E-01    1.795000E-01    1.001092E-15 
   681    1.816817E-01    2.500000E-01    1.795000E-01    3.444549E-16 
   682    1.826827E-01    2.500000E-01    1.795000E-01    4.253768E-16 
   683    1.836837E-01    2.500000E-01    1.795000E-01   -5.189075E-16 
   684    1.846847E-01    2.500000E-01    1.795000E-01   -9.259357E-16 
   685    1.856857E-01    2.500000E-01    1.795000E-01   -1.044437E-15 
   686    1.866867E-01    2.500000E-01    1.795000E-01   -1.172887E-15 
   687    1.876877E-01    2.500000E-01    1.795000E-01   -9.199252E-16 
   688    1.886887E-01    2.500000E-01    1.795000E-01   -9.587705E-16 
   689    1.896897E-01    2.500000E-01    1.795000E-01   -6.704267E-16 
   690    1.906907E-01    2.500000E-01    1.795000E-01   -7.919812E-16 
   691    1.916917E-01    2.500000E-01    1.795000E-01   -5.888667E-16 
   692    1.926927E-01    2.500000E-01    1.795000E-01   -6.690100E-16 
   693    1.936937E-01    2.500000E-01    1.795000E-01   -9.577487E-16 
   694    1.946947E-01    2.500000E-01    1.795000E-01   -8.057821E-16 
   695    1.956957E-01    2.500000E-01    1.795000E-01   -7.875082E-16 
   696    1.966967E-01    2.500000E-01    1.795000E-01   -9.080380E-16 
   697    1.976977E-01    2.500000E-01    1.795000E-01   -4.591282E-16 
   698    1.986987E-01    2.500000E-01    1.795000E-01   -9.217712E-16 
   699    1.996997E-01    2.500000E-01    1.795000E-01    3.408365E-17 
   700    2.007007E-01    2.500000E-01    1.795000E-01   -4.316676E-16 
   701    2.017017E-01    2.500000E-01    1.795000E-01   -5.476976E-16 
   702    2.027027E-01    2.500000E-01    1.795000E-01    1.437857E-17 
   703    2.037037E-01    2.500000E-01    1.795000E-01   -4.533041E-16 
   704    2.047047E-01    2.500000E-01    1.795000E-01    3.958426E-17 
   705    2.057057E-01    2.500000E-01    1.795000E-01   -4.181448E-16 
   706    2.067067E-01    2.500000E-01    1.795000E-01   -5.476727E-16 
   707    2.077077E-01    2.500000E-01    1.795000E-01    1.003782E-16 
   708    2.087087E-01    2.500000E-01    1.795000E-01   -4.555535E-16 
   709    2.097097E-01    2.500000E-01    1.795000E-01    4.581722E-16 
   710    2.107107E-01    2.500000E-01    1.795000E-01   -2.742244E-17 
   711    2.117117E-01    2.500000E-01    1.795000E-01   -8.938127E-17 
   712    2.127127E-01    2.500000E-01    1.795000E-01    1.027350E-15 
   713    2.137137E-01    2.500000E-01    1.795000E-01    5.375720E-16 
   714    2.147147E-01    2.500000E-01    1.795000E-01    9.842630E-16 
   715    2.157157E-01    2.500000E-01    1.795000E-01    5.966337E-16 
   716    2.167167E-01    2.500000E-01    1.795000E-01    8.333271E-16 
   717    2.177177E-01    2.500000E-01    1.795000E-01    5.408668E-16 
   718    2.187187E-01    2.500000E-01    1.795000E-01    2.782108E-16 
   719    2.197197E-01    2.500000E-01    1.795000E-01    4.145713E-16 
   720    2.207207E-01    2.500000E-01    1.795000E-01    3.261186E-16 
   721    2.217217E-01    2.500000E-01    1.795000E-01    5.969389E-16 
   722    2.227227E-01    2.500000E-01    1.795000E-01    8.722184E-16 
   723    2.237237E-01    2.500000E-01    1.795000E-01    7.622665E-16 
   724    2.247247E-01    2.500000E-01    1.795000E-01    5.055917E-16 
   725    2.257257E-01    2.500000E-01    1.795000E-01    8.710791E-17 
   726    2.267267E-01    2.500000E-01    1.795000E-01   -7.047737E-16 
   727    2.277277E-01    2.500000E-01    1.795000E-01   -8.363866E-16 
   728    2.287287E-01    2.500000E-01    1.795000E-01   -1.342199E-15 
   729    2.297297E-01    2.500000E-01    1.795000E-01   -1.060893E-15 
   730    2.307307E-01    2.500000E-01    1.795000E-01    7.227888E-16 
   731    2.317317E-01    2.500000E-01    1.795000E-01    2.407478E-15 
   732    2.327327E-01    2.500000E-01    1.795000E-01    9.249101E-16 
   733    2.337337E-01    2.500000E-01    1.795000E-01    2.033133E-16 
   734    2.347347E-01    2.500000E-01    1.795000E-01   -2.349334E-16 
   735    2.357357E-01    2.500000E-01    1.795000E-01   -8.811220E-16 
   736    2.367367E-01    2.500000E-01    1.795000E-01   -2.435337E-15 
   737    2.377377E-01    2.500000E-01    1.795000E-01   -7.156119E-16 
   738    2.387387E-01    2.500000E-01    1.795000E-01    7.264169E-16 
   739    2.397397E-01    2.500000E-01    1.795000E-01    1.001092E-15 
   740    2.407407E-01    2.500000E-01    1.795000E-01    3.444549E-16 
   741    2.417417E-01    2.500000E-01    1.795000E-01    4.253768E-16 
   742    2.427427E-01    2.500000E-01    1.795000E-01   -5.189075E-16 
   743    2.437437E-01    2.500000E-01    1.795000E-01   -9.259357E-16 
   744    2.447447E-01    2.500000E-01    1.795000E-01   -1.044437E-15 
   745    2.457457E-01    2.500000E-01    1.795000E-01   -1.172887E-15 
   746    2.467467E-01    2.500000E-01    1.795000E-01   -9.199252E-16 
   747    2.477477E-01    2.500000E-01    1.795000E-01   -9.587705E-16 
   748    2.487487E-01    2.500000E-01    1.795000E-01   -6.704267E-16 
   749    2.497497E-01    2.500000E-01    1.795000E-01   -7.919812E-16 
   750    2.507508E-01    2.500000E-01    1.795000E-01   -5.888667E-16 
   751    2.517518E-01    2.500000E-01    1.795000E-01   -6.690100E-16 
   752    2.527528E-01    2.500000E-01    1.795000E-01   -9.577487E-16 
   753    2.537538E-01    2.500000E-01    1.795000E-01   -8.057821E-16 
   754    2.547548E-01    2.500000E-01    1.795000E-01   -7.875082E-16 
   755    2.557558E-01    2.500000E-01    1.795000E-01   -9.080380E-16 
   756    2.567568E-01    2.500000E-01    1.795000E-01   -4.602542E-16 
   757    2.577578E-01    2.500000E-01    1.795000E-01   -9.217712E-16 
   758    2.587588E-01    2.500000E-01    1.795000E-01    7.011833E-17 
   759    2.597598E-01    2.500000E-01    1.795000E-01   -4.406759E-16 
   760    2.607608E-01    2.500000E-01    1.795000E-01   -5.116623E-16 
   761    2.617618E-01    2.500000E-01    1.795000E-01   -6.823202E-19 
   762    2.627628E-01    2.500000E-01    1.795000E-01   -4.533036E-16 
   763    2.637638E-01    2.500000E-01    1.795000E-01    3.634755E-17 
   764    2.647648E-01    2.500000E-01    1.795000E-01   -4.541777E-16 
   765    2.657658E-01    2.500000E-01    1.795000E-01   -5.476727E-16 
   766    2.667668E-01    2.500000E-01    1.795000E-01   -6.823202E-19 
   767    2.677678E-01    2.500000E-01    1.795000E-01   -4.532970E-16 
   768    2.687688E-01    2.500000E-01    1.795000E-01    3.634732E-17 
   769    2.697698E-01    2.500000E-01    1.795000E-01   -4.631867E-16 
   770    2.707708E-01    2.500000E-01    1.795000E-01   -5.476711E-16 
   771    2.717718E-01    2.500000E-01    1.795000E-01    1.437857E-17 
   772    2.727728E-01    2.500000E-01    1.795000E-01   -4.532975E-16 
   773    2.737738E-01    2.500000E-01    1.795000E-01    3.958426E-17 
   774    2.747748E-01    2.500000E-01    1.795000E-01   -4.181448E-16 
   775    2.757758E-01    2.500000E-01    1.795000E-01   -5.476711E-16 
   776    2.767768E-01    2.500000E-01    1.795000E-01    1.003782E-16 
   777    2.777778E-01    2.500000E-01    1.795000E-01   -4.555535E-16 
   778    2.787788E-01    2.500000E-01    1.795000E-01    4.581722E-16 
   779    2.797798E-01    2.500000E-01    1.795000E-01   -2.742244E-17 
   780    2.807808E-01    2.500000E-01    1.795000E-01   -8.938127E-17 
   781    2.817818E-01    2.500000E-01    1.795000E-01    1.027350E-15 
   782    2.827828E-01    2.500000E-01    1.795000E-01    5.375720E-16 
   783    2.837838E-01    2.500000E-01    1.795000E-01    9.842630E-16 
   784    2.847848E-01    2.500000E-01    1.795000E-01    5.966337E-16 
   785    2.857858E-01    2.500000E-01    1.795000E-01    8.333271E-16 
   786    2.867868E-01    2.500000E-01    1.795000E-01    5.408668E-16 
   787    2.877878E-01    2.500000E-01    1.795000E-01    2.782108E-16 
   788    2.887888E-01    2.500000E-01    1.795000E-01    4.145713E-16 
   789    2.897898E-01    2.500000E-01    1.795000E-01    3.261186E-16 
   790    2.907908E-01    2.500000E-01    1.795000E-01    5.969389E-16 
   791    2.917918E-01    2.500000E-01    1.795000E-01    8.722184E-16 
   792    2.927928E-01    2.500000E-01    1.795000E-01    7.622665E-16 
   793    2.937938E-01    2.500000E-01    1.795000E-01    5.055917E-16 
   794    2.947948E-01    2.500000E-01    1.795000E-01    8.710791E-17 
   795    2.957958E-01    2.500000E-01    1.795000E-01   -7.047737E-16 
   796    2.967968E-01    2.500000E-01    1.795000E-01   -8.363866E-16 
   797    2.977978E-01    2.500000E-01    1.795000E-01   -1.342199E-15 
   798    2.987988E-01    2.500000E-01    1.795000E-01   -1.060893E-15 
   799    2.997998E-01    2.500000E-01    1.795000E-01    7.227888E-16 
   800    3.008008E-01    2.500000E-01    1.795000E-01    2.407478E-15 
   801    3.018018E-01    2.500000E-01    1.795000E-01    9.249101E-16 
   802    3.028028E-01    2.500000E-01    1.795000E-01    2.033133E-16 
   803    3.038038E-01    2.500000E-01    1.795000E-01   -2.349334E-16 
   804    3.048048E-01    2.500000E-01    1.795000E-01   -8.811220E-16 
   805    3.058058E-01    2.500000E-01    1.795000E-01   -2.435337E-15 
   806    3.068068E-01    2.500000E-01    1.795000E-01   -7.156119E-16 
   807    3.078078E-01    2.500000E-01    1.795000E-01    7.264169E-16 
   808    3.088088E-01    2.500000E-01    1.795000E-01    1.001092E-15 
   809    3.098098E-01    2.500000E-01    1.795000E-01    3.444549E-16 
   810    3.108108E-01    2.500000E-01    1.795000E-01    4.253768E-16 
   811    3.118118E-01    2.500000E-01    1.795000E-01   -5.189075E-16 
   812    3.128128E-01    2.500000E-01    1.795000E-01   -9.259357E-16 
   813    3.138138E-01    2.500000E-01    1.795000E-01   -1.044437E-15 
   814    3.148148E-01    2.500000E-01    1.795000E-01   -1.172887E-15 
   815    3.158158E-01    2.500000E-01    1.795000E-01   -9.199252E-16 
   816    3.168168E-01    2.500000E-01    1.795000E-01   -9.587705E-16 
   817    3.178178E-01    2.500000E-01    1.795000E-01   -6.704267E-16 
   818    3.188188E-01    2.500000E-01    1.795000E-01   -7.919812E-16 
   819    3.198198E-01    2.500000E-01    1.795000E-01   -5.888667E-16 
   820    3.208208E-01    2.500000E-01    1.795000E-01   -6.690100E-16 
   821    3.218218E-01    2.500000E-01    1.795000E-01   -9.577487E-16 
   822    3.228228E-01    2.500000E-01    1.795000E-01   -8.057821E-16 
   823    3.238238E-01    2.500000E-01    1.795000E-01   -7.875082E-16 
   824    3.248248E-01    2.500000E-01    1.795000E-01   -9.080380E-16 
   825    3.258258E-01    2.500000E-01    1.795000E-01   -4.591282E-16 
   826    3.268268E-01    2.500000E-01    1.795000E-01   -9.217712E-16 
   827    3.278278E-01    2.500000E-01    1.795000E-01    3.408365E-17 
   828    3.288288E-01    2.500000E-01    1.795000E-01   -4.316676E-16 
   829    3.298298E-01    2.500000E-01    1.795000E-01   -5.472753E-16 
   830    3.308308E-01    2.500000E-01    1.795000E-01    1.437857E-17 
   831    3.318318E-01    2.500000E-01    1.795000E-01   -4.499258E-16 
   832    3.328328E-01    2.500000E-01    1.795000E-01    4.634077E-17 
   833    3.338338E-01    2.500000E-01    1.795000E-01   -3.950601E-16 
   834    3.348348E-01    2.500000E-01    1.795000E-01   -5.161423E-16 
   835    3.358358E-01    2.500000E-01    1.795000E-01    1.335977E-16 
   836    3.368368E-01    2.500000E-01    1.795000E-01   -4.251493E-16 
   837    3.378378E-01    2.500000E-01    1.795000E-01    5.268633E-16 
   838    3.388388E-01    2.500000E-01    1.795000E-01    1.479652E-16 
   839    3.398398E-01    2.500000E-01    1.795000E-01    4.448179E-17 
   840    3.408408E-01    2.500000E-01    1.795000E-01    1.263968E-15 
   841    3.418418E-01    2.500000E-01    1.795000E-01    1.039946E-15 
   842    3.428428E-01    2.500000E-01    1.795000E-01    1.796873E-15 
   843    3.438438E-01    2.500000E-01    1.795000E-01    2.247332E-15 
   844    3.448448E-01    2.500000E-01    1.795000E-01    3.366032E-15 
   845    3.458458E-01    2.500000E-01    1.795000E-01    4.599696E-15 
   846    3.468468E-01    2.500000E-01    1.795000E-01    6.882406E-15 
   847    3.478478E-01    2.500000E-01    1.795000E-01    9.108765E-15 
   848    3.488488E-01    2.500000E-01    1.795000E-01    8.017362E-15 
   849    3.498498E-01    2.500000E-01    1.795000E-01   -1.236005E-15 
   850    3.508509E-01    2.500000E-01    1.795000E-01   -2.967834E-14 
   851    3.518519E-01    2.500000E-01    1.795000E-01   -9.792506E-14 
   852    3.528529E-01    2.500000E-01    1.795000E-01   -2.301376E-13 
   853    3.538539E-01    2.500000E-01    1.795000E-01   -4.743205E-13 
   854    3.548549E-01    2.500000E-01    1.795000E-01   -9.099953E-13 
   855    3.558559E-01    2.500000E-01    1.795000E-01   -1.663951E-12 
   856    3.568569E-01    2.500000E-01    1.795000E-01   -2.931469E-12 
   857    3.578579E-01    2.500000E-01    1.795000E-01   -5.024286E-12 
   858    3.588589E-01    2.500000E-01    1.795000E-01   -8.421154E-12 
   859    3.598599E-01    2.500000E-01    1.795000E-01   -1.385686E-11 
   860    3.608609E-01    2.500000E-01    1.795000E-01   -2.244214E-11 
   861    3.618619E-01    2.500000E-01    1.795000E-01   -3.584619E-11 
   862    3.628629E-01    2.500000E-01    1.795000E-01   -5.654629E-11 
   863    3.638639E-01    2.500000E-01    1.795000E-01   -8.819761E-11 
   864    3.648649E-01    2.500000E-01    1.795000E-01   -1.361531E-10 
   865    3.658659E-01    2.500000E-01    1.795000E-01   -2.081861E-10 
   866    3.668669E-01    2.500000E-01    1.795000E-01   -3.155094E-10 
   867    3.678679E-01    2.500000E-01    1.795000E-01   -4.741914E-10 
   868    3.688689E-01    2.500000E-01    1.795000E-01   -7.070978E-10 
   869    3.698699E-01    2.500000E-01    1.795000E-01   -1.046561E-09 
   870    3.708709E-01    2.500000E-01    1.795000E-01   -1.538019E-09 
   871    3.718719E-01    2.500000E-01    1.795000E-01   -2.244930E-09 
   872    3.728729E-01    2.500000E-01    1.795000E-01   -3.255395E-09 
   873    3.738739E-01    2.500000E-01    1.795000E-01   -4.691005E-09 
   874    3.748749E-01    2.500000E-01    1.795000E-01   -6.718602E-09 
   875    3.758759E-01    2.500000E-01    1.795000E-01   -9.565819E-09 
   876    3.768769E-01    2.500000E-01    1.795000E-01   -1.354148E-08 
   877    3.778779E-01    2.500000E-01    1.795000E-01   -1.906223E-08 
   878    3.788789E-01    2.500000E-01    1.795000E-01   -2.668708E-08 
   879    3.798799E-01    2.500000E-01    1.795000E-01   -3.716193E-08 
   880    3.808809E-01    2.500000E-01    1.795000E-01   -5.147664E-08 
   881    3.818819E-01    2.500000E-01    1.795000E-01   -7.093769E-08 
   882    3.828829E-01    2.500000E-01    1.795000E-01   -9.726013E-08 
   883    3.838839E-01    2.500000E-01    1.795000E-01   -1.326831E-07 
   884    3.848849E-01    2.500000E-01    1.795000E-01   -1.801144E-07 
   885    3.858859E-01    2.500001E-01    1.795001E-01   -2.433093E-07 
   886    3.868869E-01    2.500001E-01    1.795001E-01   -3.270915E-07 
   887    3.878879E-01    2.500001E-01    1.795001E-01   -4.376230E-07 
   888    3.888889E-01    2.500002E-01    1.795002E-01   -5.827322E-07 
   889    3.898899E-01    2.500002E-01    1.795002E-01   -7.723098E-07 
   890    3.908909E-01    2.500003E-01    1.795003E-01   -1.018781E-06 
   891    3.918919E-01    2.500003E-01    1.795003E-01   -1.337670E-06 
   892    3.928929E-01    2.500004E-01    1.795005E-01   -1.748255E-06 
   893    3.938939E-01    2.500006E-01    1.795006E-01   -2.274347E-06 
   894    3.948949E-01    2.500007E-01    1.795008E-01   -2.945172E-06 
   895    3.958959E-01    2.500010E-01    1.795010E-01   -3.796394E-06 
   896    3.968969E-01    2.500012E-01    1.795012E-01   -4.871268E-06 
   897    3.978979E-01    2.500016E-01    1.795016E-01   -6.221920E-06 
   898    3.988989E-01    2.500020E-01    1.795020E-01   -7.910772E-06 
   899    3.998999E-01    2.500025E-01    1.795025E-01   -1.001208E-05 
   900    4.009009E-01    2.500031E-01    1.795031E-01   -1.261359E-05 
   901    4.019018E-01    2.500039E-01    1.795039E-01   -1.581823E-05 
   902    4.029028E-01    2.500048E-01    1.795049E-01   -1.974592E-05 
   903    4.039038E-01    2.500060E-01    1.795060E-01   -2.453528E-05 
   904    4.049048E-01    2.500074E-01    1.795074E-01   -3.034530E-05 
   905    4.059058E-01    2.500090E-01    1.795091E-01   -3.735682E-05 
   906    4.069067E-01    2.500110E-01    1.795111E-01   -4.577377E-05 
   907    4.079077E-01    2.500134E-01    1.795135E-01   -5.582398E-05 
   908    4.089086E-01    2.500162E-01    1.795163E-01   -6.775945E-05 
   909    4.099096E-01    2.500195E-01    1.795196E-01   -8.185593E-05 
   910    4.109105E-01    2.500234E-01    1.795235E-01   -9.841173E-05 
   911    4.119114E-01    2.500279E-01    1.795281E-01   -1.177454E-04 
   912    4.129123E-01    2.500332E-01    1.795333E-01   -1.401923E-04 
   913    4.139132E-01    2.500392E-01    1.795394E-01   -1.660997E-04 
   914    4.149140E-01    2.500461E-01    1.795463E-01   -1.958206E-04 
   915    4.159148E-01    2.500540E-01    1.795543E-01   -2.297053E-04 
   916    4.169156E-01    2.500629E-01    1.795632E-01   -2.680919E-04 
   917    4.179164E-01    2.500729E-01    1.795733E-01   -3.112950E-04 
   918    4.189171E-01    2.500841E-01    1.795845E-01   -3.595927E-04 
   919    4.199177E-01    2.500965E-01    1.795970E-01   -4.132126E-04 
   920    4.209184E-01    2.501102E-01    1.796108E-01   -4.723161E-04 
   921    4.219189E-01    2.501252E-01    1.796258E-01   -5.369819E-04 
   922    4.229194E-01    2.501414E-01    1.796422E-01   -6.071879E-04 
   923    4.239198E-01    2.501590E-01    1.796598E-01   -6.827937E-04 
   924    4.249202E-01    2.501778E-01    1.796787E-01   -7.635245E-04 
   925    4.259204E-01    2.501977E-01    1.796987E-01   -8.489591E-04 
   926    4.269206E-01    2.502186E-01    1.797198E-01   -9.385238E-04 
   927    4.279207E-01    2.502404E-01    1.797417E-01   -1.031491E-03 
   928    4.289207E-01    2.502629E-01    1.797643E-01   -1.126980E-03 
   929    4.299206E-01    2.502858E-01    1.797873E-01   -1.223951E-03 
   930    4.309205E-01    2.503089E-01    1.798106E-01   -1.321188E-03 
   931    4.319202E-01    2.503319E-01    1.798338E-01   -1.417296E-03 
   932    4.329198E-01    2.503546E-01    1.798565E-01   -1.510720E-03 
   933    4.339193E-01    2.503764E-01    1.798785E-01   -1.599830E-03 
   934    4.349188E-01    2.503971E-01    1.798993E-01   -1.683064E-03 
   935    4.359181E-01    2.504162E-01    1.799185E-01   -1.759083E-03 
   936    4.369174E-01    2.504333E-01    1.799358E-01   -1.826778E-03 
   937    4.379166E-01    2.504483E-01    1.799508E-01   -1.884934E-03 
   938    4.389157E-01    2.504606E-01    1.799632E-01   -1.931673E-03 
   939    4.399148E-01    2.504698E-01    1.799725E-01   -1.964359E-03 
   940    4.409138E-01    2.504752E-01    1.799779E-01   -1.980844E-03 
   941    4.419129E-01    2.504756E-01    1.799783E-01   -1.979460E-03 
   942    4.429119E-01    2.504698E-01    1.799725E-01   -1.958251E-03 
   943    4.439109E-01    2.504569E-01    1.799594E-01   -1.919272E-03 
   944    4.449099E-01    2.504366E-01    1.799390E-01   -1.868937E-03 
   945    4.459090E-01    2.504096E-01    1.799119E-01   -1.807441E-03 
   946    4.469082E-01    2.503770E-01    1.798791E-01   -1.711731E-03 
   947    4.479077E-01    2.503393E-01    1.798411E-01   -1.537621E-03 
   948    4.489076E-01    2.502961E-01    1.797977E-01   -1.256164E-03 
   949    4.499079E-01    2.502466E-01    1.797480E-01   -9.004659E-04 
   950    4.509080E-01    2.501907E-01    1.796917E-01   -5.637592E-04 
   951    4.519078E-01    2.501308E-01    1.796315E-01   -3.498069E-04 
   952    4.529074E-01    2.500721E-01    1.795725E-01   -2.881207E-04 
   953    4.539077E-01    2.500215E-01    1.795216E-01   -2.736370E-04 
   954    4.549095E-01    2.499838E-01    1.794837E-01   -1.497789E-04 
   955    4.559128E-01    2.499605E-01    1.794602E-01    1.691766E-04 
   956    4.569160E-01    2.499486E-01    1.794483E-01    5.224378E-04 
   957    4.579169E-01    2.499431E-01    1.794428E-01    6.072445E-04 
   958    4.589154E-01    2.499412E-01    1.794408E-01    4.865328E-04 
   959    4.599140E-01    2.499427E-01    1.794424E-01    3.044063E-04 
   960    4.609152E-01    2.499487E-01    1.794484E-01    1.145312E-04 
   961    4.619199E-01    2.499602E-01    1.794600E-01   -1.438594E-05 
   962    4.629254E-01    2.499759E-01    1.794758E-01   -4.413065E-05 
   963    4.639261E-01    2.499910E-01    1.794910E-01   -6.087307E-05 
   964    4.649230E-01    2.500031E-01    1.795031E-01   -1.045952E-04 
   965    4.659197E-01    2.500130E-01    1.795131E-01   -1.570885E-04 
   966    4.669189E-01    2.500222E-01    1.795224E-01   -2.328924E-04 
   967    4.679244E-01    2.500309E-01    1.795311E-01   -3.021402E-04 
   968    4.689332E-01    2.500355E-01    1.795357E-01   -1.935900E-04 
   969    4.699347E-01    2.500306E-01    1.795307E-01    2.889538E-05 
   970    4.709288E-01    2.500182E-01    1.795183E-01    2.040206E-05 
   971    4.719216E-01    2.500045E-01    1.795046E-01   -4.798131E-05 
   972    4.729191E-01    2.499933E-01    1.794933E-01   -1.406560E-04 
   973    4.739291E-01    2.499874E-01    1.794874E-01   -2.756884E-04 
   974    4.749443E-01    2.499846E-01    1.794845E-01   -1.243753E-04 
   975    4.759414E-01    2.499835E-01    1.794834E-01    1.832493E-05 
   976    4.769393E-01    2.499770E-01    1.794769E-01    5.065901E-04 
   977    4.779295E-01    2.499654E-01    1.794652E-01    3.749856E-04 
   978    4.789184E-01    2.499621E-01    1.794619E-01   -1.204524E-04 
   979    4.799250E-01    2.499730E-01    1.794731E-01   -6.078788E-04 
   980    4.809464E-01    2.499799E-01    1.794800E-01   -1.985941E-04 
   981    4.819758E-01    2.499693E-01    1.794698E-01    4.051542E-04 
   982    4.829677E-01    2.499449E-01    1.794454E-01    5.342841E-04 
   983    4.839241E-01    2.499160E-01    1.794160E-01    1.172550E-04 
   984    4.848479E-01    2.499105E-01    1.794111E-01   -1.508622E-03 
   985    4.859621E-01    2.498880E-01    1.793889E-01    8.209698E-05 
   986    4.870034E-01    2.498111E-01    1.793138E-01    1.820046E-04 
   987    4.880114E-01    2.496769E-01    1.791803E-01    3.999401E-04 
   988    4.889766E-01    2.494477E-01    1.789472E-01    5.244174E-04 
   989    4.897645E-01    2.491523E-01    1.786240E-01   -9.857633E-04 
   990    4.909910E-01    2.486946E-01    1.785627E-01    0.000000E+00 
   991    4.919920E-01    2.484237E-01    1.783682E-01    0.000000E+00 
   992    4.929930E-01    2.478408E-01    1.779497E-01    0.000000E+00 
   993    4.939940E-01    2.461818E-01    1.767585E-01    0.000000E+00 
   994    4.949950E-01    2.422688E-01    1.739490E-01    0.000000E+00 
   995    4.959960E-01    2.343192E-01    1.682412E-01    0.000000E+00 
   996    4.969970E-01    2.204859E-01    1.583089E-01    0.000000E+00 
   997    4.979980E-01    1.999702E-01    1.435786E-01    0.000000E+00 
   998    4.989990E-01    1.731643E-01    1.243320E-01    0.000000E+00 
   999    5.000000E-01    1.416667E-01    1.017167E-01    0.000000E+00 
