     0   -5.000000E-01    5.666667E-01    5.666667E-01    0.000000E+00 
     1   -4.989990E-01    6.926898E-01    6.926898E-01    0.000000E+00 
     2   -4.979980E-01    8.000258E-01    8.000258E-01    0.000000E+00 
     3   -4.969970E-01    8.822423E-01    8.822423E-01    0.000000E+00 
     4   -4.959960E-01    9.377387E-01    9.377387E-01    0.000000E+00 
     5   -4.949950E-01    9.696987E-01    9.696987E-01    0.000000E+00 
     6   -4.939940E-01    9.854226E-01    9.854226E-01    0.000000E+00 
     7   -4.929930E-01    9.919114E-01    9.919114E-01    0.000000E+00 
     8   -4.919920E-01    9.940191E-01    9.940191E-01    0.000000E+00 
     9   -4.909910E-01    9.948936E-01    9.948936E-01    0.000000E+00 
    10   -4.898270E-01    9.964214E-01    9.948977E-01    2.605302E-03 
    11   -4.889531E-01    9.976946E-01    9.967719E-01   -4.346723E-04 
    12   -4.879858E-01    9.986827E-01    9.981747E-01   -6.729681E-04 
    13   -4.869887E-01    9.992834E-01    9.990134E-01   -4.732323E-04 
    14   -4.859634E-01    9.996011E-01    9.994493E-01   -6.264996E-06 
    15   -4.849101E-01    9.996296E-01    9.994844E-01    1.632014E-03 
    16   -4.839282E-01    9.995494E-01    9.993702E-01    1.494385E-04 
    17   -4.829449E-01    9.995972E-01    9.994372E-01   -6.973528E-04 
    18   -4.819532E-01    9.996890E-01    9.995657E-01   -1.025102E-03 
    19   -4.809513E-01    9.997463E-01    9.996453E-01   -6.574041E-04 
    20   -4.799460E-01    9.997731E-01    9.996828E-01    8.415773E-05 
    21   -4.789326E-01    9.998456E-01    9.997839E-01    1.070835E-03 
    22   -4.779297E-01    1.000011E+00    1.000015E+00    7.345077E-04 
    23   -4.769321E-01    1.000274E+00    1.000383E+00    3.296932E-04 
    24   -4.759356E-01    1.000595E+00    1.000833E+00    1.097766E-04 
    25   -4.749386E-01    1.000927E+00    1.001298E+00    1.173847E-04 
    26   -4.739379E-01    1.001210E+00    1.001694E+00    9.174378E-04 
    27   -4.729358E-01    1.001413E+00    1.001979E+00    1.983283E-03 
    28   -4.719352E-01    1.001564E+00    1.002191E+00    2.503290E-03 
    29   -4.709361E-01    1.001696E+00    1.002376E+00    2.559971E-03 
    30   -4.699375E-01    1.001823E+00    1.002553E+00    2.512999E-03 
    31   -4.689391E-01    1.001937E+00    1.002713E+00    2.486571E-03 
    32   -4.679405E-01    1.002019E+00    1.002828E+00    2.511117E-03 
    33   -4.669417E-01    1.002054E+00    1.002877E+00    2.547405E-03 
    34   -4.659427E-01    1.002042E+00    1.002860E+00    2.561107E-03 
    35   -4.649437E-01    1.001993E+00    1.002791E+00    2.536636E-03 
    36   -4.639447E-01    1.001919E+00    1.002688E+00    2.468890E-03 
    37   -4.629456E-01    1.001831E+00    1.002565E+00    2.369340E-03 
    38   -4.619465E-01    1.001736E+00    1.002431E+00    2.252618E-03 
    39   -4.609472E-01    1.001634E+00    1.002288E+00    2.127041E-03 
    40   -4.599478E-01    1.001526E+00    1.002137E+00    1.994991E-03 
    41   -4.589483E-01    1.001413E+00    1.001979E+00    1.857047E-03 
    42   -4.579486E-01    1.001298E+00    1.001818E+00    1.714248E-03 
    43   -4.569489E-01    1.001183E+00    1.001657E+00    1.568861E-03 
    44   -4.559490E-01    1.001070E+00    1.001498E+00    1.423773E-03 
    45   -4.549490E-01    1.000961E+00    1.001346E+00    1.281794E-03 
    46   -4.539488E-01    1.000857E+00    1.001200E+00    1.145231E-03 
    47   -4.529486E-01    1.000759E+00    1.001063E+00    1.015691E-03 
    48   -4.519483E-01    1.000668E+00    1.000935E+00    8.942240E-04 
    49   -4.509479E-01    1.000583E+00    1.000816E+00    7.815223E-04 
    50   -4.499474E-01    1.000506E+00    1.000708E+00    6.780318E-04 
    51   -4.489468E-01    1.000436E+00    1.000610E+00    5.839813E-04 
    52   -4.479462E-01    1.000373E+00    1.000522E+00    4.993811E-04 
    53   -4.469455E-01    1.000317E+00    1.000444E+00    4.240303E-04 
    54   -4.459448E-01    1.000268E+00    1.000375E+00    3.575459E-04 
    55   -4.449440E-01    1.000225E+00    1.000315E+00    2.994073E-04 
    56   -4.439432E-01    1.000187E+00    1.000263E+00    2.490020E-04 
    57   -4.429423E-01    1.000155E+00    1.000217E+00    2.056658E-04 
    58   -4.419415E-01    1.000128E+00    1.000179E+00    1.687129E-04 
    59   -4.409406E-01    1.000105E+00    1.000146E+00    1.374578E-04 
    60   -4.399396E-01    1.000085E+00    1.000119E+00    1.112329E-04 
    61   -4.389387E-01    1.000069E+00    1.000096E+00    8.940104E-05 
    62   -4.379378E-01    1.000055E+00    1.000077E+00    7.136682E-05 
    63   -4.369368E-01    1.000044E+00    1.000062E+00    5.658313E-05 
    64   -4.359358E-01    1.000035E+00    1.000049E+00    4.455555E-05 
    65   -4.349349E-01    1.000027E+00    1.000038E+00    3.484368E-05 
    66   -4.339339E-01    1.000021E+00    1.000030E+00    2.706029E-05 
    67   -4.329329E-01    1.000017E+00    1.000023E+00    2.086899E-05 
    68   -4.319319E-01    1.000013E+00    1.000018E+00    1.598085E-05 
    69   -4.309309E-01    1.000010E+00    1.000014E+00    1.215040E-05 
    70   -4.299299E-01    1.000008E+00    1.000011E+00    9.171290E-06 
    71   -4.289289E-01    1.000006E+00    1.000008E+00    6.871775E-06 
    72   -4.279279E-01    1.000004E+00    1.000006E+00    5.110328E-06 
    73   -4.269269E-01    1.000003E+00    1.000004E+00    3.771424E-06 
    74   -4.259259E-01    1.000002E+00    1.000003E+00    2.761617E-06 
    75   -4.249249E-01    1.000002E+00    1.000002E+00    2.006030E-06 
    76   -4.239239E-01    1.000001E+00    1.000002E+00    1.445189E-06 
    77   -4.229229E-01    1.000001E+00    1.000001E+00    1.032301E-06 
    78   -4.219219E-01    1.000001E+00    1.000001E+00    7.308856E-07 
    79   -4.209209E-01    1.000000E+00    1.000001E+00    5.127406E-07 
    80   -4.199199E-01    1.000000E+00    1.000000E+00    3.562720E-07 
    81   -4.189189E-01    1.000000E+00    1.000000E+00    2.450831E-07 
    82   -4.179179E-01    1.000000E+00    1.000000E+00    1.668262E-07 
    83   -4.169169E-01    1.000000E+00    1.000000E+00    1.122979E-07 
    84   -4.159159E-01    1.000000E+00    1.000000E+00    7.469241E-08 
    85   -4.149149E-01    1.000000E+00    1.000000E+00    4.903699E-08 
    86   -4.139139E-01    1.000000E+00    1.000000E+00    3.173874E-08 
    87   -4.129129E-01    1.000000E+00    1.000000E+00    2.021796E-08 
    88   -4.119119E-01    1.000000E+00    1.000000E+00    1.265548E-08 
    89   -4.109109E-01    1.000000E+00    1.000000E+00    7.770611E-09 
    90   -4.099099E-01    1.000000E+00    1.000000E+00    4.667842E-09 
    91   -4.089089E-01    1.000000E+00    1.000000E+00    2.735529E-09 
    92   -4.079079E-01    1.000000E+00    1.000000E+00    1.552694E-09 
    93   -4.069069E-01    1.000000E+00    1.000000E+00    8.433726E-10 
    94   -4.059059E-01    1.000000E+00    1.000000E+00    4.295144E-10 
    95   -4.049049E-01    1.000000E+00    1.000000E+00    1.936568E-10 
    96   -4.039039E-01    1.000000E+00    1.000000E+00    7.062154E-11 
    97   -4.029029E-01    1.000000E+00    1.000000E+00    1.399144E-11 
    98   -4.019019E-01    1.000000E+00    1.000000E+00   -7.249256E-12 
    99   -4.009009E-01    1.000000E+00    1.000000E+00   -1.184224E-11 
   100   -3.998999E-01    1.000000E+00    1.000000E+00   -1.021127E-11 
   101   -3.988989E-01    1.000000E+00    1.000000E+00   -7.050427E-12 
   102   -3.978979E-01    1.000000E+00    1.000000E+00   -4.200907E-12 
   103   -3.968969E-01    1.000000E+00    1.000000E+00   -2.189247E-12 
   104   -3.958959E-01    1.000000E+00    1.000000E+00   -9.916995E-13 
   105   -3.948949E-01    1.000000E+00    1.000000E+00   -3.543451E-13 
   106   -3.938939E-01    1.000000E+00    1.000000E+00   -3.595924E-14 
   107   -3.928929E-01    1.000000E+00    1.000000E+00    1.027363E-13 
   108   -3.918919E-01    1.000000E+00    1.000000E+00    1.478795E-13 
   109   -3.908909E-01    1.000000E+00    1.000000E+00    1.469162E-13 
   110   -3.898899E-01    1.000000E+00    1.000000E+00    1.267329E-13 
   111   -3.888889E-01    1.000000E+00    1.000000E+00    9.904609E-14 
   112   -3.878879E-01    1.000000E+00    1.000000E+00    7.358372E-14 
   113   -3.868869E-01    1.000000E+00    1.000000E+00    5.213993E-14 
   114   -3.858859E-01    1.000000E+00    1.000000E+00    3.522897E-14 
   115   -3.848849E-01    1.000000E+00    1.000000E+00    2.258553E-14 
   116   -3.838839E-01    1.000000E+00    1.000000E+00    1.393887E-14 
   117   -3.828829E-01    1.000000E+00    1.000000E+00    7.456135E-15 
   118   -3.818819E-01    1.000000E+00    1.000000E+00    3.517572E-15 
   119   -3.808809E-01    1.000000E+00    1.000000E+00    1.098810E-15 
   120   -3.798799E-01    1.000000E+00    1.000000E+00    1.301273E-17 
   121   -3.788789E-01    1.000000E+00    1.000000E+00   -3.492044E-16 
   122   -3.778779E-01    1.000000E+00    1.000000E+00   -9.130013E-17 
   123   -3.768769E-01    1.000000E+00    1.000000E+00   -1.872602E-16 
   124   -3.758759E-01    1.000000E+00    1.000000E+00   -2.453810E-16 
   125   -3.748749E-01    1.000000E+00    1.000000E+00   -4.919351E-17 
   126   -3.738739E-01    1.000000E+00    1.000000E+00   -6.915925E-17 
   127   -3.728729E-01    1.000000E+00    1.000000E+00    1.036197E-16 
   128   -3.718719E-01    1.000000E+00    1.000000E+00    3.818146E-18 
   129   -3.708709E-01    1.000000E+00    1.000000E+00   -2.592583E-16 
   130   -3.698699E-01    1.000000E+00    1.000000E+00   -3.869398E-16 
   131   -3.688689E-01    1.000000E+00    1.000000E+00   -6.181365E-16 
   132   -3.678679E-01    1.000000E+00    1.000000E+00   -3.110679E-16 
   133   -3.668669E-01    1.000000E+00    1.000000E+00    4.017333E-16 
   134   -3.658659E-01    1.000000E+00    1.000000E+00    5.564826E-16 
   135   -3.648649E-01    1.000000E+00    1.000000E+00    1.047176E-15 
   136   -3.638639E-01    1.000000E+00    1.000000E+00    1.520485E-15 
   137   -3.628629E-01    1.000000E+00    1.000000E+00    8.018602E-16 
   138   -3.618619E-01    1.000000E+00    1.000000E+00    1.797926E-16 
   139   -3.608609E-01    1.000000E+00    1.000000E+00   -1.597102E-16 
   140   -3.598599E-01    1.000000E+00    1.000000E+00   -5.161119E-16 
   141   -3.588589E-01    1.000000E+00    1.000000E+00   -1.384321E-15 
   142   -3.578579E-01    1.000000E+00    1.000000E+00   -8.652163E-16 
   143   -3.568569E-01    1.000000E+00    1.000000E+00   -4.578372E-16 
   144   -3.558559E-01    1.000000E+00    1.000000E+00   -9.117685E-17 
   145   -3.548549E-01    1.000000E+00    1.000000E+00    4.315252E-16 
   146   -3.538539E-01    1.000000E+00    1.000000E+00    4.493497E-16 
   147   -3.528529E-01    1.000000E+00    1.000000E+00    3.888140E-16 
   148   -3.518519E-01    1.000000E+00    1.000000E+00    1.726681E-16 
   149   -3.508509E-01    1.000000E+00    1.000000E+00   -8.468196E-18 
   150   -3.498498E-01    1.000000E+00    1.000000E+00   -9.346823E-17 
   151   -3.488488E-01    1.000000E+00    1.000000E+00   -1.688186E-16 
   152   -3.478478E-01    1.000000E+00    1.000000E+00    5.654646E-17 
   153   -3.468468E-01    1.000000E+00    1.000000E+00   -1.922417E-16 
   154   -3.458458E-01    1.000000E+00    1.000000E+00   -1.160277E-16 
   155   -3.448448E-01    1.000000E+00    1.000000E+00   -1.564107E-16 
   156   -3.438438E-01    1.000000E+00    1.000000E+00   -1.325235E-16 
   157   -3.428428E-01    1.000000E+00    1.000000E+00    2.560749E-17 
   158   -3.418418E-01    1.000000E+00    1.000000E+00   -2.057346E-16 
   159   -3.408408E-01    1.000000E+00    1.000000E+00   -2.240555E-16 
   160   -3.398398E-01    1.000000E+00    1.000000E+00   -2.644391E-16 
   161   -3.388388E-01    1.000000E+00    1.000000E+00   -2.406022E-16 
   162   -3.378378E-01    1.000000E+00    1.000000E+00   -1.209630E-17 
   163   -3.368368E-01    1.000000E+00    1.000000E+00   -1.967101E-16 
   164   -3.358358E-01    1.000000E+00    1.000000E+00   -2.490969E-16 
   165   -3.348348E-01    1.000000E+00    1.000000E+00   -2.845601E-16 
   166   -3.338338E-01    1.000000E+00    1.000000E+00   -2.615380E-16 
   167   -3.328328E-01    1.000000E+00    1.000000E+00    4.722610E-17 
   168   -3.318318E-01    1.000000E+00    1.000000E+00   -6.170301E-17 
   169   -3.308308E-01    1.000000E+00    1.000000E+00   -5.979560E-17 
   170   -3.298298E-01    1.000000E+00    1.000000E+00   -1.217201E-16 
   171   -3.288288E-01    1.000000E+00    1.000000E+00   -1.210064E-16 
   172   -3.278278E-01    1.000000E+00    1.000000E+00   -7.061285E-17 
   173   -3.268268E-01    1.000000E+00    1.000000E+00   -3.944072E-16 
   174   -3.258258E-01    1.000000E+00    1.000000E+00   -6.631026E-16 
   175   -3.248248E-01    1.000000E+00    1.000000E+00   -7.968287E-16 
   176   -3.238238E-01    1.000000E+00    1.000000E+00    1.772652E-16 
   177   -3.228228E-01    1.000000E+00    1.000000E+00    8.624432E-16 
   178   -3.218218E-01    1.000000E+00    1.000000E+00    1.001371E-15 
   179   -3.208208E-01    1.000000E+00    1.000000E+00    1.361810E-15 
   180   -3.198198E-01    1.000000E+00    1.000000E+00    4.422957E-16 
   181   -3.188188E-01    1.000000E+00    1.000000E+00    1.038633E-16 
   182   -3.178178E-01    1.000000E+00    1.000000E+00   -2.816856E-16 
   183   -3.168168E-01    1.000000E+00    1.000000E+00   -7.941188E-16 
   184   -3.158158E-01    1.000000E+00    1.000000E+00   -1.591989E-15 
   185   -3.148148E-01    1.000000E+00    1.000000E+00   -1.048096E-15 
   186   -3.138138E-01    1.000000E+00    1.000000E+00   -4.885208E-16 
   187   -3.128128E-01    1.000000E+00    1.000000E+00   -7.580195E-16 
   188   -3.118118E-01    1.000000E+00    1.000000E+00    6.327993E-16 
   189   -3.108108E-01    1.000000E+00    1.000000E+00    9.568471E-16 
   190   -3.098098E-01    1.000000E+00    1.000000E+00    4.305938E-16 
   191   -3.088088E-01    1.000000E+00    1.000000E+00    3.324780E-16 
   192   -3.078078E-01    1.000000E+00    1.000000E+00    2.407884E-16 
   193   -3.068068E-01    1.000000E+00    1.000000E+00   -5.439077E-17 
   194   -3.058058E-01    1.000000E+00    1.000000E+00   -1.663530E-16 
   195   -3.048048E-01    1.000000E+00    1.000000E+00   -6.411461E-16 
   196   -3.038038E-01    1.000000E+00    1.000000E+00   -2.863297E-16 
   197   -3.028028E-01    1.000000E+00    1.000000E+00    9.559828E-16 
   198   -3.018018E-01    1.000000E+00    1.000000E+00    9.102079E-16 
   199   -3.008008E-01    1.000000E+00    1.000000E+00    1.163962E-15 
   200   -2.997998E-01    1.000000E+00    1.000000E+00    1.705790E-15 
   201   -2.987988E-01    1.000000E+00    1.000000E+00    8.161625E-16 
   202   -2.977978E-01    1.000000E+00    1.000000E+00    3.486297E-16 
   203   -2.967968E-01    1.000000E+00    1.000000E+00   -2.126501E-17 
   204   -2.957958E-01    1.000000E+00    1.000000E+00   -4.148207E-16 
   205   -2.947948E-01    1.000000E+00    1.000000E+00   -1.307784E-15 
   206   -2.937938E-01    1.000000E+00    1.000000E+00   -8.112043E-16 
   207   -2.927928E-01    1.000000E+00    1.000000E+00   -8.000650E-16 
   208   -2.917918E-01    1.000000E+00    1.000000E+00   -7.625021E-17 
   209   -2.907908E-01    1.000000E+00    1.000000E+00    4.759966E-16 
   210   -2.897898E-01    1.000000E+00    1.000000E+00    8.396820E-16 
   211   -2.887888E-01    1.000000E+00    1.000000E+00    4.608540E-16 
   212   -2.877878E-01    1.000000E+00    1.000000E+00    1.974287E-16 
   213   -2.867868E-01    1.000000E+00    1.000000E+00    2.305093E-17 
   214   -2.857858E-01    1.000000E+00    1.000000E+00   -9.346823E-17 
   215   -2.847848E-01    1.000000E+00    1.000000E+00   -6.047713E-17 
   216   -2.837838E-01    1.000000E+00    1.000000E+00    9.679703E-17 
   217   -2.827828E-01    1.000000E+00    1.000000E+00   -1.212704E-17 
   218   -2.817818E-01    1.000000E+00    1.000000E+00    3.257391E-17 
   219   -2.807808E-01    1.000000E+00    1.000000E+00   -1.564107E-16 
   220   -2.797798E-01    1.000000E+00    1.000000E+00   -9.651191E-17 
   221   -2.787788E-01    1.000000E+00    1.000000E+00    4.193117E-17 
   222   -2.777778E-01    1.000000E+00    1.000000E+00   -9.766464E-17 
   223   -2.767768E-01    1.000000E+00    1.000000E+00   -1.520086E-16 
   224   -2.757758E-01    1.000000E+00    1.000000E+00   -1.924004E-16 
   225   -2.747748E-01    1.000000E+00    1.000000E+00   -1.685552E-16 
   226   -2.737738E-01    1.000000E+00    1.000000E+00   -1.209630E-17 
   227   -2.727728E-01    1.000000E+00    1.000000E+00   -1.246606E-16 
   228   -2.717718E-01    1.000000E+00    1.000000E+00   -1.590347E-16 
   229   -2.707708E-01    1.000000E+00    1.000000E+00   -2.105427E-16 
   230   -2.697698E-01    1.000000E+00    1.000000E+00   -2.452145E-16 
   231   -2.687688E-01    1.000000E+00    1.000000E+00    1.001352E-16 
   232   -2.677678E-01    1.000000E+00    1.000000E+00    3.511181E-17 
   233   -2.667668E-01    1.000000E+00    1.000000E+00    2.125933E-17 
   234   -2.657658E-01    1.000000E+00    1.000000E+00   -6.022484E-17 
   235   -2.647648E-01    1.000000E+00    1.000000E+00   -1.272025E-16 
   236   -2.637638E-01    1.000000E+00    1.000000E+00    3.069636E-17 
   237   -2.627628E-01    1.000000E+00    1.000000E+00   -4.124224E-16 
   238   -2.617618E-01    1.000000E+00    1.000000E+00   -5.001644E-16 
   239   -2.607608E-01    1.000000E+00    1.000000E+00   -6.943774E-16 
   240   -2.597598E-01    1.000000E+00    1.000000E+00    1.868317E-16 
   241   -2.587588E-01    1.000000E+00    1.000000E+00    6.865422E-16 
   242   -2.577578E-01    1.000000E+00    1.000000E+00    6.688538E-16 
   243   -2.567568E-01    1.000000E+00    1.000000E+00    1.398519E-15 
   244   -2.557558E-01    1.000000E+00    1.000000E+00    5.557192E-16 
   245   -2.547548E-01    1.000000E+00    1.000000E+00    1.094795E-16 
   246   -2.537538E-01    1.000000E+00    1.000000E+00   -3.694918E-16 
   247   -2.527528E-01    1.000000E+00    1.000000E+00   -8.909378E-16 
   248   -2.517518E-01    1.000000E+00    1.000000E+00   -1.587494E-15 
   249   -2.507508E-01    1.000000E+00    1.000000E+00   -1.120155E-15 
   250   -2.497497E-01    1.000000E+00    1.000000E+00   -5.354025E-16 
   251   -2.487487E-01    1.000000E+00    1.000000E+00   -5.203508E-16 
   252   -2.477477E-01    1.000000E+00    1.000000E+00    5.030780E-16 
   253   -2.467467E-01    1.000000E+00    1.000000E+00    7.367405E-16 
   254   -2.457457E-01    1.000000E+00    1.000000E+00    4.241061E-16 
   255   -2.447447E-01    1.000000E+00    1.000000E+00    3.276654E-16 
   256   -2.437437E-01    1.000000E+00    1.000000E+00    1.151384E-16 
   257   -2.427427E-01    1.000000E+00    1.000000E+00    1.457454E-17 
   258   -2.417417E-01    1.000000E+00    1.000000E+00   -7.158873E-17 
   259   -2.407407E-01    1.000000E+00    1.000000E+00   -1.814816E-16 
   260   -2.397397E-01    1.000000E+00    1.000000E+00   -2.948965E-17 
   261   -2.387387E-01    1.000000E+00    1.000000E+00    1.521095E-17 
   262   -2.377377E-01    1.000000E+00    1.000000E+00    3.943043E-17 
   263   -2.367367E-01    1.000000E+00    1.000000E+00    1.052985E-16 
   264   -2.357357E-01    1.000000E+00    1.000000E+00    4.150601E-17 
   265   -2.347347E-01    1.000000E+00    1.000000E+00   -5.143225E-17 
   266   -2.337337E-01    1.000000E+00    1.000000E+00   -3.456410E-16 
   267   -2.327327E-01    1.000000E+00    1.000000E+00   -7.028417E-16 
   268   -2.317317E-01    1.000000E+00    1.000000E+00   -7.958524E-16 
   269   -2.307307E-01    1.000000E+00    1.000000E+00    5.886976E-16 
   270   -2.297297E-01    1.000000E+00    1.000000E+00    5.560340E-16 
   271   -2.287287E-01    1.000000E+00    1.000000E+00    8.447545E-16 
   272   -2.277277E-01    1.000000E+00    1.000000E+00    1.288282E-15 
   273   -2.267267E-01    1.000000E+00    1.000000E+00    7.696165E-16 
   274   -2.257257E-01    1.000000E+00    1.000000E+00    1.189645E-16 
   275   -2.247247E-01    1.000000E+00    1.000000E+00   -2.575245E-16 
   276   -2.237237E-01    1.000000E+00    1.000000E+00   -5.560741E-16 
   277   -2.227227E-01    1.000000E+00    1.000000E+00   -1.300580E-15 
   278   -2.217217E-01    1.000000E+00    1.000000E+00   -9.580860E-16 
   279   -2.207207E-01    1.000000E+00    1.000000E+00   -7.865828E-16 
   280   -2.197197E-01    1.000000E+00    1.000000E+00   -6.319487E-16 
   281   -2.187187E-01    1.000000E+00    1.000000E+00    4.618863E-16 
   282   -2.177177E-01    1.000000E+00    1.000000E+00    6.287324E-16 
   283   -2.167167E-01    1.000000E+00    1.000000E+00    3.577700E-16 
   284   -2.157157E-01    1.000000E+00    1.000000E+00    1.001509E-16 
   285   -2.147147E-01    1.000000E+00    1.000000E+00   -9.999765E-17 
   286   -2.137137E-01    1.000000E+00    1.000000E+00   -5.769167E-17 
   287   -2.127127E-01    1.000000E+00    1.000000E+00    1.565930E-17 
   288   -2.117117E-01    1.000000E+00    1.000000E+00   -2.978187E-17 
   289   -2.107107E-01    1.000000E+00    1.000000E+00   -5.071831E-17 
   290   -2.097097E-01    1.000000E+00    1.000000E+00    9.625837E-17 
   291   -2.087087E-01    1.000000E+00    1.000000E+00   -1.206152E-16 
   292   -2.077077E-01    1.000000E+00    1.000000E+00   -1.235082E-16 
   293   -2.067067E-01    1.000000E+00    1.000000E+00   -3.276917E-16 
   294   -2.057057E-01    1.000000E+00    1.000000E+00   -7.706892E-16 
   295   -2.047047E-01    1.000000E+00    1.000000E+00   -7.755788E-16 
   296   -2.037037E-01    1.000000E+00    1.000000E+00    6.821374E-16 
   297   -2.027027E-01    1.000000E+00    1.000000E+00    8.899601E-16 
   298   -2.017017E-01    1.000000E+00    1.000000E+00    1.086928E-15 
   299   -2.007007E-01    1.000000E+00    1.000000E+00    1.487248E-15 
   300   -1.996997E-01    1.000000E+00    1.000000E+00    6.387372E-16 
   301   -1.986987E-01    1.000000E+00    1.000000E+00    3.126065E-16 
   302   -1.976977E-01    1.000000E+00    1.000000E+00   -8.640657E-17 
   303   -1.966967E-01    1.000000E+00    1.000000E+00   -5.200547E-16 
   304   -1.956957E-01    1.000000E+00    1.000000E+00   -1.120455E-15 
   305   -1.946947E-01    1.000000E+00    1.000000E+00   -9.580863E-16 
   306   -1.936937E-01    1.000000E+00    1.000000E+00   -7.865828E-16 
   307   -1.926927E-01    1.000000E+00    1.000000E+00   -6.319487E-16 
   308   -1.916917E-01    1.000000E+00    1.000000E+00    4.607603E-16 
   309   -1.906907E-01    1.000000E+00    1.000000E+00    5.454204E-16 
   310   -1.896897E-01    1.000000E+00    1.000000E+00    3.251034E-16 
   311   -1.886887E-01    1.000000E+00    1.000000E+00    5.255819E-17 
   312   -1.876877E-01    1.000000E+00    1.000000E+00   -4.554323E-17 
   313   -1.866867E-01    1.000000E+00    1.000000E+00   -1.061190E-16 
   314   -1.856857E-01    1.000000E+00    1.000000E+00   -1.177841E-16 
   315   -1.846847E-01    1.000000E+00    1.000000E+00   -2.068417E-16 
   316   -1.836837E-01    1.000000E+00    1.000000E+00   -2.462151E-16 
   317   -1.826827E-01    1.000000E+00    1.000000E+00   -2.391785E-16 
   318   -1.816817E-01    1.000000E+00    1.000000E+00   -3.582202E-16 
   319   -1.806807E-01    1.000000E+00    1.000000E+00   -1.502837E-16 
   320   -1.796797E-01    1.000000E+00    1.000000E+00   -2.901431E-16 
   321   -1.786787E-01    1.000000E+00    1.000000E+00   -3.845700E-16 
   322   -1.776777E-01    1.000000E+00    1.000000E+00   -3.459656E-16 
   323   -1.766767E-01    1.000000E+00    1.000000E+00   -4.064557E-16 
   324   -1.756757E-01    1.000000E+00    1.000000E+00    7.042086E-17 
   325   -1.746747E-01    1.000000E+00    1.000000E+00   -1.090767E-16 
   326   -1.736737E-01    1.000000E+00    1.000000E+00   -1.113836E-16 
   327   -1.726727E-01    1.000000E+00    1.000000E+00    1.097939E-16 
   328   -1.716717E-01    1.000000E+00    1.000000E+00   -7.106284E-17 
   329   -1.706707E-01    1.000000E+00    1.000000E+00   -1.595142E-16 
   330   -1.696697E-01    1.000000E+00    1.000000E+00   -3.377531E-16 
   331   -1.686687E-01    1.000000E+00    1.000000E+00   -8.066734E-16 
   332   -1.676677E-01    1.000000E+00    1.000000E+00   -3.994405E-16 
   333   -1.666667E-01    1.000000E+00    1.000000E+00   -2.948326E-16 
   334   -1.656657E-01    1.000000E+00    1.000000E+00    6.921372E-16 
   335   -1.646647E-01    1.000000E+00    1.000000E+00    9.923740E-16 
   336   -1.636637E-01    1.000000E+00    1.000000E+00    1.189788E-15 
   337   -1.626627E-01    1.000000E+00    1.000000E+00    4.631317E-16 
   338   -1.616617E-01    1.000000E+00    1.000000E+00    8.296153E-17 
   339   -1.606607E-01    1.000000E+00    1.000000E+00   -1.944596E-16 
   340   -1.596597E-01    1.000000E+00    1.000000E+00   -7.361975E-16 
   341   -1.586587E-01    1.000000E+00    1.000000E+00   -1.264545E-15 
   342   -1.576577E-01    1.000000E+00    1.000000E+00   -1.030132E-15 
   343   -1.566567E-01    1.000000E+00    1.000000E+00   -7.865828E-16 
   344   -1.556557E-01    1.000000E+00    1.000000E+00   -7.039960E-16 
   345   -1.546547E-01    1.000000E+00    1.000000E+00    4.618863E-16 
   346   -1.536537E-01    1.000000E+00    1.000000E+00    6.287324E-16 
   347   -1.526527E-01    1.000000E+00    1.000000E+00    3.577700E-16 
   348   -1.516517E-01    1.000000E+00    1.000000E+00    1.001509E-16 
   349   -1.506507E-01    1.000000E+00    1.000000E+00   -9.999765E-17 
   350   -1.496496E-01    1.000000E+00    1.000000E+00   -5.769167E-17 
   351   -1.486486E-01    1.000000E+00    1.000000E+00    1.565930E-17 
   352   -1.476476E-01    1.000000E+00    1.000000E+00   -2.978187E-17 
   353   -1.466466E-01    1.000000E+00    1.000000E+00   -5.071831E-17 
   354   -1.456456E-01    1.000000E+00    1.000000E+00    9.625837E-17 
   355   -1.446446E-01    1.000000E+00    1.000000E+00   -1.206152E-16 
   356   -1.436436E-01    1.000000E+00    1.000000E+00   -1.235082E-16 
   357   -1.426426E-01    1.000000E+00    1.000000E+00   -3.276917E-16 
   358   -1.416416E-01    1.000000E+00    1.000000E+00   -7.706892E-16 
   359   -1.406406E-01    1.000000E+00    1.000000E+00   -7.755788E-16 
   360   -1.396396E-01    1.000000E+00    1.000000E+00    6.821374E-16 
   361   -1.386386E-01    1.000000E+00    1.000000E+00    8.899601E-16 
   362   -1.376376E-01    1.000000E+00    1.000000E+00    1.086928E-15 
   363   -1.366366E-01    1.000000E+00    1.000000E+00    1.487248E-15 
   364   -1.356356E-01    1.000000E+00    1.000000E+00    6.387372E-16 
   365   -1.346346E-01    1.000000E+00    1.000000E+00    3.126065E-16 
   366   -1.336336E-01    1.000000E+00    1.000000E+00   -8.640657E-17 
   367   -1.326326E-01    1.000000E+00    1.000000E+00   -5.200547E-16 
   368   -1.316316E-01    1.000000E+00    1.000000E+00   -1.120033E-15 
   369   -1.306306E-01    1.000000E+00    1.000000E+00   -9.580863E-16 
   370   -1.296296E-01    1.000000E+00    1.000000E+00   -7.785614E-16 
   371   -1.286286E-01    1.000000E+00    1.000000E+00   -6.121062E-16 
   372   -1.276276E-01    1.000000E+00    1.000000E+00    5.147993E-16 
   373   -1.266266E-01    1.000000E+00    1.000000E+00    6.847397E-16 
   374   -1.256256E-01    1.000000E+00    1.000000E+00    4.182642E-16 
   375   -1.246246E-01    1.000000E+00    1.000000E+00    1.768192E-16 
   376   -1.236236E-01    1.000000E+00    1.000000E+00    2.391461E-16 
   377   -1.226226E-01    1.000000E+00    1.000000E+00    1.504517E-17 
   378   -1.216216E-01    1.000000E+00    1.000000E+00   -1.860392E-16 
   379   -1.206206E-01    1.000000E+00    1.000000E+00   -1.277214E-15 
   380   -1.196196E-01    1.000000E+00    1.000000E+00   -3.358952E-15 
   381   -1.186186E-01    1.000000E+00    1.000000E+00   -7.237243E-15 
   382   -1.176176E-01    1.000000E+00    1.000000E+00   -1.434195E-14 
   383   -1.166166E-01    1.000000E+00    1.000000E+00   -2.574902E-14 
   384   -1.156156E-01    1.000000E+00    1.000000E+00   -4.430800E-14 
   385   -1.146146E-01    1.000000E+00    1.000000E+00   -7.250897E-14 
   386   -1.136136E-01    1.000000E+00    1.000000E+00   -1.146132E-13 
   387   -1.126126E-01    1.000000E+00    1.000000E+00   -1.737168E-13 
   388   -1.116116E-01    1.000000E+00    1.000000E+00   -2.521926E-13 
   389   -1.106106E-01    1.000000E+00    1.000000E+00   -3.490664E-13 
   390   -1.096096E-01    1.000000E+00    1.000000E+00   -4.563768E-13 
   391   -1.086086E-01    1.000000E+00    1.000000E+00   -5.535774E-13 
   392   -1.076076E-01    1.000000E+00    1.000000E+00   -5.978197E-13 
   393   -1.066066E-01    1.000000E+00    1.000000E+00   -5.063357E-13 
   394   -1.056056E-01    1.000000E+00    1.000000E+00   -1.308249E-13 
   395   -1.046046E-01    1.000000E+00    1.000000E+00    7.755124E-13 
   396   -1.036036E-01    1.000000E+00    1.000000E+00    2.678331E-12 
   397   -1.026026E-01    1.000000E+00    1.000000E+00    6.332801E-12 
   398   -1.016016E-01    1.000000E+00    1.000000E+00    1.279054E-11 
   399   -1.006006E-01    1.000000E+00    1.000000E+00    2.255835E-11 
   400   -9.959960E-02    1.000000E+00    1.000000E+00    3.453033E-11 
   401   -9.859860E-02    1.000000E+00    1.000000E+00    4.371185E-11 
   402   -9.759760E-02    1.000000E+00    1.000000E+00    3.667674E-11 
   403   -9.659660E-02    1.000000E+00    1.000000E+00   -1.715010E-11 
   404   -9.559560E-02    1.000000E+00    1.000000E+00   -1.771330E-10 
   405   -9.459459E-02    1.000000E+00    1.000000E+00   -5.462293E-10 
   406   -9.359359E-02    1.000000E+00    1.000000E+00   -1.279642E-09 
   407   -9.259259E-02    1.000000E+00    1.000000E+00   -2.592980E-09 
   408   -9.159159E-02    1.000000E+00    1.000000E+00   -4.852207E-09 
   409   -9.059059E-02    1.000000E+00    1.000000E+00   -8.638890E-09 
   410   -8.958959E-02    1.000000E+00    1.000000E+00   -1.483682E-08 
   411   -8.858859E-02    1.000000E+00    1.000000E+00   -2.480517E-08 
   412   -8.758759E-02    1.000000E+00    1.000000E+00   -4.052742E-08 
   413   -8.658659E-02    1.000000E+00    1.000000E+00   -6.487675E-08 
   414   -8.558559E-02    1.000000E+00    1.000000E+00   -1.019644E-07 
   415   -8.458458E-02    1.000000E+00    1.000000E+00   -1.575607E-07 
   416   -8.358358E-02    1.000000E+00    1.000000E+00   -2.397924E-07 
   417   -8.258258E-02    1.000000E+00    1.000001E+00   -3.599084E-07 
   418   -8.158158E-02    1.000001E+00    1.000001E+00   -5.333112E-07 
   419   -8.058058E-02    1.000001E+00    1.000001E+00   -7.809164E-07 
   420   -7.957958E-02    1.000001E+00    1.000001E+00   -1.130683E-06 
   421   -7.857858E-02    1.000001E+00    1.000002E+00   -1.619647E-06 
   422   -7.757758E-02    1.000002E+00    1.000003E+00   -2.296322E-06 
   423   -7.657658E-02    1.000003E+00    1.000004E+00   -3.223545E-06 
   424   -7.557558E-02    1.000004E+00    1.000005E+00   -4.482004E-06 
   425   -7.457459E-02    1.000005E+00    1.000007E+00   -6.174102E-06 
   426   -7.357359E-02    1.000007E+00    1.000010E+00   -8.428405E-06 
   427   -7.257259E-02    1.000009E+00    1.000013E+00   -1.140463E-05 
   428   -7.157160E-02    1.000013E+00    1.000018E+00   -1.529866E-05 
   429   -7.057061E-02    1.000017E+00    1.000023E+00   -2.034792E-05 
   430   -6.956962E-02    1.000022E+00    1.000030E+00   -2.683646E-05 
   431   -6.856864E-02    1.000028E+00    1.000039E+00   -3.509950E-05 
   432   -6.756767E-02    1.000036E+00    1.000050E+00   -4.552708E-05 
   433   -6.656670E-02    1.000046E+00    1.000064E+00   -5.856590E-05 
   434   -6.556574E-02    1.000058E+00    1.000081E+00   -7.471873E-05 
   435   -6.456479E-02    1.000072E+00    1.000101E+00   -9.454094E-05 
   436   -6.356386E-02    1.000090E+00    1.000126E+00   -1.186320E-04 
   437   -6.256294E-02    1.000112E+00    1.000156E+00   -1.476220E-04 
   438   -6.156205E-02    1.000137E+00    1.000192E+00   -1.821500E-04 
   439   -6.056118E-02    1.000167E+00    1.000233E+00   -2.228350E-04 
   440   -5.956034E-02    1.000201E+00    1.000281E+00   -2.702370E-04 
   441   -5.855953E-02    1.000241E+00    1.000337E+00   -3.248099E-04 
   442   -5.755877E-02    1.000285E+00    1.000400E+00   -3.868450E-04 
   443   -5.655806E-02    1.000336E+00    1.000470E+00   -4.564086E-04 
   444   -5.555740E-02    1.000391E+00    1.000548E+00   -5.332734E-04 
   445   -5.455679E-02    1.000451E+00    1.000632E+00   -6.168380E-04 
   446   -5.355626E-02    1.000515E+00    1.000721E+00   -7.060418E-04 
   447   -5.255579E-02    1.000582E+00    1.000815E+00   -7.992149E-04 
   448   -5.155540E-02    1.000649E+00    1.000908E+00   -8.938420E-04 
   449   -5.055509E-02    1.000713E+00    1.000998E+00   -9.861535E-04 
   450   -4.955485E-02    1.000767E+00    1.001075E+00   -1.071198E-03 
   451   -4.855469E-02    1.000804E+00    1.001126E+00   -1.144246E-03 
   452   -4.755460E-02    1.000810E+00    1.001135E+00   -1.199806E-03 
   453   -4.655457E-02    1.000766E+00    1.001073E+00   -1.233409E-03 
   454   -4.555457E-02    1.000646E+00    1.000904E+00   -1.234045E-03 
   455   -4.455457E-02    1.000412E+00    1.000576E+00   -1.172263E-03 
   456   -4.355446E-02    1.000013E+00    1.000017E+00   -9.882929E-04 
   457   -4.255410E-02    9.993816E-01    9.991306E-01   -5.795561E-04 
   458   -4.155327E-02    9.984298E-01    9.977952E-01    1.754999E-04 
   459   -4.055176E-02    9.970564E-01    9.958682E-01    1.359847E-03 
   460   -3.954929E-02    9.951512E-01    9.931954E-01    3.058244E-03 
   461   -3.854540E-02    9.926039E-01    9.896235E-01    5.385847E-03 
   462   -3.753926E-02    9.893085E-01    9.850054E-01    8.548864E-03 
   463   -3.652962E-02    9.851589E-01    9.791962E-01    1.285790E-02 
   464   -3.551500E-02    9.800387E-01    9.720380E-01    1.868963E-02 
   465   -3.449420E-02    9.738120E-01    9.633483E-01    2.633961E-02 
   466   -3.346661E-02    9.663259E-01    9.529247E-01    3.589608E-02 
   467   -3.243178E-02    9.574282E-01    9.405721E-01    4.720520E-02 
   468   -3.138872E-02    9.470011E-01    9.261492E-01    5.997320E-02 
   469   -3.033452E-02    9.349890E-01    9.096092E-01    7.413962E-02 
   470   -2.926457E-02    9.214133E-01    8.910207E-01    9.011464E-02 
   471   -2.817392E-02    9.063654E-01    8.705516E-01    1.086239E-01 
   472   -2.705968E-02    8.899813E-01    8.484252E-01    1.303856E-01 
   473   -2.592212E-02    8.723823E-01    8.248360E-01    1.556523E-01 
   474   -2.476378E-02    8.536312E-01    7.998905E-01    1.839864E-01 
   475   -2.358402E-02    8.336660E-01    7.735506E-01    2.148106E-01 
   476   -2.237717E-02    8.123449E-01    7.457041E-01    2.471199E-01 
   477   -2.113392E-02    7.895954E-01    7.163487E-01    2.794516E-01 
   478   -1.984638E-02    7.656515E-01    6.858637E-01    3.110426E-01 
   479   -1.851096E-02    7.411467E-01    6.550862E-01    3.426812E-01 
   480   -1.712819E-02    7.168830E-01    6.250104E-01    3.767543E-01 
   481   -1.569828E-02    6.933891E-01    5.962434E-01    4.158240E-01 
   482   -1.422225E-02    6.707045E-01    5.687940E-01    4.597711E-01 
   483   -1.270192E-02    6.484159E-01    5.421767E-01    5.050158E-01 
   484   -1.113453E-02    6.260161E-01    5.158482E-01    5.480877E-01 
   485   -9.510067E-03    6.033778E-01    4.897060E-01    5.869784E-01 
   486   -7.810798E-03    5.811406E-01    4.644551E-01    6.216574E-01 
   487   -6.032563E-03    5.609663E-01    4.418374E-01    6.531117E-01 
   488   -4.193679E-03    5.452182E-01    4.242604E-01    6.774046E-01 
   489   -2.320952E-03    5.362447E-01    4.140339E-01    6.916312E-01 
   490   -4.035489E-04    5.351377E-01    4.120984E-01    7.012994E-01 
   491    1.524543E-03    5.391830E-01    4.155015E-01    7.106734E-01 
   492    3.322252E-03    5.421668E-01    4.177951E-01    7.089560E-01 
   493    5.071365E-03    5.411665E-01    4.161171E-01    6.985166E-01 
   494    6.967287E-03    5.365310E-01    4.121558E-01    6.776178E-01 
   495    8.925838E-03    5.297088E-01    4.107117E-01    6.548053E-01 
   496    1.073603E-02    5.218868E-01    4.143253E-01    6.589442E-01 
   497    1.256918E-02    5.135399E-01    4.211139E-01    6.791945E-01 
   498    1.477838E-02    5.054659E-01    4.308288E-01    6.922335E-01 
   499    1.689796E-02    4.967555E-01    4.496717E-01    6.877383E-01 
   500    1.695657E-02    4.964304E-01    3.454648E-01    6.794529E-01 
   501    1.813514E-02    4.883380E-01    3.689125E-01    6.794798E-01 
   502    1.896749E-02    4.816945E-01    3.916651E-01    6.768366E-01 
   503    1.958262E-02    4.762918E-01    4.114583E-01    6.721466E-01 
   504    2.006845E-02    4.720436E-01    4.256123E-01    6.656757E-01 
   505    2.058490E-02    4.676143E-01    4.321880E-01    6.634812E-01 
   506    2.112513E-02    4.629591E-01    4.328489E-01    6.622011E-01 
   507    2.159401E-02    4.590538E-01    4.305722E-01    6.554010E-01 
   508    2.199818E-02    4.560397E-01    4.272846E-01    6.422537E-01 
   509    2.250788E-02    4.529222E-01    4.233857E-01    6.332206E-01 
   510    2.313125E-02    4.499396E-01    4.198240E-01    6.295353E-01 
   511    2.378777E-02    4.478332E-01    4.173963E-01    6.318308E-01 
   512    2.444358E-02    4.468511E-01    4.163151E-01    6.399665E-01 
   513    2.507951E-02    4.469096E-01    4.164716E-01    6.513206E-01 
   514    2.565114E-02    4.477215E-01    4.174522E-01    6.561134E-01 
   515    2.619016E-02    4.490578E-01    4.190230E-01    6.589378E-01 
   516    2.672938E-02    4.507801E-01    4.210723E-01    6.636229E-01 
   517    2.728110E-02    4.526806E-01    4.233997E-01    6.714976E-01 
   518    2.781778E-02    4.544532E-01    4.255518E-01    6.777737E-01 
   519    2.834619E-02    4.559471E-01    4.273383E-01    6.840836E-01 
   520    2.887323E-02    4.570059E-01    4.285538E-01    6.902289E-01 
   521    2.940209E-02    4.574731E-01    4.290043E-01    6.958127E-01 
   522    2.993363E-02    4.572066E-01    4.284878E-01    6.999911E-01 
   523    3.046743E-02    4.560992E-01    4.268608E-01    7.022304E-01 
   524    3.100334E-02    4.540848E-01    4.240216E-01    7.022100E-01 
   525    3.154168E-02    4.511198E-01    4.199185E-01    6.999531E-01 
   526    3.208316E-02    4.471734E-01    4.145074E-01    6.955227E-01 
   527    3.262802E-02    4.422444E-01    4.078044E-01    6.884496E-01 
   528    3.317791E-02    4.363557E-01    3.998554E-01    6.780308E-01 
   529    3.373579E-02    4.295252E-01    3.907112E-01    6.636535E-01 
   530    3.430502E-02    4.217625E-01    3.804136E-01    6.452228E-01 
   531    3.488866E-02    4.130865E-01    3.690159E-01    6.233160E-01 
   532    3.548961E-02    4.035257E-01    3.565910E-01    5.975023E-01 
   533    3.610995E-02    3.931464E-01    3.432655E-01    5.671683E-01 
   534    3.675247E-02    3.820369E-01    3.291876E-01    5.323488E-01 
   535    3.741953E-02    3.703242E-01    3.145633E-01    4.936085E-01 
   536    3.811354E-02    3.581798E-01    2.996473E-01    4.514044E-01 
   537    3.883621E-02    3.458283E-01    2.847458E-01    4.055955E-01 
   538    3.958906E-02    3.335208E-01    2.701731E-01    3.570795E-01 
   539    4.037332E-02    3.215202E-01    2.562434E-01    3.075613E-01 
   540    4.118903E-02    3.101021E-01    2.432548E-01    2.585548E-01 
   541    4.203544E-02    2.995190E-01    2.314563E-01    2.113951E-01 
   542    4.291065E-02    2.899747E-01    2.210194E-01    1.678625E-01 
   543    4.381229E-02    2.816060E-01    2.120363E-01    1.296897E-01 
   544    4.473681E-02    2.744794E-01    2.045102E-01    9.755453E-02 
   545    4.568051E-02    2.685810E-01    1.983696E-01    7.162022E-02 
   546    4.663959E-02    2.638321E-01    1.934824E-01    5.135511E-02 
   547    4.761061E-02    2.601078E-01    1.896845E-01    3.610041E-02 
   548    4.859063E-02    2.572584E-01    1.867983E-01    2.494351E-02 
   549    4.957719E-02    2.551280E-01    1.846497E-01    1.692391E-02 
   550    5.056843E-02    2.535673E-01    1.830801E-01    1.129357E-02 
   551    5.156294E-02    2.524455E-01    1.819540E-01    7.421014E-03 
   552    5.255970E-02    2.516534E-01    1.811593E-01    4.804506E-03 
   553    5.355797E-02    2.511029E-01    1.806071E-01    3.064989E-03 
   554    5.455724E-02    2.507261E-01    1.802290E-01    1.925896E-03 
   555    5.555716E-02    2.504717E-01    1.799737E-01    1.190834E-03 
   556    5.655749E-02    2.503023E-01    1.798037E-01    7.234727E-04 
   557    5.755809E-02    2.501911E-01    1.796920E-01    4.309918E-04 
   558    5.855885E-02    2.501190E-01    1.796196E-01    2.509624E-04 
   559    5.955972E-02    2.500730E-01    1.795733E-01    1.422015E-04 
   560    6.056064E-02    2.500440E-01    1.795442E-01    7.789920E-05 
   561    6.156160E-02    2.500260E-01    1.795262E-01    4.081429E-05 
   562    6.256258E-02    2.500151E-01    1.795151E-01    2.006648E-05 
   563    6.356357E-02    2.500085E-01    1.795085E-01    8.869418E-06 
   564    6.456456E-02    2.500046E-01    1.795047E-01    3.047480E-06 
   565    6.556556E-02    2.500024E-01    1.795024E-01    3.537669E-07 
   566    6.656656E-02    2.500012E-01    1.795012E-01   -6.545196E-07 
   567    6.756757E-02    2.500006E-01    1.795006E-01   -8.473794E-07 
   568    6.856857E-02    2.500002E-01    1.795002E-01   -7.191591E-07 
   569    6.956957E-02    2.500001E-01    1.795001E-01   -5.133938E-07 
   570    7.057057E-02    2.500000E-01    1.795000E-01   -3.281402E-07 
   571    7.157157E-02    2.500000E-01    1.795000E-01   -1.912988E-07 
   572    7.257257E-02    2.500000E-01    1.795000E-01   -1.017672E-07 
   573    7.357357E-02    2.500000E-01    1.795000E-01   -4.825804E-08 
   574    7.457457E-02    2.500000E-01    1.795000E-01   -1.905149E-08 
   575    7.557558E-02    2.500000E-01    1.795000E-01   -4.668058E-09 
   576    7.657658E-02    2.500000E-01    1.795000E-01    1.655485E-09 
   577    7.757758E-02    2.500000E-01    1.795000E-01    3.906956E-09 
   578    7.857858E-02    2.500000E-01    1.795000E-01    4.221933E-09 
   579    7.957958E-02    2.500000E-01    1.795000E-01    3.719979E-09 
   580    8.058058E-02    2.500000E-01    1.795000E-01    2.961198E-09 
   581    8.158158E-02    2.500000E-01    1.795000E-01    2.210061E-09 
   582    8.258258E-02    2.500000E-01    1.795000E-01    1.571476E-09 
   583    8.358358E-02    2.500000E-01    1.795000E-01    1.072882E-09 
   584    8.458458E-02    2.500000E-01    1.795000E-01    7.069494E-10 
   585    8.558559E-02    2.500000E-01    1.795000E-01    4.509752E-10 
   586    8.658659E-02    2.500000E-01    1.795000E-01    2.786058E-10 
   587    8.758759E-02    2.500000E-01    1.795000E-01    1.664625E-10 
   588    8.858859E-02    2.500000E-01    1.795000E-01    9.585108E-11 
   589    8.958959E-02    2.500000E-01    1.795000E-01    5.284785E-11 
   590    9.059059E-02    2.500000E-01    1.795000E-01    2.757865E-11 
   591    9.159159E-02    2.500000E-01    1.795000E-01    1.331899E-11 
   592    9.259259E-02    2.500000E-01    1.795000E-01    5.563296E-12 
   593    9.359359E-02    2.500000E-01    1.795000E-01    1.683151E-12 
   594    9.459459E-02    2.500000E-01    1.795000E-01    1.047017E-14 
   595    9.559560E-02    2.500000E-01    1.795000E-01   -5.396804E-13 
   596    9.659660E-02    2.500000E-01    1.795000E-01   -5.876571E-13 
   597    9.759760E-02    2.500000E-01    1.795000E-01   -4.592137E-13 
   598    9.859860E-02    2.500000E-01    1.795000E-01   -3.073339E-13 
   599    9.959960E-02    2.500000E-01    1.795000E-01   -1.834130E-13 
   600    1.006006E-01    2.500000E-01    1.795000E-01   -9.831585E-14 
   601    1.016016E-01    2.500000E-01    1.795000E-01   -4.668112E-14 
   602    1.026026E-01    2.500000E-01    1.795000E-01   -1.810442E-14 
   603    1.036036E-01    2.500000E-01    1.795000E-01   -3.088394E-15 
   604    1.046046E-01    2.500000E-01    1.795000E-01    2.178417E-15 
   605    1.056056E-01    2.500000E-01    1.795000E-01    3.662030E-15 
   606    1.066066E-01    2.500000E-01    1.795000E-01    3.363093E-15 
   607    1.076076E-01    2.500000E-01    1.795000E-01    2.107266E-15 
   608    1.086086E-01    2.500000E-01    1.795000E-01   -6.316218E-16 
   609    1.096096E-01    2.500000E-01    1.795000E-01   -7.644821E-16 
   610    1.106106E-01    2.500000E-01    1.795000E-01   -8.401100E-16 
   611    1.116116E-01    2.500000E-01    1.795000E-01   -2.354215E-16 
   612    1.126126E-01    2.500000E-01    1.795000E-01    7.160402E-16 
   613    1.136136E-01    2.500000E-01    1.795000E-01    1.019847E-15 
   614    1.146146E-01    2.500000E-01    1.795000E-01   -7.853277E-17 
   615    1.156156E-01    2.500000E-01    1.795000E-01   -5.401924E-16 
   616    1.166166E-01    2.500000E-01    1.795000E-01   -9.117733E-16 
   617    1.176176E-01    2.500000E-01    1.795000E-01   -9.310301E-16 
   618    1.186186E-01    2.500000E-01    1.795000E-01   -5.538030E-16 
   619    1.196196E-01    2.500000E-01    1.795000E-01   -9.808351E-16 
   620    1.206206E-01    2.500000E-01    1.795000E-01   -5.359506E-16 
   621    1.216216E-01    2.500000E-01    1.795000E-01   -3.939761E-16 
   622    1.226226E-01    2.500000E-01    1.795000E-01   -4.425176E-16 
   623    1.236236E-01    2.500000E-01    1.795000E-01   -1.903456E-16 
   624    1.246246E-01    2.500000E-01    1.795000E-01   -5.113198E-16 
   625    1.256256E-01    2.500000E-01    1.795000E-01    1.511895E-16 
   626    1.266266E-01    2.500000E-01    1.795000E-01   -3.083881E-16 
   627    1.276276E-01    2.500000E-01    1.795000E-01   -4.784522E-16 
   628    1.286286E-01    2.500000E-01    1.795000E-01    1.980288E-16 
   629    1.296296E-01    2.500000E-01    1.795000E-01   -2.591199E-16 
   630    1.306306E-01    2.500000E-01    1.795000E-01    1.486570E-16 
   631    1.316316E-01    2.500000E-01    1.795000E-01   -3.353904E-16 
   632    1.326326E-01    2.500000E-01    1.795000E-01   -4.063813E-16 
   633    1.336336E-01    2.500000E-01    1.795000E-01    1.259897E-16 
   634    1.346346E-01    2.500000E-01    1.795000E-01   -3.311458E-16 
   635    1.356356E-01    2.500000E-01    1.795000E-01    1.486570E-16 
   636    1.366366E-01    2.500000E-01    1.795000E-01   -3.984351E-16 
   637    1.376376E-01    2.500000E-01    1.795000E-01   -4.784162E-16 
   638    1.386386E-01    2.500000E-01    1.795000E-01    1.259897E-16 
   639    1.396396E-01    2.500000E-01    1.795000E-01   -3.311421E-16 
   640    1.406406E-01    2.500000E-01    1.795000E-01    1.486570E-16 
   641    1.416416E-01    2.500000E-01    1.795000E-01   -3.984351E-16 
   642    1.426426E-01    2.500000E-01    1.795000E-01   -4.784164E-16 
   643    1.436436E-01    2.500000E-01    1.795000E-01    1.259897E-16 
   644    1.446446E-01    2.500000E-01    1.795000E-01   -3.311421E-16 
   645    1.456456E-01    2.500000E-01    1.795000E-01    1.486570E-16 
   646    1.466466E-01    2.500000E-01    1.795000E-01   -3.984351E-16 
   647    1.476476E-01    2.500000E-01    1.795000E-01   -4.784164E-16 
   648    1.486486E-01    2.500000E-01    1.795000E-01    1.259897E-16 
   649    1.496496E-01    2.500000E-01    1.795000E-01   -3.311421E-16 
   650    1.506507E-01    2.500000E-01    1.795000E-01    9.968301E-17 
   651    1.516517E-01    2.500000E-01    1.795000E-01   -2.903571E-16 
   652    1.526527E-01    2.500000E-01    1.795000E-01   -4.784164E-16 
   653    1.536537E-01    2.500000E-01    1.795000E-01    1.368262E-16 
   654    1.546547E-01    2.500000E-01    1.795000E-01   -3.311421E-16 
   655    1.556557E-01    2.500000E-01    1.795000E-01    2.200000E-16 
   656    1.566567E-01    2.500000E-01    1.795000E-01   -3.290648E-16 
   657    1.576577E-01    2.500000E-01    1.795000E-01   -4.046759E-16 
   658    1.586587E-01    2.500000E-01    1.795000E-01    4.222166E-16 
   659    1.596597E-01    2.500000E-01    1.795000E-01   -5.378454E-17 
   660    1.606607E-01    2.500000E-01    1.795000E-01    8.657400E-16 
   661    1.616617E-01    2.500000E-01    1.795000E-01    6.579488E-16 
   662    1.626627E-01    2.500000E-01    1.795000E-01    6.713482E-16 
   663    1.636637E-01    2.500000E-01    1.795000E-01    9.967114E-16 
   664    1.646647E-01    2.500000E-01    1.795000E-01    6.124311E-16 
   665    1.656657E-01    2.500000E-01    1.795000E-01    4.582142E-16 
   666    1.666667E-01    2.500000E-01    1.795000E-01   -1.934829E-16 
   667    1.676677E-01    2.500000E-01    1.795000E-01   -1.088718E-15 
   668    1.686687E-01    2.500000E-01    1.795000E-01   -6.496573E-16 
   669    1.696697E-01    2.500000E-01    1.795000E-01    7.979757E-16 
   670    1.706707E-01    2.500000E-01    1.795000E-01    1.838217E-15 
   671    1.716717E-01    2.500000E-01    1.795000E-01    2.623583E-15 
   672    1.726727E-01    2.500000E-01    1.795000E-01    3.679447E-15 
   673    1.736737E-01    2.500000E-01    1.795000E-01    1.597902E-15 
   674    1.746747E-01    2.500000E-01    1.795000E-01    3.965508E-16 
   675    1.756757E-01    2.500000E-01    1.795000E-01   -4.708182E-16 
   676    1.766767E-01    2.500000E-01    1.795000E-01   -1.630131E-15 
   677    1.776777E-01    2.500000E-01    1.795000E-01   -3.816108E-15 
   678    1.786787E-01    2.500000E-01    1.795000E-01   -2.745908E-15 
   679    1.796797E-01    2.500000E-01    1.795000E-01   -2.009263E-15 
   680    1.806807E-01    2.500000E-01    1.795000E-01   -7.396443E-16 
   681    1.816817E-01    2.500000E-01    1.795000E-01    6.147171E-16 
   682    1.826827E-01    2.500000E-01    1.795000E-01    1.019847E-15 
   683    1.836837E-01    2.500000E-01    1.795000E-01    2.954524E-17 
   684    1.846847E-01    2.500000E-01    1.795000E-01   -5.401924E-16 
   685    1.856857E-01    2.500000E-01    1.795000E-01   -9.117733E-16 
   686    1.866867E-01    2.500000E-01    1.795000E-01   -8.229520E-16 
   687    1.876877E-01    2.500000E-01    1.795000E-01   -5.538030E-16 
   688    1.886887E-01    2.500000E-01    1.795000E-01   -9.808351E-16 
   689    1.896897E-01    2.500000E-01    1.795000E-01   -5.359506E-16 
   690    1.906907E-01    2.500000E-01    1.795000E-01   -3.939761E-16 
   691    1.916917E-01    2.500000E-01    1.795000E-01   -4.425176E-16 
   692    1.926927E-01    2.500000E-01    1.795000E-01   -1.903456E-16 
   693    1.936937E-01    2.500000E-01    1.795000E-01   -5.113198E-16 
   694    1.946947E-01    2.500000E-01    1.795000E-01    1.511895E-16 
   695    1.956957E-01    2.500000E-01    1.795000E-01   -3.083881E-16 
   696    1.966967E-01    2.500000E-01    1.795000E-01   -4.784522E-16 
   697    1.976977E-01    2.500000E-01    1.795000E-01    1.980288E-16 
   698    1.986987E-01    2.500000E-01    1.795000E-01   -2.591199E-16 
   699    1.996997E-01    2.500000E-01    1.795000E-01    1.486570E-16 
   700    2.007007E-01    2.500000E-01    1.795000E-01   -3.353904E-16 
   701    2.017017E-01    2.500000E-01    1.795000E-01   -4.063813E-16 
   702    2.027027E-01    2.500000E-01    1.795000E-01    1.259897E-16 
   703    2.037037E-01    2.500000E-01    1.795000E-01   -3.311458E-16 
   704    2.047047E-01    2.500000E-01    1.795000E-01    1.486570E-16 
   705    2.057057E-01    2.500000E-01    1.795000E-01   -3.984351E-16 
   706    2.067067E-01    2.500000E-01    1.795000E-01   -4.784162E-16 
   707    2.077077E-01    2.500000E-01    1.795000E-01    1.259897E-16 
   708    2.087087E-01    2.500000E-01    1.795000E-01   -3.311421E-16 
   709    2.097097E-01    2.500000E-01    1.795000E-01    9.968301E-17 
   710    2.107107E-01    2.500000E-01    1.795000E-01   -2.903571E-16 
   711    2.117117E-01    2.500000E-01    1.795000E-01   -4.784164E-16 
   712    2.127127E-01    2.500000E-01    1.795000E-01    1.368262E-16 
   713    2.137137E-01    2.500000E-01    1.795000E-01   -3.311421E-16 
   714    2.147147E-01    2.500000E-01    1.795000E-01    2.200000E-16 
   715    2.157157E-01    2.500000E-01    1.795000E-01   -3.290648E-16 
   716    2.167167E-01    2.500000E-01    1.795000E-01   -4.046759E-16 
   717    2.177177E-01    2.500000E-01    1.795000E-01    4.222166E-16 
   718    2.187187E-01    2.500000E-01    1.795000E-01   -5.378454E-17 
   719    2.197197E-01    2.500000E-01    1.795000E-01    8.657400E-16 
   720    2.207207E-01    2.500000E-01    1.795000E-01    6.579488E-16 
   721    2.217217E-01    2.500000E-01    1.795000E-01    6.713482E-16 
   722    2.227227E-01    2.500000E-01    1.795000E-01    9.967114E-16 
   723    2.237237E-01    2.500000E-01    1.795000E-01    6.124311E-16 
   724    2.247247E-01    2.500000E-01    1.795000E-01    4.582142E-16 
   725    2.257257E-01    2.500000E-01    1.795000E-01   -1.934829E-16 
   726    2.267267E-01    2.500000E-01    1.795000E-01   -1.088718E-15 
   727    2.277277E-01    2.500000E-01    1.795000E-01   -6.496573E-16 
   728    2.287287E-01    2.500000E-01    1.795000E-01    7.979757E-16 
   729    2.297297E-01    2.500000E-01    1.795000E-01    1.838217E-15 
   730    2.307307E-01    2.500000E-01    1.795000E-01    2.623583E-15 
   731    2.317317E-01    2.500000E-01    1.795000E-01    3.679447E-15 
   732    2.327327E-01    2.500000E-01    1.795000E-01    1.597902E-15 
   733    2.337337E-01    2.500000E-01    1.795000E-01    3.965508E-16 
   734    2.347347E-01    2.500000E-01    1.795000E-01   -4.708182E-16 
   735    2.357357E-01    2.500000E-01    1.795000E-01   -1.630131E-15 
   736    2.367367E-01    2.500000E-01    1.795000E-01   -3.816108E-15 
   737    2.377377E-01    2.500000E-01    1.795000E-01   -2.745908E-15 
   738    2.387387E-01    2.500000E-01    1.795000E-01   -2.009263E-15 
   739    2.397397E-01    2.500000E-01    1.795000E-01   -7.396443E-16 
   740    2.407407E-01    2.500000E-01    1.795000E-01    6.147171E-16 
   741    2.417417E-01    2.500000E-01    1.795000E-01    1.019847E-15 
   742    2.427427E-01    2.500000E-01    1.795000E-01    2.954524E-17 
   743    2.437437E-01    2.500000E-01    1.795000E-01   -5.401924E-16 
   744    2.447447E-01    2.500000E-01    1.795000E-01   -9.117733E-16 
   745    2.457457E-01    2.500000E-01    1.795000E-01   -8.229520E-16 
   746    2.467467E-01    2.500000E-01    1.795000E-01   -5.538030E-16 
   747    2.477477E-01    2.500000E-01    1.795000E-01   -9.808351E-16 
   748    2.487487E-01    2.500000E-01    1.795000E-01   -5.359506E-16 
   749    2.497497E-01    2.500000E-01    1.795000E-01   -3.939761E-16 
   750    2.507508E-01    2.500000E-01    1.795000E-01   -4.425176E-16 
   751    2.517518E-01    2.500000E-01    1.795000E-01   -1.903456E-16 
   752    2.527528E-01    2.500000E-01    1.795000E-01   -5.113198E-16 
   753    2.537538E-01    2.500000E-01    1.795000E-01    1.511895E-16 
   754    2.547548E-01    2.500000E-01    1.795000E-01   -3.083881E-16 
   755    2.557558E-01    2.500000E-01    1.795000E-01   -4.784522E-16 
   756    2.567568E-01    2.500000E-01    1.795000E-01    1.980288E-16 
   757    2.577578E-01    2.500000E-01    1.795000E-01   -2.591199E-16 
   758    2.587588E-01    2.500000E-01    1.795000E-01    1.486570E-16 
   759    2.597598E-01    2.500000E-01    1.795000E-01   -3.353904E-16 
   760    2.607608E-01    2.500000E-01    1.795000E-01   -4.063813E-16 
   761    2.617618E-01    2.500000E-01    1.795000E-01    1.259897E-16 
   762    2.627628E-01    2.500000E-01    1.795000E-01   -3.311458E-16 
   763    2.637638E-01    2.500000E-01    1.795000E-01    1.486570E-16 
   764    2.647648E-01    2.500000E-01    1.795000E-01   -3.984351E-16 
   765    2.657658E-01    2.500000E-01    1.795000E-01   -4.784162E-16 
   766    2.667668E-01    2.500000E-01    1.795000E-01    1.259897E-16 
   767    2.677678E-01    2.500000E-01    1.795000E-01   -3.311421E-16 
   768    2.687688E-01    2.500000E-01    1.795000E-01    1.486570E-16 
   769    2.697698E-01    2.500000E-01    1.795000E-01   -3.984351E-16 
   770    2.707708E-01    2.500000E-01    1.795000E-01   -4.784164E-16 
   771    2.717718E-01    2.500000E-01    1.795000E-01    1.259897E-16 
   772    2.727728E-01    2.500000E-01    1.795000E-01   -3.311421E-16 
   773    2.737738E-01    2.500000E-01    1.795000E-01    1.486570E-16 
   774    2.747748E-01    2.500000E-01    1.795000E-01   -3.984351E-16 
   775    2.757758E-01    2.500000E-01    1.795000E-01   -4.784164E-16 
   776    2.767768E-01    2.500000E-01    1.795000E-01    1.259897E-16 
   777    2.777778E-01    2.500000E-01    1.795000E-01   -3.311421E-16 
   778    2.787788E-01    2.500000E-01    1.795000E-01    9.968301E-17 
   779    2.797798E-01    2.500000E-01    1.795000E-01   -2.903571E-16 
   780    2.807808E-01    2.500000E-01    1.795000E-01   -4.784164E-16 
   781    2.817818E-01    2.500000E-01    1.795000E-01    1.368262E-16 
   782    2.827828E-01    2.500000E-01    1.795000E-01   -3.311421E-16 
   783    2.837838E-01    2.500000E-01    1.795000E-01    2.200000E-16 
   784    2.847848E-01    2.500000E-01    1.795000E-01   -3.290648E-16 
   785    2.857858E-01    2.500000E-01    1.795000E-01   -4.046759E-16 
   786    2.867868E-01    2.500000E-01    1.795000E-01    4.222166E-16 
   787    2.877878E-01    2.500000E-01    1.795000E-01   -5.378454E-17 
   788    2.887888E-01    2.500000E-01    1.795000E-01    8.657400E-16 
   789    2.897898E-01    2.500000E-01    1.795000E-01    6.579488E-16 
   790    2.907908E-01    2.500000E-01    1.795000E-01    6.713482E-16 
   791    2.917918E-01    2.500000E-01    1.795000E-01    9.967114E-16 
   792    2.927928E-01    2.500000E-01    1.795000E-01    6.124311E-16 
   793    2.937938E-01    2.500000E-01    1.795000E-01    4.582142E-16 
   794    2.947948E-01    2.500000E-01    1.795000E-01   -1.934829E-16 
   795    2.957958E-01    2.500000E-01    1.795000E-01   -1.088718E-15 
   796    2.967968E-01    2.500000E-01    1.795000E-01   -6.496573E-16 
   797    2.977978E-01    2.500000E-01    1.795000E-01    7.979757E-16 
   798    2.987988E-01    2.500000E-01    1.795000E-01    1.838217E-15 
   799    2.997998E-01    2.500000E-01    1.795000E-01    2.623583E-15 
   800    3.008008E-01    2.500000E-01    1.795000E-01    3.679447E-15 
   801    3.018018E-01    2.500000E-01    1.795000E-01    1.597902E-15 
   802    3.028028E-01    2.500000E-01    1.795000E-01    3.965508E-16 
   803    3.038038E-01    2.500000E-01    1.795000E-01   -4.708182E-16 
   804    3.048048E-01    2.500000E-01    1.795000E-01   -1.630131E-15 
   805    3.058058E-01    2.500000E-01    1.795000E-01   -3.816108E-15 
   806    3.068068E-01    2.500000E-01    1.795000E-01   -2.745908E-15 
   807    3.078078E-01    2.500000E-01    1.795000E-01   -2.009263E-15 
   808    3.088088E-01    2.500000E-01    1.795000E-01   -7.396443E-16 
   809    3.098098E-01    2.500000E-01    1.795000E-01    6.147171E-16 
   810    3.108108E-01    2.500000E-01    1.795000E-01    1.019847E-15 
   811    3.118118E-01    2.500000E-01    1.795000E-01    2.954524E-17 
   812    3.128128E-01    2.500000E-01    1.795000E-01   -5.401924E-16 
   813    3.138138E-01    2.500000E-01    1.795000E-01   -9.117733E-16 
   814    3.148148E-01    2.500000E-01    1.795000E-01   -8.229520E-16 
   815    3.158158E-01    2.500000E-01    1.795000E-01   -5.538030E-16 
   816    3.168168E-01    2.500000E-01    1.795000E-01   -9.808351E-16 
   817    3.178178E-01    2.500000E-01    1.795000E-01   -5.359506E-16 
   818    3.188188E-01    2.500000E-01    1.795000E-01   -3.939761E-16 
   819    3.198198E-01    2.500000E-01    1.795000E-01   -4.425176E-16 
   820    3.208208E-01    2.500000E-01    1.795000E-01   -1.903456E-16 
   821    3.218218E-01    2.500000E-01    1.795000E-01   -5.113198E-16 
   822    3.228228E-01    2.500000E-01    1.795000E-01    1.511895E-16 
   823    3.238238E-01    2.500000E-01    1.795000E-01   -3.083881E-16 
   824    3.248248E-01    2.500000E-01    1.795000E-01   -4.784522E-16 
   825    3.258258E-01    2.500000E-01    1.795000E-01    1.980288E-16 
   826    3.268268E-01    2.500000E-01    1.795000E-01   -2.591199E-16 
   827    3.278278E-01    2.500000E-01    1.795000E-01    1.486570E-16 
   828    3.288288E-01    2.500000E-01    1.795000E-01   -3.353904E-16 
   829    3.298298E-01    2.500000E-01    1.795000E-01   -4.063813E-16 
   830    3.308308E-01    2.500000E-01    1.795000E-01    1.259897E-16 
   831    3.318318E-01    2.500000E-01    1.795000E-01   -3.311458E-16 
   832    3.328328E-01    2.500000E-01    1.795000E-01    1.486570E-16 
   833    3.338338E-01    2.500000E-01    1.795000E-01   -3.984351E-16 
   834    3.348348E-01    2.500000E-01    1.795000E-01   -4.784162E-16 
   835    3.358358E-01    2.500000E-01    1.795000E-01    1.259897E-16 
   836    3.368368E-01    2.500000E-01    1.795000E-01   -3.311421E-16 
   837    3.378378E-01    2.500000E-01    1.795000E-01    9.968301E-17 
   838    3.388388E-01    2.500000E-01    1.795000E-01   -2.903571E-16 
   839    3.398398E-01    2.500000E-01    1.795000E-01   -4.784164E-16 
   840    3.408408E-01    2.500000E-01    1.795000E-01    1.368262E-16 
   841    3.418418E-01    2.500000E-01    1.795000E-01   -3.311421E-16 
   842    3.428428E-01    2.500000E-01    1.795000E-01    2.200000E-16 
   843    3.438438E-01    2.500000E-01    1.795000E-01   -3.290648E-16 
   844    3.448448E-01    2.500000E-01    1.795000E-01   -4.046759E-16 
   845    3.458458E-01    2.500000E-01    1.795000E-01    4.222166E-16 
   846    3.468468E-01    2.500000E-01    1.795000E-01   -5.378454E-17 
   847    3.478478E-01    2.500000E-01    1.795000E-01    8.657400E-16 
   848    3.488488E-01    2.500000E-01    1.795000E-01    6.579488E-16 
   849    3.498498E-01    2.500000E-01    1.795000E-01    6.713482E-16 
   850    3.508509E-01    2.500000E-01    1.795000E-01    9.967114E-16 
   851    3.518519E-01    2.500000E-01    1.795000E-01    6.124311E-16 
   852    3.528529E-01    2.500000E-01    1.795000E-01    4.582142E-16 
   853    3.538539E-01    2.500000E-01    1.795000E-01   -1.934829E-16 
   854    3.548549E-01    2.500000E-01    1.795000E-01   -1.088718E-15 
   855    3.558559E-01    2.500000E-01    1.795000E-01   -6.496573E-16 
   856    3.568569E-01    2.500000E-01    1.795000E-01    7.979757E-16 
   857    3.578579E-01    2.500000E-01    1.795000E-01    1.838217E-15 
   858    3.588589E-01    2.500000E-01    1.795000E-01    2.623583E-15 
   859    3.598599E-01    2.500000E-01    1.795000E-01    3.679447E-15 
   860    3.608609E-01    2.500000E-01    1.795000E-01    1.597902E-15 
   861    3.618619E-01    2.500000E-01    1.795000E-01    3.965508E-16 
   862    3.628629E-01    2.500000E-01    1.795000E-01   -4.708182E-16 
   863    3.638639E-01    2.500000E-01    1.795000E-01   -1.630131E-15 
   864    3.648649E-01    2.500000E-01    1.795000E-01   -3.816108E-15 
   865    3.658659E-01    2.500000E-01    1.795000E-01   -2.745908E-15 
   866    3.668669E-01    2.500000E-01    1.795000E-01   -2.009263E-15 
   867    3.678679E-01    2.500000E-01    1.795000E-01   -7.396443E-16 
   868    3.688689E-01    2.500000E-01    1.795000E-01    6.147171E-16 
   869    3.698699E-01    2.500000E-01    1.795000E-01    1.019847E-15 
   870    3.708709E-01    2.500000E-01    1.795000E-01    2.954524E-17 
   871    3.718719E-01    2.500000E-01    1.795000E-01   -5.401924E-16 
   872    3.728729E-01    2.500000E-01    1.795000E-01   -9.117733E-16 
   873    3.738739E-01    2.500000E-01    1.795000E-01   -8.229520E-16 
   874    3.748749E-01    2.500000E-01    1.795000E-01   -5.538030E-16 
   875    3.758759E-01    2.500000E-01    1.795000E-01   -9.808351E-16 
   876    3.768769E-01    2.500000E-01    1.795000E-01   -5.359506E-16 
   877    3.778779E-01    2.500000E-01    1.795000E-01   -3.939761E-16 
   878    3.788789E-01    2.500000E-01    1.795000E-01   -4.425176E-16 
   879    3.798799E-01    2.500000E-01    1.795000E-01   -1.903456E-16 
   880    3.808809E-01    2.500000E-01    1.795000E-01   -5.113198E-16 
   881    3.818819E-01    2.500000E-01    1.795000E-01    1.511895E-16 
   882    3.828829E-01    2.500000E-01    1.795000E-01   -3.083881E-16 
   883    3.838839E-01    2.500000E-01    1.795000E-01   -4.784522E-16 
   884    3.848849E-01    2.500000E-01    1.795000E-01    1.980288E-16 
   885    3.858859E-01    2.500000E-01    1.795000E-01   -2.582756E-16 
   886    3.868869E-01    2.500000E-01    1.795000E-01    1.544268E-16 
   887    3.878879E-01    2.500000E-01    1.795000E-01   -3.038677E-16 
   888    3.888889E-01    2.500000E-01    1.795000E-01   -3.568456E-16 
   889    3.898899E-01    2.500000E-01    1.795000E-01    2.626350E-16 
   890    3.908909E-01    2.500000E-01    1.795000E-01   -1.655109E-16 
   891    3.918919E-01    2.500000E-01    1.795000E-01    3.748032E-16 
   892    3.928929E-01    2.500000E-01    1.795000E-01   -2.995074E-16 
   893    3.938939E-01    2.500000E-01    1.795000E-01   -1.026692E-15 
   894    3.948949E-01    2.500000E-01    1.795000E-01   -2.508987E-15 
   895    3.958959E-01    2.500000E-01    1.795000E-01   -6.434892E-15 
   896    3.968969E-01    2.500000E-01    1.795000E-01   -1.217956E-14 
   897    3.978979E-01    2.500000E-01    1.795000E-01   -2.248152E-14 
   898    3.988989E-01    2.500000E-01    1.795000E-01   -3.893217E-14 
   899    3.998999E-01    2.500000E-01    1.795000E-01   -6.409438E-14 
   900    4.009009E-01    2.500000E-01    1.795000E-01   -1.042500E-13 
   901    4.019019E-01    2.500000E-01    1.795000E-01   -1.633137E-13 
   902    4.029029E-01    2.500000E-01    1.795000E-01   -2.473503E-13 
   903    4.039039E-01    2.500000E-01    1.795000E-01   -3.621928E-13 
   904    4.049049E-01    2.500000E-01    1.795000E-01   -5.096089E-13 
   905    4.059059E-01    2.500000E-01    1.795000E-01   -6.792376E-13 
   906    4.069069E-01    2.500000E-01    1.795000E-01   -8.498299E-13 
   907    4.079079E-01    2.500000E-01    1.795000E-01   -9.633133E-13 
   908    4.089089E-01    2.500000E-01    1.795000E-01   -8.972970E-13 
   909    4.099099E-01    2.500000E-01    1.795000E-01   -4.130979E-13 
   910    4.109109E-01    2.500000E-01    1.795000E-01    9.156980E-13 
   911    4.119119E-01    2.500000E-01    1.795000E-01    3.892117E-12 
   912    4.129129E-01    2.500000E-01    1.795000E-01    9.838587E-12 
   913    4.139139E-01    2.500000E-01    1.795000E-01    2.051995E-11 
   914    4.149149E-01    2.500000E-01    1.795000E-01    3.782159E-11 
   915    4.159159E-01    2.500000E-01    1.795000E-01    6.301319E-11 
   916    4.169169E-01    2.500000E-01    1.795000E-01    9.454677E-11 
   917    4.179179E-01    2.500000E-01    1.795000E-01    1.232105E-10 
   918    4.189189E-01    2.500000E-01    1.795000E-01    1.233458E-10 
   919    4.199199E-01    2.500000E-01    1.795000E-01    4.025250E-11 
   920    4.209209E-01    2.500000E-01    1.795000E-01   -2.292618E-10 
   921    4.219219E-01    2.500000E-01    1.795000E-01   -8.610510E-10 
   922    4.229229E-01    2.500000E-01    1.795000E-01   -2.119839E-09 
   923    4.239239E-01    2.500000E-01    1.795000E-01   -4.433036E-09 
   924    4.249249E-01    2.500000E-01    1.795000E-01   -8.554335E-09 
   925    4.259259E-01    2.500000E-01    1.795000E-01   -1.564187E-08 
   926    4.269269E-01    2.500000E-01    1.795000E-01   -2.748403E-08 
   927    4.279279E-01    2.500000E-01    1.795000E-01   -4.679809E-08 
   928    4.289289E-01    2.500000E-01    1.795000E-01   -7.763372E-08 
   929    4.299299E-01    2.500000E-01    1.795000E-01   -1.259602E-07 
   930    4.309309E-01    2.500001E-01    1.795001E-01   -2.004808E-07 
   931    4.319319E-01    2.500001E-01    1.795001E-01   -3.136514E-07 
   932    4.329329E-01    2.500002E-01    1.795002E-01   -4.830875E-07 
   933    4.339339E-01    2.500002E-01    1.795002E-01   -7.334114E-07 
   934    4.349349E-01    2.500003E-01    1.795003E-01   -1.098614E-06 
   935    4.359359E-01    2.500005E-01    1.795005E-01   -1.625115E-06 
   936    4.369369E-01    2.500007E-01    1.795007E-01   -2.375641E-06 
   937    4.379379E-01    2.500010E-01    1.795010E-01   -3.433912E-06 
   938    4.389389E-01    2.500014E-01    1.795014E-01   -4.910223E-06 
   939    4.399399E-01    2.500020E-01    1.795020E-01   -6.947936E-06 
   940    4.409409E-01    2.500027E-01    1.795027E-01   -9.730904E-06 
   941    4.419419E-01    2.500037E-01    1.795037E-01   -1.349203E-05 
   942    4.429429E-01    2.500050E-01    1.795050E-01   -1.852338E-05 
   943    4.439439E-01    2.500066E-01    1.795067E-01   -2.518777E-05 
   944    4.449449E-01    2.500088E-01    1.795089E-01   -3.393079E-05 
   945    4.459458E-01    2.500116E-01    1.795117E-01   -4.529124E-05 
   946    4.469468E-01    2.500152E-01    1.795153E-01   -5.990677E-05 
   947    4.479477E-01    2.500197E-01    1.795198E-01   -7.851249E-05 
   948    4.489487E-01    2.500253E-01    1.795254E-01   -1.019368E-04 
   949    4.499496E-01    2.500322E-01    1.795323E-01   -1.311003E-04 
   950    4.509505E-01    2.500406E-01    1.795408E-01   -1.670231E-04 
   951    4.519513E-01    2.500508E-01    1.795511E-01   -2.108370E-04 
   952    4.529521E-01    2.500630E-01    1.795634E-01   -2.637768E-04 
   953    4.539529E-01    2.500775E-01    1.795779E-01   -3.271136E-04 
   954    4.549536E-01    2.500945E-01    1.795950E-01   -4.019939E-04 
   955    4.559542E-01    2.501143E-01    1.796149E-01   -4.892182E-04 
   956    4.569548E-01    2.501369E-01    1.796377E-01   -5.891076E-04 
   957    4.579552E-01    2.501625E-01    1.796634E-01   -7.016853E-04 
   958    4.589556E-01    2.501910E-01    1.796920E-01   -8.270042E-04 
   959    4.599558E-01    2.502222E-01    1.797234E-01   -9.654549E-04 
   960    4.609559E-01    2.502559E-01    1.797573E-01   -1.117581E-03 
   961    4.619558E-01    2.502921E-01    1.797937E-01   -1.282854E-03 
   962    4.629556E-01    2.503306E-01    1.798324E-01   -1.457956E-03 
   963    4.639552E-01    2.503707E-01    1.798727E-01   -1.635034E-03 
   964    4.649547E-01    2.504112E-01    1.799135E-01   -1.802717E-03 
   965    4.659541E-01    2.504501E-01    1.799526E-01   -1.952755E-03 
   966    4.669532E-01    2.504850E-01    1.799877E-01   -2.090083E-03 
   967    4.679521E-01    2.505149E-01    1.800178E-01   -2.225785E-03 
   968    4.689507E-01    2.505402E-01    1.800433E-01   -2.373201E-03 
   969    4.699490E-01    2.505627E-01    1.800659E-01   -2.535946E-03 
   970    4.709475E-01    2.505828E-01    1.800862E-01   -2.668813E-03 
   971    4.719463E-01    2.505970E-01    1.801005E-01   -2.700969E-03 
   972    4.729456E-01    2.505965E-01    1.801000E-01   -2.514459E-03 
   973    4.739452E-01    2.505696E-01    1.800728E-01   -2.103813E-03 
   974    4.749437E-01    2.505101E-01    1.800130E-01   -1.753424E-03 
   975    4.759398E-01    2.504300E-01    1.799323E-01   -1.840650E-03 
   976    4.769358E-01    2.503470E-01    1.798489E-01   -2.079765E-03 
   977    4.779337E-01    2.502746E-01    1.797761E-01   -2.357144E-03 
   978    4.789364E-01    2.502206E-01    1.797218E-01   -2.245767E-03 
   979    4.799462E-01    2.501770E-01    1.796780E-01   -7.233774E-04 
   980    4.809495E-01    2.501279E-01    1.796286E-01    5.814336E-04 
   981    4.819516E-01    2.500549E-01    1.795554E-01    1.628353E-03 
   982    4.829434E-01    2.499636E-01    1.794636E-01    1.364591E-03 
   983    4.839244E-01    2.498876E-01    1.793871E-01   -1.094586E-04 
   984    4.849058E-01    2.498643E-01    1.793640E-01   -2.407690E-03 
   985    4.859598E-01    2.498380E-01    1.793384E-01   -2.239867E-04 
   986    4.869925E-01    2.497649E-01    1.792667E-01    7.438124E-04 
   987    4.879929E-01    2.496402E-01    1.791422E-01    8.464292E-04 
   988    4.889567E-01    2.494211E-01    1.789185E-01    5.695290E-04 
   989    4.898161E-01    2.491205E-01    1.785981E-01   -3.048803E-03 
   990    4.909910E-01    2.487351E-01    1.785918E-01    0.000000E+00 
   991    4.919920E-01    2.485087E-01    1.784293E-01    0.000000E+00 
   992    4.929930E-01    2.479669E-01    1.780403E-01    0.000000E+00 
   993    4.939940E-01    2.463322E-01    1.768665E-01    0.000000E+00 
   994    4.949950E-01    2.424008E-01    1.740438E-01    0.000000E+00 
   995    4.959960E-01    2.344158E-01    1.683105E-01    0.000000E+00 
   996    4.969970E-01    2.205475E-01    1.583531E-01    0.000000E+00 
   997    4.979980E-01    1.999999E-01    1.435999E-01    0.000000E+00 
   998    4.989990E-01    1.731709E-01    1.243367E-01    0.000000E+00 
   999    5.000000E-01    1.416667E-01    1.017167E-01    0.000000E+00 
