     0   -5.000000E-01    5.666667E-01    5.666667E-01    0.000000E+00 
     1   -4.989990E-01    6.926560E-01    6.926560E-01    0.000000E+00 
     2   -4.979980E-01    7.998754E-01    7.998754E-01    0.000000E+00 
     3   -4.969970E-01    8.819332E-01    8.819332E-01    0.000000E+00 
     4   -4.959960E-01    9.372615E-01    9.372615E-01    0.000000E+00 
     5   -4.949950E-01    9.690554E-01    9.690554E-01    0.000000E+00 
     6   -4.939940E-01    9.847066E-01    9.847066E-01    0.000000E+00 
     7   -4.929930E-01    9.913462E-01    9.913462E-01    0.000000E+00 
     8   -4.919920E-01    9.936812E-01    9.936812E-01    0.000000E+00 
     9   -4.909910E-01    9.947688E-01    9.947688E-01    0.000000E+00 
    10   -4.897617E-01    9.966059E-01    9.951133E-01    7.755546E-04 
    11   -4.889785E-01    9.977788E-01    9.969044E-01   -3.693943E-04 
    12   -4.880125E-01    9.986966E-01    9.982043E-01   -3.084590E-04 
    13   -4.870031E-01    9.992351E-01    9.989501E-01   -1.677733E-04 
    14   -4.859633E-01    9.995391E-01    9.993641E-01   -3.548079E-05 
    15   -4.848415E-01    9.996279E-01    9.994855E-01    1.064972E-03 
    16   -4.839265E-01    9.996509E-01    9.995144E-01   -1.642060E-04 
    17   -4.829703E-01    9.997645E-01    9.996748E-01   -4.682945E-04 
    18   -4.819770E-01    9.998640E-01    9.998133E-01   -3.325178E-04 
    19   -4.809453E-01    9.999136E-01    9.998803E-01    1.023694E-04 
    20   -4.799201E-01    9.998946E-01    9.998536E-01    5.700564E-04 
    21   -4.789186E-01    9.998621E-01    9.998075E-01    1.700020E-04 
    22   -4.779320E-01    9.998888E-01    9.998447E-01   -2.119321E-04 
    23   -4.769422E-01    9.999434E-01    9.999212E-01   -2.820198E-04 
    24   -4.759389E-01    9.999755E-01    9.999659E-01    7.840966E-05 
    25   -4.749416E-01    9.999799E-01    9.999721E-01    1.107892E-04 
    26   -4.739284E-01    9.999727E-01    9.999621E-01    1.762593E-04 
    27   -4.729210E-01    9.999614E-01    9.999462E-01    6.386714E-05 
    28   -4.719231E-01    9.999668E-01    9.999536E-01   -2.808649E-05 
    29   -4.709294E-01    9.999801E-01    9.999721E-01   -5.415069E-05 
    30   -4.699350E-01    9.999936E-01    9.999911E-01   -9.125040E-05 
    31   -4.689305E-01    9.999990E-01    9.999987E-01    9.274814E-05 
    32   -4.679228E-01    9.999906E-01    9.999870E-01    1.486231E-04 
    33   -4.669189E-01    9.999830E-01    9.999763E-01    7.561734E-05 
    34   -4.659201E-01    9.999897E-01    9.999857E-01   -1.876097E-05 
    35   -4.649228E-01    1.000008E+00    1.000011E+00   -6.607949E-05 
    36   -4.639246E-01    1.000022E+00    1.000031E+00   -8.026882E-07 
    37   -4.629224E-01    1.000024E+00    1.000034E+00    1.001244E-04 
    38   -4.619187E-01    1.000017E+00    1.000024E+00    1.099869E-04 
    39   -4.609157E-01    1.000012E+00    1.000017E+00    7.068242E-05 
    40   -4.599149E-01    1.000012E+00    1.000017E+00    3.639717E-05 
    41   -4.589161E-01    1.000016E+00    1.000023E+00    1.104689E-05 
    42   -4.579171E-01    1.000019E+00    1.000027E+00    2.525969E-05 
    43   -4.569159E-01    1.000017E+00    1.000024E+00    5.852524E-05 
    44   -4.559133E-01    1.000011E+00    1.000016E+00    5.332222E-05 
    45   -4.549107E-01    1.000007E+00    1.000009E+00    2.561332E-05 
    46   -4.539096E-01    1.000006E+00    1.000009E+00   -3.412205E-06 
    47   -4.529099E-01    1.000010E+00    1.000014E+00   -2.370123E-05 
    48   -4.519103E-01    1.000014E+00    1.000020E+00   -1.009113E-06 
    49   -4.509094E-01    1.000017E+00    1.000024E+00    6.564445E-05 
    50   -4.499075E-01    1.000020E+00    1.000027E+00    7.163863E-05 
    51   -4.489054E-01    1.000024E+00    1.000034E+00    5.483221E-05 
    52   -4.479041E-01    1.000032E+00    1.000045E+00    4.011274E-05 
    53   -4.469039E-01    1.000041E+00    1.000057E+00    3.751419E-05 
    54   -4.459039E-01    1.000048E+00    1.000067E+00    5.668542E-05 
    55   -4.449033E-01    1.000050E+00    1.000070E+00    8.183657E-05 
    56   -4.439018E-01    1.000047E+00    1.000066E+00    8.798116E-05 
    57   -4.429000E-01    1.000042E+00    1.000059E+00    7.887071E-05 
    58   -4.418987E-01    1.000037E+00    1.000051E+00    6.667107E-05 
    59   -4.408982E-01    1.000030E+00    1.000042E+00    5.783443E-05 
    60   -4.398979E-01    1.000020E+00    1.000028E+00    5.269530E-05 
    61   -4.388973E-01    1.000006E+00    1.000009E+00    4.707827E-05 
    62   -4.378960E-01    9.999873E-01    9.999822E-01    3.471666E-05 
    63   -4.368944E-01    9.999647E-01    9.999505E-01    1.402431E-05 
    64   -4.358931E-01    9.999395E-01    9.999153E-01   -1.165307E-05 
    65   -4.348922E-01    9.999120E-01    9.998768E-01   -4.002806E-05 
    66   -4.338916E-01    9.998817E-01    9.998344E-01   -7.248106E-05 
    67   -4.328908E-01    9.998492E-01    9.997888E-01   -1.115494E-04 
    68   -4.318895E-01    9.998169E-01    9.997437E-01   -1.553529E-04 
    69   -4.308879E-01    9.997894E-01    9.997051E-01   -1.992104E-04 
    70   -4.298864E-01    9.997718E-01    9.996805E-01   -2.543691E-04 
    71   -4.288852E-01    9.997687E-01    9.996761E-01   -3.255661E-04 
    72   -4.278841E-01    9.997833E-01    9.996966E-01   -3.901362E-04 
    73   -4.268830E-01    9.998182E-01    9.997455E-01   -3.901382E-04 
    74   -4.258817E-01    9.998757E-01    9.998260E-01   -2.939228E-04 
    75   -4.248803E-01    9.999576E-01    9.999406E-01   -1.419692E-04 
    76   -4.238790E-01    1.000064E+00    1.000089E+00    2.710126E-05 
    77   -4.228780E-01    1.000192E+00    1.000269E+00    2.002285E-04 
    78   -4.218773E-01    1.000338E+00    1.000473E+00    3.797508E-04 
    79   -4.208768E-01    1.000492E+00    1.000689E+00    5.725700E-04 
    80   -4.198764E-01    1.000648E+00    1.000907E+00    7.788940E-04 
    81   -4.188762E-01    1.000798E+00    1.001118E+00    9.877272E-04 
    82   -4.178761E-01    1.000937E+00    1.001312E+00    1.182668E-03 
    83   -4.168761E-01    1.001062E+00    1.001487E+00    1.350322E-03 
    84   -4.158763E-01    1.001170E+00    1.001638E+00    1.485198E-03 
    85   -4.148766E-01    1.001260E+00    1.001765E+00    1.588888E-03 
    86   -4.138770E-01    1.001333E+00    1.001866E+00    1.665537E-03 
    87   -4.128775E-01    1.001387E+00    1.001943E+00    1.718536E-03 
    88   -4.118780E-01    1.001425E+00    1.001996E+00    1.750923E-03 
    89   -4.108784E-01    1.001449E+00    1.002029E+00    1.767484E-03 
    90   -4.098789E-01    1.001459E+00    1.002044E+00    1.772912E-03 
    91   -4.088794E-01    1.001460E+00    1.002044E+00    1.770583E-03 
    92   -4.078799E-01    1.001451E+00    1.002033E+00    1.762345E-03 
    93   -4.068804E-01    1.001436E+00    1.002011E+00    1.748339E-03 
    94   -4.058808E-01    1.001416E+00    1.001982E+00    1.728347E-03 
    95   -4.048812E-01    1.001390E+00    1.001947E+00    1.702586E-03 
    96   -4.038816E-01    1.001360E+00    1.001905E+00    1.671450E-03 
    97   -4.028820E-01    1.001326E+00    1.001857E+00    1.635350E-03 
    98   -4.018823E-01    1.001289E+00    1.001805E+00    1.594664E-03 
    99   -4.008826E-01    1.001249E+00    1.001748E+00    1.549788E-03 
   100   -3.998828E-01    1.001206E+00    1.001688E+00    1.501157E-03 
   101   -3.988830E-01    1.001160E+00    1.001625E+00    1.449230E-03 
   102   -3.978832E-01    1.001113E+00    1.001559E+00    1.394486E-03 
   103   -3.968832E-01    1.001065E+00    1.001491E+00    1.337409E-03 
   104   -3.958833E-01    1.001015E+00    1.001421E+00    1.278485E-03 
   105   -3.948833E-01    1.000965E+00    1.001351E+00    1.218193E-03 
   106   -3.938832E-01    1.000914E+00    1.001280E+00    1.157001E-03 
   107   -3.928831E-01    1.000863E+00    1.001208E+00    1.095363E-03 
   108   -3.918829E-01    1.000812E+00    1.001138E+00    1.033707E-03 
   109   -3.908827E-01    1.000763E+00    1.001068E+00    9.724363E-04 
   110   -3.898825E-01    1.000714E+00    1.000999E+00    9.119247E-04 
   111   -3.888821E-01    1.000666E+00    1.000932E+00    8.525112E-04 
   112   -3.878818E-01    1.000619E+00    1.000867E+00    7.945002E-04 
   113   -3.868814E-01    1.000574E+00    1.000804E+00    7.381597E-04 
   114   -3.858809E-01    1.000531E+00    1.000743E+00    6.837203E-04 
   115   -3.848804E-01    1.000490E+00    1.000685E+00    6.313759E-04 
   116   -3.838799E-01    1.000450E+00    1.000630E+00    5.812838E-04 
   117   -3.828793E-01    1.000412E+00    1.000577E+00    5.335665E-04 
   118   -3.818787E-01    1.000377E+00    1.000528E+00    4.883129E-04 
   119   -3.808780E-01    1.000343E+00    1.000481E+00    4.455806E-04 
   120   -3.798773E-01    1.000312E+00    1.000437E+00    4.053982E-04 
   121   -3.788766E-01    1.000283E+00    1.000396E+00    3.677676E-04 
   122   -3.778759E-01    1.000256E+00    1.000358E+00    3.326673E-04 
   123   -3.768751E-01    1.000230E+00    1.000322E+00    3.000544E-04 
   124   -3.758743E-01    1.000207E+00    1.000290E+00    2.698681E-04 
   125   -3.748735E-01    1.000185E+00    1.000260E+00    2.420320E-04 
   126   -3.738727E-01    1.000166E+00    1.000232E+00    2.164570E-04 
   127   -3.728718E-01    1.000148E+00    1.000207E+00    1.930438E-04 
   128   -3.718710E-01    1.000131E+00    1.000184E+00    1.716852E-04 
   129   -3.708701E-01    1.000116E+00    1.000163E+00    1.522684E-04 
   130   -3.698692E-01    1.000103E+00    1.000144E+00    1.346772E-04 
   131   -3.688683E-01    1.000091E+00    1.000127E+00    1.187933E-04 
   132   -3.678674E-01    1.000080E+00    1.000112E+00    1.044986E-04 
   133   -3.668664E-01    1.000070E+00    1.000098E+00    9.167610E-05 
   134   -3.658655E-01    1.000061E+00    1.000086E+00    8.021114E-05 
   135   -3.648645E-01    1.000053E+00    1.000075E+00    6.999262E-05 
   136   -3.638636E-01    1.000046E+00    1.000065E+00    6.091364E-05 
   137   -3.628626E-01    1.000040E+00    1.000056E+00    5.287216E-05 
   138   -3.618617E-01    1.000035E+00    1.000049E+00    4.577149E-05 
   139   -3.608607E-01    1.000030E+00    1.000042E+00    3.952060E-05 
   140   -3.598597E-01    1.000026E+00    1.000036E+00    3.403435E-05 
   141   -3.588587E-01    1.000022E+00    1.000031E+00    2.923354E-05 
   142   -3.578578E-01    1.000019E+00    1.000027E+00    2.504493E-05 
   143   -3.568568E-01    1.000016E+00    1.000023E+00    2.140113E-05 
   144   -3.558558E-01    1.000014E+00    1.000020E+00    1.824048E-05 
   145   -3.548548E-01    1.000012E+00    1.000017E+00    1.550680E-05 
   146   -3.538538E-01    1.000010E+00    1.000014E+00    1.314916E-05 
   147   -3.528528E-01    1.000009E+00    1.000012E+00    1.112160E-05 
   148   -3.518518E-01    1.000007E+00    1.000010E+00    9.382804E-06 
   149   -3.508508E-01    1.000006E+00    1.000008E+00    7.895825E-06 
   150   -3.498498E-01    1.000005E+00    1.000007E+00    6.627724E-06 
   151   -3.488488E-01    1.000004E+00    1.000006E+00    5.549272E-06 
   152   -3.478478E-01    1.000004E+00    1.000005E+00    4.634624E-06 
   153   -3.468468E-01    1.000003E+00    1.000004E+00    3.861020E-06 
   154   -3.458458E-01    1.000002E+00    1.000003E+00    3.208488E-06 
   155   -3.448448E-01    1.000002E+00    1.000003E+00    2.659571E-06 
   156   -3.438438E-01    1.000002E+00    1.000002E+00    2.199059E-06 
   157   -3.428428E-01    1.000001E+00    1.000002E+00    1.813751E-06 
   158   -3.418418E-01    1.000001E+00    1.000002E+00    1.492226E-06 
   159   -3.408408E-01    1.000001E+00    1.000001E+00    1.224642E-06 
   160   -3.398398E-01    1.000001E+00    1.000001E+00    1.002540E-06 
   161   -3.388388E-01    1.000001E+00    1.000001E+00    8.186776E-07 
   162   -3.378378E-01    1.000001E+00    1.000001E+00    6.668722E-07 
   163   -3.368368E-01    1.000000E+00    1.000001E+00    5.418648E-07 
   164   -3.358358E-01    1.000000E+00    1.000000E+00    4.391954E-07 
   165   -3.348348E-01    1.000000E+00    1.000000E+00    3.550933E-07 
   166   -3.338338E-01    1.000000E+00    1.000000E+00    2.863813E-07 
   167   -3.328328E-01    1.000000E+00    1.000000E+00    2.303897E-07 
   168   -3.318318E-01    1.000000E+00    1.000000E+00    1.848829E-07 
   169   -3.308308E-01    1.000000E+00    1.000000E+00    1.479940E-07 
   170   -3.298298E-01    1.000000E+00    1.000000E+00    1.181691E-07 
   171   -3.288288E-01    1.000000E+00    1.000000E+00    9.411820E-08 
   172   -3.278278E-01    1.000000E+00    1.000000E+00    7.477415E-08 
   173   -3.268268E-01    1.000000E+00    1.000000E+00    5.925636E-08 
   174   -3.258258E-01    1.000000E+00    1.000000E+00    4.684048E-08 
   175   -3.248248E-01    1.000000E+00    1.000000E+00    3.693241E-08 
   176   -3.238238E-01    1.000000E+00    1.000000E+00    2.904627E-08 
   177   -3.228228E-01    1.000000E+00    1.000000E+00    2.278589E-08 
   178   -3.218218E-01    1.000000E+00    1.000000E+00    1.782915E-08 
   179   -3.208208E-01    1.000000E+00    1.000000E+00    1.391490E-08 
   180   -3.198198E-01    1.000000E+00    1.000000E+00    1.083202E-08 
   181   -3.188188E-01    1.000000E+00    1.000000E+00    8.410353E-09 
   182   -3.178178E-01    1.000000E+00    1.000000E+00    6.513118E-09 
   183   -3.168168E-01    1.000000E+00    1.000000E+00    5.030691E-09 
   184   -3.158158E-01    1.000000E+00    1.000000E+00    3.875474E-09 
   185   -3.148148E-01    1.000000E+00    1.000000E+00    2.977648E-09 
   186   -3.138138E-01    1.000000E+00    1.000000E+00    2.281740E-09 
   187   -3.128128E-01    1.000000E+00    1.000000E+00    1.743797E-09 
   188   -3.118118E-01    1.000000E+00    1.000000E+00    1.329094E-09 
   189   -3.108108E-01    1.000000E+00    1.000000E+00    1.010263E-09 
   190   -3.098098E-01    1.000000E+00    1.000000E+00    7.658194E-10 
   191   -3.088088E-01    1.000000E+00    1.000000E+00    5.789223E-10 
   192   -3.078078E-01    1.000000E+00    1.000000E+00    4.364224E-10 
   193   -3.068068E-01    1.000000E+00    1.000000E+00    3.280756E-10 
   194   -3.058058E-01    1.000000E+00    1.000000E+00    2.459309E-10 
   195   -3.048048E-01    1.000000E+00    1.000000E+00    1.838264E-10 
   196   -3.038038E-01    1.000000E+00    1.000000E+00    1.370098E-10 
   197   -3.028028E-01    1.000000E+00    1.000000E+00    1.018184E-10 
   198   -3.018018E-01    1.000000E+00    1.000000E+00    7.544244E-11 
   199   -3.008008E-01    1.000000E+00    1.000000E+00    5.573266E-11 
   200   -2.997998E-01    1.000000E+00    1.000000E+00    4.104851E-11 
   201   -2.987988E-01    1.000000E+00    1.000000E+00    3.013920E-11 
   202   -2.977978E-01    1.000000E+00    1.000000E+00    2.206080E-11 
   203   -2.967968E-01    1.000000E+00    1.000000E+00    1.609737E-11 
   204   -2.957958E-01    1.000000E+00    1.000000E+00    1.170855E-11 
   205   -2.947948E-01    1.000000E+00    1.000000E+00    8.488742E-12 
   206   -2.937938E-01    1.000000E+00    1.000000E+00    6.134719E-12 
   207   -2.927928E-01    1.000000E+00    1.000000E+00    4.417055E-12 
   208   -2.917918E-01    1.000000E+00    1.000000E+00    3.169781E-12 
   209   -2.907908E-01    1.000000E+00    1.000000E+00    2.265325E-12 
   210   -2.897898E-01    1.000000E+00    1.000000E+00    1.613190E-12 
   211   -2.887888E-01    1.000000E+00    1.000000E+00    1.143930E-12 
   212   -2.877878E-01    1.000000E+00    1.000000E+00    8.102161E-13 
   213   -2.867868E-01    1.000000E+00    1.000000E+00    5.710124E-13 
   214   -2.857858E-01    1.000000E+00    1.000000E+00    4.017559E-13 
   215   -2.847848E-01    1.000000E+00    1.000000E+00    2.817108E-13 
   216   -2.837838E-01    1.000000E+00    1.000000E+00    1.971674E-13 
   217   -2.827828E-01    1.000000E+00    1.000000E+00    1.362953E-13 
   218   -2.817818E-01    1.000000E+00    1.000000E+00    9.439846E-14 
   219   -2.807808E-01    1.000000E+00    1.000000E+00    6.508853E-14 
   220   -2.797798E-01    1.000000E+00    1.000000E+00    4.478257E-14 
   221   -2.787788E-01    1.000000E+00    1.000000E+00    3.024442E-14 
   222   -2.777778E-01    1.000000E+00    1.000000E+00    2.021742E-14 
   223   -2.767768E-01    1.000000E+00    1.000000E+00    1.324581E-14 
   224   -2.757758E-01    1.000000E+00    1.000000E+00    7.875374E-15 
   225   -2.747748E-01    1.000000E+00    1.000000E+00    4.489451E-15 
   226   -2.737738E-01    1.000000E+00    1.000000E+00    2.361468E-15 
   227   -2.727728E-01    1.000000E+00    1.000000E+00    1.110060E-15 
   228   -2.717718E-01    1.000000E+00    1.000000E+00    4.909186E-16 
   229   -2.707708E-01    1.000000E+00    1.000000E+00    3.466391E-16 
   230   -2.697698E-01    1.000000E+00    1.000000E+00    9.657225E-17 
   231   -2.687688E-01    1.000000E+00    1.000000E+00    1.596694E-16 
   232   -2.677678E-01    1.000000E+00    1.000000E+00   -9.256293E-17 
   233   -2.667668E-01    1.000000E+00    1.000000E+00    5.111103E-17 
   234   -2.657658E-01    1.000000E+00    1.000000E+00   -5.571196E-17 
   235   -2.647648E-01    1.000000E+00    1.000000E+00   -1.908787E-17 
   236   -2.637638E-01    1.000000E+00    1.000000E+00   -1.584734E-16 
   237   -2.627628E-01    1.000000E+00    1.000000E+00   -5.441838E-16 
   238   -2.617618E-01    1.000000E+00    1.000000E+00   -6.099533E-16 
   239   -2.607608E-01    1.000000E+00    1.000000E+00   -7.475859E-16 
   240   -2.597598E-01    1.000000E+00    1.000000E+00   -8.081845E-16 
   241   -2.587588E-01    1.000000E+00    1.000000E+00   -4.357523E-16 
   242   -2.577578E-01    1.000000E+00    1.000000E+00    1.873958E-16 
   243   -2.567568E-01    1.000000E+00    1.000000E+00    1.240904E-15 
   244   -2.557558E-01    1.000000E+00    1.000000E+00    2.269613E-16 
   245   -2.547548E-01    1.000000E+00    1.000000E+00   -1.934000E-16 
   246   -2.537538E-01    1.000000E+00    1.000000E+00   -4.640572E-16 
   247   -2.527528E-01    1.000000E+00    1.000000E+00   -9.607607E-16 
   248   -2.517518E-01    1.000000E+00    1.000000E+00   -1.657294E-15 
   249   -2.507508E-01    1.000000E+00    1.000000E+00   -1.162924E-15 
   250   -2.497497E-01    1.000000E+00    1.000000E+00    7.166183E-16 
   251   -2.487487E-01    1.000000E+00    1.000000E+00    1.001948E-15 
   252   -2.477477E-01    1.000000E+00    1.000000E+00    6.584193E-16 
   253   -2.467467E-01    1.000000E+00    1.000000E+00    9.078497E-16 
   254   -2.457457E-01    1.000000E+00    1.000000E+00    5.780683E-16 
   255   -2.447447E-01    1.000000E+00    1.000000E+00    4.047946E-16 
   256   -2.437437E-01    1.000000E+00    1.000000E+00    3.845333E-16 
   257   -2.427427E-01    1.000000E+00    1.000000E+00    2.011687E-16 
   258   -2.417417E-01    1.000000E+00    1.000000E+00    9.166080E-17 
   259   -2.407407E-01    1.000000E+00    1.000000E+00    7.070569E-17 
   260   -2.397397E-01    1.000000E+00    1.000000E+00    3.078768E-16 
   261   -2.387387E-01    1.000000E+00    1.000000E+00    2.002781E-16 
   262   -2.377377E-01    1.000000E+00    1.000000E+00    1.967830E-16 
   263   -2.367367E-01    1.000000E+00    1.000000E+00    1.938221E-16 
   264   -2.357357E-01    1.000000E+00    1.000000E+00    9.695688E-17 
   265   -2.347347E-01    1.000000E+00    1.000000E+00    3.161048E-17 
   266   -2.337337E-01    1.000000E+00    1.000000E+00   -2.451646E-16 
   267   -2.327327E-01    1.000000E+00    1.000000E+00   -4.816957E-16 
   268   -2.317317E-01    1.000000E+00    1.000000E+00   -7.647696E-16 
   269   -2.307307E-01    1.000000E+00    1.000000E+00   -1.043731E-15 
   270   -2.297297E-01    1.000000E+00    1.000000E+00   -1.703557E-15 
   271   -2.287287E-01    1.000000E+00    1.000000E+00   -2.509453E-15 
   272   -2.277277E-01    1.000000E+00    1.000000E+00   -4.583698E-15 
   273   -2.267267E-01    1.000000E+00    1.000000E+00   -7.909164E-15 
   274   -2.257257E-01    1.000000E+00    1.000000E+00   -1.244914E-14 
   275   -2.247247E-01    1.000000E+00    1.000000E+00   -1.941588E-14 
   276   -2.237237E-01    1.000000E+00    1.000000E+00   -2.897327E-14 
   277   -2.227227E-01    1.000000E+00    1.000000E+00   -4.299088E-14 
   278   -2.217217E-01    1.000000E+00    1.000000E+00   -6.343413E-14 
   279   -2.207207E-01    1.000000E+00    1.000000E+00   -9.372076E-14 
   280   -2.197197E-01    1.000000E+00    1.000000E+00   -1.366910E-13 
   281   -2.187187E-01    1.000000E+00    1.000000E+00   -1.996422E-13 
   282   -2.177177E-01    1.000000E+00    1.000000E+00   -2.904982E-13 
   283   -2.167167E-01    1.000000E+00    1.000000E+00   -4.192730E-13 
   284   -2.157157E-01    1.000000E+00    1.000000E+00   -6.024499E-13 
   285   -2.147147E-01    1.000000E+00    1.000000E+00   -8.623984E-13 
   286   -2.137137E-01    1.000000E+00    1.000000E+00   -1.228674E-12 
   287   -2.127127E-01    1.000000E+00    1.000000E+00   -1.743343E-12 
   288   -2.117117E-01    1.000000E+00    1.000000E+00   -2.464887E-12 
   289   -2.107107E-01    1.000000E+00    1.000000E+00   -3.472100E-12 
   290   -2.097097E-01    1.000000E+00    1.000000E+00   -4.872896E-12 
   291   -2.087087E-01    1.000000E+00    1.000000E+00   -6.814457E-12 
   292   -2.077077E-01    1.000000E+00    1.000000E+00   -9.494493E-12 
   293   -2.067067E-01    1.000000E+00    1.000000E+00   -1.318035E-11 
   294   -2.057057E-01    1.000000E+00    1.000000E+00   -1.823246E-11 
   295   -2.047047E-01    1.000000E+00    1.000000E+00   -2.513239E-11 
   296   -2.037037E-01    1.000000E+00    1.000000E+00   -3.452476E-11 
   297   -2.027027E-01    1.000000E+00    1.000000E+00   -4.726743E-11 
   298   -2.017017E-01    1.000000E+00    1.000000E+00   -6.450103E-11 
   299   -2.007007E-01    1.000000E+00    1.000000E+00   -8.773033E-11 
   300   -1.996997E-01    1.000000E+00    1.000000E+00   -1.189436E-10 
   301   -1.986987E-01    1.000000E+00    1.000000E+00   -1.607514E-10 
   302   -1.976977E-01    1.000000E+00    1.000000E+00   -2.165751E-10 
   303   -1.966967E-01    1.000000E+00    1.000000E+00   -2.908801E-10 
   304   -1.956957E-01    1.000000E+00    1.000000E+00   -3.894820E-10 
   305   -1.946947E-01    1.000000E+00    1.000000E+00   -5.199264E-10 
   306   -1.936937E-01    1.000000E+00    1.000000E+00   -6.919724E-10 
   307   -1.926927E-01    1.000000E+00    1.000000E+00   -9.182039E-10 
   308   -1.916917E-01    1.000000E+00    1.000000E+00   -1.214801E-09 
   309   -1.906907E-01    1.000000E+00    1.000000E+00   -1.602495E-09 
   310   -1.896897E-01    1.000000E+00    1.000000E+00   -2.107766E-09 
   311   -1.886887E-01    1.000000E+00    1.000000E+00   -2.764339E-09 
   312   -1.876877E-01    1.000000E+00    1.000000E+00   -3.615026E-09 
   313   -1.866867E-01    1.000000E+00    1.000000E+00   -4.714004E-09 
   314   -1.856857E-01    1.000000E+00    1.000000E+00   -6.129621E-09 
   315   -1.846847E-01    1.000000E+00    1.000000E+00   -7.947833E-09 
   316   -1.836837E-01    1.000000E+00    1.000000E+00   -1.027640E-08 
   317   -1.826827E-01    1.000000E+00    1.000000E+00   -1.324997E-08 
   318   -1.816817E-01    1.000000E+00    1.000000E+00   -1.703631E-08 
   319   -1.806807E-01    1.000000E+00    1.000000E+00   -2.184374E-08 
   320   -1.796797E-01    1.000000E+00    1.000000E+00   -2.793012E-08 
   321   -1.786787E-01    1.000000E+00    1.000000E+00   -3.561361E-08 
   322   -1.776777E-01    1.000000E+00    1.000000E+00   -4.528554E-08 
   323   -1.766767E-01    1.000000E+00    1.000000E+00   -5.742560E-08 
   324   -1.756757E-01    1.000000E+00    1.000000E+00   -7.261994E-08 
   325   -1.746747E-01    1.000000E+00    1.000000E+00   -9.158239E-08 
   326   -1.736737E-01    1.000000E+00    1.000000E+00   -1.151794E-07 
   327   -1.726727E-01    1.000000E+00    1.000000E+00   -1.444591E-07 
   328   -1.716717E-01    1.000000E+00    1.000000E+00   -1.806851E-07 
   329   -1.706707E-01    1.000000E+00    1.000000E+00   -2.253755E-07 
   330   -1.696697E-01    1.000000E+00    1.000000E+00   -2.803482E-07 
   331   -1.686687E-01    1.000000E+00    1.000000E+00   -3.477716E-07 
   332   -1.676677E-01    1.000000E+00    1.000000E+00   -4.302236E-07 
   333   -1.666667E-01    1.000000E+00    1.000001E+00   -5.307576E-07 
   334   -1.656657E-01    1.000001E+00    1.000001E+00   -6.529767E-07 
   335   -1.646647E-01    1.000001E+00    1.000001E+00   -8.011169E-07 
   336   -1.636637E-01    1.000001E+00    1.000001E+00   -9.801389E-07 
   337   -1.626627E-01    1.000001E+00    1.000001E+00   -1.195829E-06 
   338   -1.616617E-01    1.000001E+00    1.000002E+00   -1.454911E-06 
   339   -1.606607E-01    1.000001E+00    1.000002E+00   -1.765163E-06 
   340   -1.596597E-01    1.000002E+00    1.000002E+00   -2.135549E-06 
   341   -1.586587E-01    1.000002E+00    1.000003E+00   -2.576348E-06 
   342   -1.576577E-01    1.000002E+00    1.000003E+00   -3.099304E-06 
   343   -1.566567E-01    1.000003E+00    1.000004E+00   -3.717764E-06 
   344   -1.556557E-01    1.000003E+00    1.000005E+00   -4.446827E-06 
   345   -1.546547E-01    1.000004E+00    1.000006E+00   -5.303491E-06 
   346   -1.536537E-01    1.000005E+00    1.000007E+00   -6.306790E-06 
   347   -1.526527E-01    1.000006E+00    1.000008E+00   -7.477922E-06 
   348   -1.516517E-01    1.000007E+00    1.000009E+00   -8.840361E-06 
   349   -1.506507E-01    1.000008E+00    1.000011E+00   -1.041994E-05 
   350   -1.496497E-01    1.000009E+00    1.000013E+00   -1.224492E-05 
   351   -1.486487E-01    1.000011E+00    1.000015E+00   -1.434599E-05 
   352   -1.476477E-01    1.000013E+00    1.000018E+00   -1.675622E-05 
   353   -1.466467E-01    1.000015E+00    1.000021E+00   -1.951100E-05 
   354   -1.456457E-01    1.000017E+00    1.000024E+00   -2.264783E-05 
   355   -1.446448E-01    1.000020E+00    1.000028E+00   -2.620606E-05 
   356   -1.436438E-01    1.000023E+00    1.000032E+00   -3.022657E-05 
   357   -1.426428E-01    1.000026E+00    1.000037E+00   -3.475127E-05 
   358   -1.416418E-01    1.000030E+00    1.000042E+00   -3.982247E-05 
   359   -1.406409E-01    1.000035E+00    1.000048E+00   -4.548220E-05 
   360   -1.396399E-01    1.000039E+00    1.000055E+00   -5.177131E-05 
   361   -1.386389E-01    1.000045E+00    1.000063E+00   -5.872841E-05 
   362   -1.376380E-01    1.000051E+00    1.000071E+00   -6.638866E-05 
   363   -1.366370E-01    1.000057E+00    1.000080E+00   -7.478243E-05 
   364   -1.356361E-01    1.000064E+00    1.000090E+00   -8.393372E-05 
   365   -1.346351E-01    1.000072E+00    1.000100E+00   -9.385850E-05 
   366   -1.336342E-01    1.000080E+00    1.000112E+00   -1.045629E-04 
   367   -1.326333E-01    1.000089E+00    1.000124E+00   -1.160410E-04 
   368   -1.316324E-01    1.000098E+00    1.000137E+00   -1.282733E-04 
   369   -1.306315E-01    1.000108E+00    1.000151E+00   -1.412238E-04 
   370   -1.296306E-01    1.000119E+00    1.000166E+00   -1.548387E-04 
   371   -1.286297E-01    1.000130E+00    1.000182E+00   -1.690437E-04 
   372   -1.276288E-01    1.000141E+00    1.000198E+00   -1.837421E-04 
   373   -1.266280E-01    1.000153E+00    1.000215E+00   -1.988125E-04 
   374   -1.256272E-01    1.000166E+00    1.000232E+00   -2.141070E-04 
   375   -1.246263E-01    1.000178E+00    1.000249E+00   -2.294498E-04 
   376   -1.236255E-01    1.000190E+00    1.000266E+00   -2.446365E-04 
   377   -1.226247E-01    1.000202E+00    1.000283E+00   -2.594358E-04 
   378   -1.216239E-01    1.000214E+00    1.000299E+00   -2.735850E-04 
   379   -1.206231E-01    1.000224E+00    1.000314E+00   -2.867742E-04 
   380   -1.196224E-01    1.000234E+00    1.000328E+00   -2.986023E-04 
   381   -1.186216E-01    1.000242E+00    1.000338E+00   -3.086191E-04 
   382   -1.176209E-01    1.000247E+00    1.000345E+00   -3.163383E-04 
   383   -1.166201E-01    1.000248E+00    1.000347E+00   -3.214863E-04 
   384   -1.156194E-01    1.000242E+00    1.000339E+00   -3.232351E-04 
   385   -1.146187E-01    1.000228E+00    1.000319E+00   -3.205501E-04 
   386   -1.136179E-01    1.000200E+00    1.000281E+00   -3.098532E-04 
   387   -1.126172E-01    1.000155E+00    1.000216E+00   -2.855576E-04 
   388   -1.116164E-01    1.000084E+00    1.000117E+00   -2.386123E-04 
   389   -1.106156E-01    9.999798E-01    9.999716E-01   -1.597539E-04 
   390   -1.096147E-01    9.998321E-01    9.997649E-01   -3.827037E-05 
   391   -1.086136E-01    9.996288E-01    9.994802E-01    1.393796E-04 
   392   -1.076124E-01    9.993556E-01    9.990976E-01    3.895174E-04 
   393   -1.066110E-01    9.989961E-01    9.985941E-01    7.317223E-04 
   394   -1.056092E-01    9.985316E-01    9.979437E-01    1.188675E-03 
   395   -1.046070E-01    9.979414E-01    9.971174E-01    1.786432E-03 
   396   -1.036042E-01    9.972028E-01    9.960834E-01    2.553995E-03 
   397   -1.026008E-01    9.962912E-01    9.948077E-01    3.522596E-03 
   398   -1.015964E-01    9.951813E-01    9.932547E-01    4.725439E-03 
   399   -1.005909E-01    9.938469E-01    9.913883E-01    6.197549E-03 
   400   -9.958399E-02    9.922622E-01    9.891729E-01    7.975079E-03 
   401   -9.857548E-02    9.904025E-01    9.865744E-01    1.009485E-02 
   402   -9.756501E-02    9.882445E-01    9.835614E-01    1.259302E-02 
   403   -9.655224E-02    9.857677E-01    9.801059E-01    1.550260E-02 
   404   -9.553681E-02    9.829542E-01    9.761846E-01    1.885124E-02 
   405   -9.451833E-02    9.797904E-01    9.717800E-01    2.265900E-02 
   406   -9.349640E-02    9.762672E-01    9.668812E-01    2.693807E-02 
   407   -9.247058E-02    9.723807E-01    9.614853E-01    3.169417E-02 
   408   -9.144042E-02    9.681329E-01    9.555971E-01    3.692826E-02 
   409   -9.040545E-02    9.635309E-01    9.492295E-01    4.263780E-02 
   410   -8.936521E-02    9.585862E-01    9.424009E-01    4.881570E-02 
   411   -8.831928E-02    9.533130E-01    9.351339E-01    5.544769E-02 
   412   -8.726726E-02    9.477263E-01    9.274521E-01    6.250971E-02 
   413   -8.620879E-02    9.418403E-01    9.193781E-01    6.996805E-02 
   414   -8.514346E-02    9.356676E-01    9.109322E-01    7.778458E-02 
   415   -8.407088E-02    9.292190E-01    9.021322E-01    8.592472E-02 
   416   -8.299062E-02    9.225041E-01    8.929943E-01    9.436667E-02 
   417   -8.190221E-02    9.155315E-01    8.835332E-01    1.031363E-01 
   418   -8.080525E-02    9.083077E-01    8.737613E-01    1.122734E-01 
   419   -7.969932E-02    9.008369E-01    8.636871E-01    1.218160E-01 
   420   -7.858402E-02    8.931198E-01    8.533152E-01    1.317888E-01 
   421   -7.745893E-02    8.851554E-01    8.426481E-01    1.421944E-01 
   422   -7.632357E-02    8.769441E-01    8.316901E-01    1.530129E-01 
   423   -7.517736E-02    8.684915E-01    8.204532E-01    1.642184E-01 
   424   -7.401963E-02    8.598131E-01    8.089620E-01    1.757948E-01 
   425   -7.284975E-02    8.509352E-01    7.972553E-01    1.877436E-01 
   426   -7.166718E-02    8.418938E-01    7.853837E-01    2.000461E-01 
   427   -7.047152E-02    8.327289E-01    7.734023E-01    2.126788E-01 
   428   -6.926245E-02    8.234791E-01    7.613632E-01    2.256074E-01 
   429   -6.803965E-02    8.141779E-01    7.493115E-01    2.388297E-01 
   430   -6.680275E-02    8.048518E-01    7.372833E-01    2.522937E-01 
   431   -6.555137E-02    7.955247E-01    7.253100E-01    2.658567E-01 
   432   -6.428511E-02    7.862228E-01    7.134259E-01    2.793922E-01 
   433   -6.300363E-02    7.769780E-01    7.016715E-01    2.928149E-01 
   434   -6.170667E-02    7.678268E-01    6.900920E-01    3.060936E-01 
   435   -6.039408E-02    7.588038E-01    6.787295E-01    3.193020E-01 
   436   -5.906577E-02    7.499338E-01    6.676123E-01    3.325131E-01 
   437   -5.772177E-02    7.412212E-01    6.567432E-01    3.457071E-01 
   438   -5.636220E-02    7.326406E-01    6.460883E-01    3.588444E-01 
   439   -5.498716E-02    7.241360E-01    6.355761E-01    3.718690E-01 
   440   -5.359642E-02    7.156308E-01    6.251114E-01    3.847785E-01 
   441   -5.218937E-02    7.070447E-01    6.145964E-01    3.976927E-01 
   442   -5.076512E-02    6.983111E-01    6.039523E-01    4.107758E-01 
   443   -4.932274E-02    6.893897E-01    5.931337E-01    4.242580E-01 
   444   -4.786130E-02    6.802671E-01    5.821292E-01    4.383878E-01 
   445   -4.637977E-02    6.709506E-01    5.709519E-01    4.533549E-01 
   446   -4.487714E-02    6.614569E-01    5.596266E-01    4.692166E-01 
   447   -4.335248E-02    6.518072E-01    5.481819E-01    4.858331E-01 
   448   -4.180494E-02    6.420246E-01    5.366491E-01    5.028917E-01 
   449   -4.023346E-02    6.321389E-01    5.250674E-01    5.200886E-01 
   450   -3.863689E-02    6.222010E-01    5.134993E-01    5.371959E-01 
   451   -3.701415E-02    6.122965E-01    5.020447E-01    5.541914E-01 
   452   -3.536454E-02    6.025410E-01    4.908353E-01    5.712282E-01 
   453   -3.368784E-02    5.930595E-01    4.800100E-01    5.882793E-01 
   454   -3.198427E-02    5.839630E-01    4.696898E-01    6.052641E-01 
   455   -3.025451E-02    5.753300E-01    4.599562E-01    6.219411E-01 
   456   -2.849939E-02    5.672051E-01    4.508507E-01    6.380539E-01 
   457   -2.671978E-02    5.596286E-01    4.424074E-01    6.531717E-01 
   458   -2.491665E-02    5.526761E-01    4.346988E-01    6.668325E-01 
   459   -2.309107E-02    5.464951E-01    4.278763E-01    6.786841E-01 
   460   -2.124504E-02    5.413274E-01    4.221929E-01    6.883342E-01 
   461   -1.938213E-02    5.374774E-01    4.179675E-01    6.954300E-01 
   462   -1.750729E-02    5.351914E-01    4.154529E-01    6.999319E-01 
   463   -1.562657E-02    5.344630E-01    4.146310E-01    7.015219E-01 
   464   -1.374958E-02    5.349374E-01    4.151136E-01    6.994747E-01 
   465   -1.188047E-02    5.360842E-01    4.163257E-01    6.963779E-01 
   466   -1.001530E-02    5.374935E-01    4.178226E-01    6.929526E-01 
   467   -8.153663E-03    5.389734E-01    4.193979E-01    6.892750E-01 
   468   -6.299019E-03    5.404466E-01    4.209683E-01    6.857970E-01 
   469   -4.450454E-03    5.418519E-01    4.224645E-01    6.829522E-01 
   470   -2.604560E-03    5.431237E-01    4.238091E-01    6.808738E-01 
   471   -7.637832E-04    5.442029E-01    4.249357E-01    6.793980E-01 
   472    1.071756E-03    5.450690E-01    4.258276E-01    6.782596E-01 
   473    2.907140E-03    5.457380E-01    4.265100E-01    6.773726E-01 
   474    4.741874E-03    5.462256E-01    4.269983E-01    6.768105E-01 
   475    6.571700E-03    5.465479E-01    4.272955E-01    6.763914E-01 
   476    8.400599E-03    5.467812E-01    4.274734E-01    6.758805E-01 
   477    1.023556E-02    5.470131E-01    4.276370E-01    6.753647E-01 
   478    1.206614E-02    5.472433E-01    4.278151E-01    6.752015E-01 
   479    1.388984E-02    5.474298E-01    4.279597E-01    6.751072E-01 
   480    1.571837E-02    5.476152E-01    4.280840E-01    6.748178E-01 
   481    1.755432E-02    5.478445E-01    4.282221E-01    6.745375E-01 
   482    1.937661E-02    5.480439E-01    4.283210E-01    6.745595E-01 
   483    2.119579E-02    5.481849E-01    4.283572E-01    6.744289E-01 
   484    2.303005E-02    5.483583E-01    4.284195E-01    6.740091E-01 
   485    2.486004E-02    5.485804E-01    4.285269E-01    6.738970E-01 
   486    2.667529E-02    5.487684E-01    4.286062E-01    6.741399E-01 
   487    2.849484E-02    5.489923E-01    4.286963E-01    6.737037E-01 
   488    3.033209E-02    5.494048E-01    4.288662E-01    6.733584E-01 
   489    3.215913E-02    5.498645E-01    4.288771E-01    6.739538E-01 
   490    3.395269E-02    5.502515E-01    4.285452E-01    6.739385E-01 
   491    3.577861E-02    5.506079E-01    4.279399E-01    6.729044E-01 
   492    3.762754E-02    5.504809E-01    4.268427E-01    6.732134E-01 
   493    3.942221E-02    5.491377E-01    4.248317E-01    6.743732E-01 
   494    4.118472E-02    5.457611E-01    4.221983E-01    6.721161E-01 
   495    4.309187E-02    5.396828E-01    4.216034E-01    6.733680E-01 
   496    4.499334E-02    5.307837E-01    4.243405E-01    6.736068E-01 
   497    4.666705E-02    5.213088E-01    4.297615E-01    6.732514E-01 
   498    4.888011E-02    5.088572E-01    4.346165E-01    6.731171E-01 
   499    5.120087E-02    4.955430E-01    4.485551E-01    6.768736E-01 
   500    5.036695E-02    5.001592E-01    3.480274E-01    6.581112E-01 
   501    5.216144E-02    4.896253E-01    3.703394E-01    6.686585E-01 
   502    5.316908E-02    4.834444E-01    3.941734E-01    6.718014E-01 
   503    5.377639E-02    4.796681E-01    4.160790E-01    6.723561E-01 
   504    5.408930E-02    4.778310E-01    4.330984E-01    6.698498E-01 
   505    5.467928E-02    4.745943E-01    4.415399E-01    6.695753E-01 
   506    5.545823E-02    4.705419E-01    4.435504E-01    6.741739E-01 
   507    5.588521E-02    4.684654E-01    4.435788E-01    6.749103E-01 
   508    5.609526E-02    4.674969E-01    4.425871E-01    6.744182E-01 
   509    5.642008E-02    4.661141E-01    4.406534E-01    6.715089E-01 
   510    5.708756E-02    4.636414E-01    4.378020E-01    6.722525E-01 
   511    5.777197E-02    4.615549E-01    4.354146E-01    6.724864E-01 
   512    5.844429E-02    4.599334E-01    4.334971E-01    6.721694E-01 
   513    5.911843E-02    4.587184E-01    4.320037E-01    6.722918E-01 
   514    5.965628E-02    4.579902E-01    4.309445E-01    6.727930E-01 
   515    6.014610E-02    4.574721E-01    4.300724E-01    6.736917E-01 
   516    6.062179E-02    4.570656E-01    4.293281E-01    6.738117E-01 
   517    6.112678E-02    4.567659E-01    4.287737E-01    6.725239E-01 
   518    6.163008E-02    4.565876E-01    4.283738E-01    6.721721E-01 
   519    6.215714E-02    4.564734E-01    4.280587E-01    6.722564E-01 
   520    6.272065E-02    4.564023E-01    4.278011E-01    6.724813E-01 
   521    6.331828E-02    4.563716E-01    4.276123E-01    6.726531E-01 
   522    6.393321E-02    4.563590E-01    4.274530E-01    6.730513E-01 
   523    6.450842E-02    4.563488E-01    4.273069E-01    6.729307E-01 
   524    6.503781E-02    4.563606E-01    4.271901E-01    6.723275E-01 
   525    6.556141E-02    4.564044E-01    4.271216E-01    6.716603E-01 
   526    6.610948E-02    4.564679E-01    4.270763E-01    6.715811E-01 
   527    6.664622E-02    4.565274E-01    4.270271E-01    6.716149E-01 
   528    6.717019E-02    4.565891E-01    4.269783E-01    6.714395E-01 
   529    6.769999E-02    4.566556E-01    4.269416E-01    6.714057E-01 
   530    6.824562E-02    4.567247E-01    4.269166E-01    6.717611E-01 
   531    6.880489E-02    4.567944E-01    4.269042E-01    6.722131E-01 
   532    6.937072E-02    4.568672E-01    4.269077E-01    6.722326E-01 
   533    6.993655E-02    4.569485E-01    4.269305E-01    6.720079E-01 
   534    7.049724E-02    4.570404E-01    4.269720E-01    6.717932E-01 
   535    7.104988E-02    4.571365E-01    4.270204E-01    6.718334E-01 
   536    7.159322E-02    4.572297E-01    4.270646E-01    6.719310E-01 
   537    7.212819E-02    4.573183E-01    4.271036E-01    6.719413E-01 
   538    7.265973E-02    4.574033E-01    4.271376E-01    6.719170E-01 
   539    7.319339E-02    4.574840E-01    4.271704E-01    6.719294E-01 
   540    7.373357E-02    4.575580E-01    4.271961E-01    6.719952E-01 
   541    7.428277E-02    4.576222E-01    4.272174E-01    6.721183E-01 
   542    7.483983E-02    4.576723E-01    4.272220E-01    6.722785E-01 
   543    7.539943E-02    4.577054E-01    4.272135E-01    6.724090E-01 
   544    7.595507E-02    4.577220E-01    4.271816E-01    6.724430E-01 
   545    7.650502E-02    4.577255E-01    4.271403E-01    6.723889E-01 
   546    7.704964E-02    4.577190E-01    4.270805E-01    6.722936E-01 
   547    7.759062E-02    4.577050E-01    4.270181E-01    6.721592E-01 
   548    7.812957E-02    4.576862E-01    4.269434E-01    6.719821E-01 
   549    7.866962E-02    4.576640E-01    4.268714E-01    6.717782E-01 
   550    7.921242E-02    4.576392E-01    4.267924E-01    6.715744E-01 
   551    7.975923E-02    4.576123E-01    4.267176E-01    6.713907E-01 
   552    8.030935E-02    4.575848E-01    4.266412E-01    6.712237E-01 
   553    8.086151E-02    4.575598E-01    4.265732E-01    6.710443E-01 
   554    8.141311E-02    4.575413E-01    4.265148E-01    6.708346E-01 
   555    8.196331E-02    4.575330E-01    4.264712E-01    6.705875E-01 
   556    8.251135E-02    4.575372E-01    4.264466E-01    6.703148E-01 
   557    8.305749E-02    4.575551E-01    4.264375E-01    6.700462E-01 
   558    8.360219E-02    4.575864E-01    4.264507E-01    6.698280E-01 
   559    8.414633E-02    4.576295E-01    4.264743E-01    6.697177E-01 
   560    8.469116E-02    4.576816E-01    4.265169E-01    6.697606E-01 
   561    8.523671E-02    4.577386E-01    4.265601E-01    6.699693E-01 
   562    8.578394E-02    4.577956E-01    4.266121E-01    6.703113E-01 
   563    8.633163E-02    4.578472E-01    4.266511E-01    6.707030E-01 
   564    8.687999E-02    4.578875E-01    4.266837E-01    6.710700E-01 
   565    8.742782E-02    4.579110E-01    4.266893E-01    6.713714E-01 
   566    8.797522E-02    4.579120E-01    4.266717E-01    6.715877E-01 
   567    8.852125E-02    4.578852E-01    4.266143E-01    6.717194E-01 
   568    8.906668E-02    4.578256E-01    4.265175E-01    6.717664E-01 
   569    8.961149E-02    4.577288E-01    4.263710E-01    6.717272E-01 
   570    9.015617E-02    4.575911E-01    4.261718E-01    6.715967E-01 
   571    9.070137E-02    4.574100E-01    4.259183E-01    6.713693E-01 
   572    9.124699E-02    4.571853E-01    4.256056E-01    6.710221E-01 
   573    9.179366E-02    4.569189E-01    4.252438E-01    6.705291E-01 
   574    9.234098E-02    4.566162E-01    4.248301E-01    6.698592E-01 
   575    9.288910E-02    4.562857E-01    4.243875E-01    6.689984E-01 
   576    9.343738E-02    4.559398E-01    4.239187E-01    6.679449E-01 
   577    9.398657E-02    4.555931E-01    4.234566E-01    6.667123E-01 
   578    9.453575E-02    4.552632E-01    4.230100E-01    6.653114E-01 
   579    9.508588E-02    4.549679E-01    4.226155E-01    6.637754E-01 
   580    9.563660E-02    4.547254E-01    4.222845E-01    6.621421E-01 
   581    9.618830E-02    4.545521E-01    4.220489E-01    6.605069E-01 
   582    9.674087E-02    4.544615E-01    4.219177E-01    6.590974E-01 
   583    9.729439E-02    4.544623E-01    4.219083E-01    6.581819E-01 
   584    9.784834E-02    4.545568E-01    4.220205E-01    6.579889E-01 
   585    9.840223E-02    4.547392E-01    4.222470E-01    6.586193E-01 
   586    9.895565E-02    4.549951E-01    4.225719E-01    6.599993E-01 
   587    9.950775E-02    4.553003E-01    4.229576E-01    6.618839E-01 
   588    1.000587E-01    4.556224E-01    4.233706E-01    6.641008E-01 
   589    1.006079E-01    4.559201E-01    4.237458E-01    6.663843E-01 
   590    1.011557E-01    4.561453E-01    4.240334E-01    6.685991E-01 
   591    1.017019E-01    4.562437E-01    4.241484E-01    6.705942E-01 
   592    1.022471E-01    4.561567E-01    4.240278E-01    6.722621E-01 
   593    1.027911E-01    4.558226E-01    4.235765E-01    6.735139E-01 
   594    1.033347E-01    4.551774E-01    4.227222E-01    6.743236E-01 
   595    1.038779E-01    4.541576E-01    4.213705E-01    6.745571E-01 
   596    1.044215E-01    4.527013E-01    4.194483E-01    6.740596E-01 
   597    1.049658E-01    4.507506E-01    4.168729E-01    6.727998E-01 
   598    1.055116E-01    4.482496E-01    4.135746E-01    6.705577E-01 
   599    1.060596E-01    4.451486E-01    4.094914E-01    6.669077E-01 
   600    1.066109E-01    4.414050E-01    4.045673E-01    6.616287E-01 
   601    1.071667E-01    4.369800E-01    3.987629E-01    6.544664E-01 
   602    1.077282E-01    4.318441E-01    3.920427E-01    6.450388E-01 
   603    1.082972E-01    4.259763E-01    3.844009E-01    6.332260E-01 
   604    1.088753E-01    4.193670E-01    3.758279E-01    6.185957E-01 
   605    1.094645E-01    4.120121E-01    3.663539E-01    6.008453E-01 
   606    1.100667E-01    4.039300E-01    3.560109E-01    5.803009E-01 
   607    1.106843E-01    3.951476E-01    3.448733E-01    5.566595E-01 
   608    1.113189E-01    3.857275E-01    3.330416E-01    5.293627E-01 
   609    1.119732E-01    3.757430E-01    3.206429E-01    4.983315E-01 
   610    1.126491E-01    3.652980E-01    3.078306E-01    4.642467E-01 
   611    1.133489E-01    3.545201E-01    2.947941E-01    4.275742E-01 
   612    1.140740E-01    3.435793E-01    2.817570E-01    3.881700E-01 
   613    1.148258E-01    3.326606E-01    2.689516E-01    3.464909E-01 
   614    1.156055E-01    3.219606E-01    2.566099E-01    3.039181E-01 
   615    1.164133E-01    3.116839E-01    2.449578E-01    2.615724E-01 
   616    1.172487E-01    3.020267E-01    2.341943E-01    2.204460E-01 
   617    1.181107E-01    2.931566E-01    2.244715E-01    1.816034E-01 
   618    1.189974E-01    2.851998E-01    2.158896E-01    1.464165E-01 
   619    1.199065E-01    2.782358E-01    2.084881E-01    1.156196E-01 
   620    1.208350E-01    2.722873E-01    2.022480E-01    8.960273E-02 
   621    1.217799E-01    2.673236E-01    1.970987E-01    6.821296E-02 
   622    1.227382E-01    2.632733E-01    1.929350E-01    5.110924E-02 
   623    1.237073E-01    2.600358E-01    1.896312E-01    3.782717E-02 
   624    1.246847E-01    2.574979E-01    1.870551E-01    2.768026E-02 
   625    1.256684E-01    2.555417E-01    1.850770E-01    2.003857E-02 
   626    1.266569E-01    2.540563E-01    1.835790E-01    1.437676E-02 
   627    1.276489E-01    2.529436E-01    1.824588E-01    1.023727E-02 
   628    1.286435E-01    2.521200E-01    1.816305E-01    7.243249E-03 
   629    1.296400E-01    2.515164E-01    1.810239E-01    5.096913E-03 
   630    1.306378E-01    2.510781E-01    1.805834E-01    3.569555E-03 
   631    1.316366E-01    2.507623E-01    1.802661E-01    2.489346E-03 
   632    1.326361E-01    2.505363E-01    1.800390E-01    1.729446E-03 
   633    1.336360E-01    2.503757E-01    1.798775E-01    1.197405E-03 
   634    1.346362E-01    2.502620E-01    1.797634E-01    8.264268E-04 
   635    1.356367E-01    2.501821E-01    1.796830E-01    5.686949E-04 
   636    1.366374E-01    2.501261E-01    1.796268E-01    3.902317E-04 
   637    1.376381E-01    2.500870E-01    1.795875E-01    2.670360E-04 
   638    1.386390E-01    2.500599E-01    1.795602E-01    1.822384E-04 
   639    1.396399E-01    2.500411E-01    1.795413E-01    1.240329E-04 
   640    1.406408E-01    2.500281E-01    1.795283E-01    8.418835E-05 
   641    1.416417E-01    2.500192E-01    1.795193E-01    5.698541E-05 
   642    1.426427E-01    2.500131E-01    1.795131E-01    3.846270E-05 
   643    1.436437E-01    2.500089E-01    1.795089E-01    2.588443E-05 
   644    1.446447E-01    2.500060E-01    1.795060E-01    1.736636E-05 
   645    1.456457E-01    2.500040E-01    1.795041E-01    1.161422E-05 
   646    1.466467E-01    2.500027E-01    1.795027E-01    7.741258E-06 
   647    1.476477E-01    2.500018E-01    1.795018E-01    5.141546E-06 
   648    1.486487E-01    2.500012E-01    1.795012E-01    3.402088E-06 
   649    1.496497E-01    2.500008E-01    1.795008E-01    2.242149E-06 
   650    1.506507E-01    2.500005E-01    1.795005E-01    1.471414E-06 
   651    1.516517E-01    2.500004E-01    1.795004E-01    9.612274E-07 
   652    1.526527E-01    2.500002E-01    1.795002E-01    6.248699E-07 
   653    1.536537E-01    2.500002E-01    1.795002E-01    4.040697E-07 
   654    1.546547E-01    2.500001E-01    1.795001E-01    2.597956E-07 
   655    1.556557E-01    2.500001E-01    1.795001E-01    1.659937E-07 
   656    1.566567E-01    2.500000E-01    1.795000E-01    1.053352E-07 
   657    1.576577E-01    2.500000E-01    1.795000E-01    6.633863E-08 
   658    1.586587E-01    2.500000E-01    1.795000E-01    4.142869E-08 
   659    1.596597E-01    2.500000E-01    1.795000E-01    2.562853E-08 
   660    1.606607E-01    2.500000E-01    1.795000E-01    1.568481E-08 
   661    1.616617E-01    2.500000E-01    1.795000E-01    9.481371E-09 
   662    1.626627E-01    2.500000E-01    1.795000E-01    5.649178E-09 
   663    1.636637E-01    2.500000E-01    1.795000E-01    3.308552E-09 
   664    1.646647E-01    2.500000E-01    1.795000E-01    1.897227E-09 
   665    1.656657E-01    2.500000E-01    1.795000E-01    1.059298E-09 
   666    1.666667E-01    2.500000E-01    1.795000E-01    5.713167E-10 
   667    1.676677E-01    2.500000E-01    1.795000E-01    2.937032E-10 
   668    1.686687E-01    2.500000E-01    1.795000E-01    1.403900E-10 
   669    1.696697E-01    2.500000E-01    1.795000E-01    5.846913E-11 
   670    1.706707E-01    2.500000E-01    1.795000E-01    1.664404E-11 
   671    1.716717E-01    2.500000E-01    1.795000E-01   -1.898238E-12 
   672    1.726727E-01    2.500000E-01    1.795000E-01   -8.050246E-12 
   673    1.736737E-01    2.500000E-01    1.795000E-01   -8.447261E-12 
   674    1.746747E-01    2.500000E-01    1.795000E-01   -6.746563E-12 
   675    1.756757E-01    2.500000E-01    1.795000E-01   -4.688780E-12 
   676    1.766767E-01    2.500000E-01    1.795000E-01   -2.954343E-12 
   677    1.776777E-01    2.500000E-01    1.795000E-01   -1.704733E-12 
   678    1.786787E-01    2.500000E-01    1.795000E-01   -8.932222E-13 
   679    1.796797E-01    2.500000E-01    1.795000E-01   -4.098131E-13 
   680    1.806807E-01    2.500000E-01    1.795000E-01   -1.458786E-13 
   681    1.816817E-01    2.500000E-01    1.795000E-01   -1.660244E-14 
   682    1.826827E-01    2.500000E-01    1.795000E-01    3.970183E-14 
   683    1.836837E-01    2.500000E-01    1.795000E-01    5.832714E-14 
   684    1.846847E-01    2.500000E-01    1.795000E-01    5.926138E-14 
   685    1.856857E-01    2.500000E-01    1.795000E-01    5.221869E-14 
   686    1.866867E-01    2.500000E-01    1.795000E-01    4.283018E-14 
   687    1.876877E-01    2.500000E-01    1.795000E-01    3.365357E-14 
   688    1.886887E-01    2.500000E-01    1.795000E-01    2.520419E-14 
   689    1.896897E-01    2.500000E-01    1.795000E-01    1.818594E-14 
   690    1.906907E-01    2.500000E-01    1.795000E-01    1.261948E-14 
   691    1.916917E-01    2.500000E-01    1.795000E-01    8.302707E-15 
   692    1.926927E-01    2.500000E-01    1.795000E-01    5.111222E-15 
   693    1.936937E-01    2.500000E-01    1.795000E-01    2.624466E-15 
   694    1.946947E-01    2.500000E-01    1.795000E-01    1.196701E-15 
   695    1.956957E-01    2.500000E-01    1.795000E-01    2.378805E-16 
   696    1.966967E-01    2.500000E-01    1.795000E-01   -4.806505E-16 
   697    1.976977E-01    2.500000E-01    1.795000E-01   -3.923877E-16 
   698    1.986987E-01    2.500000E-01    1.795000E-01   -8.581349E-16 
   699    1.996997E-01    2.500000E-01    1.795000E-01   -2.095726E-17 
   700    2.007007E-01    2.500000E-01    1.795000E-01   -4.294127E-16 
   701    2.017017E-01    2.500000E-01    1.795000E-01   -6.028779E-16 
   702    2.027027E-01    2.500000E-01    1.795000E-01   -1.405585E-17 
   703    2.037037E-01    2.500000E-01    1.795000E-01   -4.865218E-16 
   704    2.047047E-01    2.500000E-01    1.795000E-01    2.732619E-16 
   705    2.057057E-01    2.500000E-01    1.795000E-01   -2.542885E-16 
   706    2.067067E-01    2.500000E-01    1.795000E-01   -3.477804E-16 
   707    2.077077E-01    2.500000E-01    1.795000E-01    4.596217E-16 
   708    2.087087E-01    2.500000E-01    1.795000E-01   -7.829303E-17 
   709    2.097097E-01    2.500000E-01    1.795000E-01    3.634310E-16 
   710    2.107107E-01    2.500000E-01    1.795000E-01    3.606734E-16 
   711    2.117117E-01    2.500000E-01    1.795000E-01    2.266967E-17 
   712    2.127127E-01    2.500000E-01    1.795000E-01    1.227939E-15 
   713    2.137137E-01    2.500000E-01    1.795000E-01    7.549123E-16 
   714    2.147147E-01    2.500000E-01    1.795000E-01    6.103784E-16 
   715    2.157157E-01    2.500000E-01    1.795000E-01    6.670146E-16 
   716    2.167167E-01    2.500000E-01    1.795000E-01    5.315165E-16 
   717    2.177177E-01    2.500000E-01    1.795000E-01    2.390589E-16 
   718    2.187187E-01    2.500000E-01    1.795000E-01    1.779823E-16 
   719    2.197197E-01    2.500000E-01    1.795000E-01   -1.089422E-16 
   720    2.207207E-01    2.500000E-01    1.795000E-01   -8.435447E-17 
   721    2.217217E-01    2.500000E-01    1.795000E-01   -5.086934E-17 
   722    2.227227E-01    2.500000E-01    1.795000E-01    5.433881E-16 
   723    2.237237E-01    2.500000E-01    1.795000E-01    4.608865E-16 
   724    2.247247E-01    2.500000E-01    1.795000E-01    2.468633E-16 
   725    2.257257E-01    2.500000E-01    1.795000E-01   -1.277054E-16 
   726    2.267267E-01    2.500000E-01    1.795000E-01   -7.847333E-16 
   727    2.277277E-01    2.500000E-01    1.795000E-01   -1.023615E-15 
   728    2.287287E-01    2.500000E-01    1.795000E-01   -1.332350E-15 
   729    2.297297E-01    2.500000E-01    1.795000E-01   -1.139727E-15 
   730    2.307307E-01    2.500000E-01    1.795000E-01    7.371445E-16 
   731    2.317317E-01    2.500000E-01    1.795000E-01    2.323438E-15 
   732    2.327327E-01    2.500000E-01    1.795000E-01    8.894350E-16 
   733    2.337337E-01    2.500000E-01    1.795000E-01    3.110002E-16 
   734    2.347347E-01    2.500000E-01    1.795000E-01   -1.894631E-16 
   735    2.357357E-01    2.500000E-01    1.795000E-01   -1.004715E-15 
   736    2.367367E-01    2.500000E-01    1.795000E-01   -2.461520E-15 
   737    2.377377E-01    2.500000E-01    1.795000E-01   -7.288409E-16 
   738    2.387387E-01    2.500000E-01    1.795000E-01    4.571320E-16 
   739    2.397397E-01    2.500000E-01    1.795000E-01    6.101871E-16 
   740    2.407407E-01    2.500000E-01    1.795000E-01    1.092365E-16 
   741    2.417417E-01    2.500000E-01    1.795000E-01    2.644857E-16 
   742    2.427427E-01    2.500000E-01    1.795000E-01   -6.798034E-16 
   743    2.437437E-01    2.500000E-01    1.795000E-01   -8.556973E-16 
   744    2.447447E-01    2.500000E-01    1.795000E-01   -1.123971E-15 
   745    2.457457E-01    2.500000E-01    1.795000E-01   -1.160786E-15 
   746    2.467467E-01    2.500000E-01    1.795000E-01   -3.612231E-16 
   747    2.477477E-01    2.500000E-01    1.795000E-01   -1.047380E-16 
   748    2.487487E-01    2.500000E-01    1.795000E-01   -3.563769E-16 
   749    2.497497E-01    2.500000E-01    1.795000E-01   -3.905135E-16 
   750    2.507508E-01    2.500000E-01    1.795000E-01   -4.300804E-16 
   751    2.517518E-01    2.500000E-01    1.795000E-01   -5.076911E-16 
   752    2.527528E-01    2.500000E-01    1.795000E-01   -6.058295E-16 
   753    2.537538E-01    2.500000E-01    1.795000E-01   -7.207548E-16 
   754    2.547548E-01    2.500000E-01    1.795000E-01   -7.813097E-16 
   755    2.557558E-01    2.500000E-01    1.795000E-01   -8.522891E-16 
   756    2.567568E-01    2.500000E-01    1.795000E-01   -6.097397E-16 
   757    2.577578E-01    2.500000E-01    1.795000E-01   -9.302096E-16 
   758    2.587588E-01    2.500000E-01    1.795000E-01   -4.486739E-18 
   759    2.597598E-01    2.500000E-01    1.795000E-01   -5.065562E-16 
   760    2.607608E-01    2.500000E-01    1.795000E-01   -5.820426E-16 
   761    2.617618E-01    2.500000E-01    1.795000E-01   -7.669678E-17 
   762    2.627628E-01    2.500000E-01    1.795000E-01   -6.058936E-16 
   763    2.637638E-01    2.500000E-01    1.795000E-01   -2.221573E-18 
   764    2.647648E-01    2.500000E-01    1.795000E-01   -5.200575E-16 
   765    2.657658E-01    2.500000E-01    1.795000E-01   -5.820183E-16 
   766    2.667668E-01    2.500000E-01    1.795000E-01   -7.120669E-17 
   767    2.677678E-01    2.500000E-01    1.795000E-01   -6.058871E-16 
   768    2.687688E-01    2.500000E-01    1.795000E-01   -2.967243E-17 
   769    2.697698E-01    2.500000E-01    1.795000E-01   -5.059807E-16 
   770    2.707708E-01    2.500000E-01    1.795000E-01   -6.028515E-16 
   771    2.717718E-01    2.500000E-01    1.795000E-01   -1.405585E-17 
   772    2.727728E-01    2.500000E-01    1.795000E-01   -4.865153E-16 
   773    2.737738E-01    2.500000E-01    1.795000E-01    2.732619E-16 
   774    2.747748E-01    2.500000E-01    1.795000E-01   -2.542885E-16 
   775    2.757758E-01    2.500000E-01    1.795000E-01   -3.477788E-16 
   776    2.767768E-01    2.500000E-01    1.795000E-01    4.596217E-16 
   777    2.777778E-01    2.500000E-01    1.795000E-01   -7.829303E-17 
   778    2.787788E-01    2.500000E-01    1.795000E-01    3.634310E-16 
   779    2.797798E-01    2.500000E-01    1.795000E-01    3.606734E-16 
   780    2.807808E-01    2.500000E-01    1.795000E-01    2.266967E-17 
   781    2.817818E-01    2.500000E-01    1.795000E-01    1.227939E-15 
   782    2.827828E-01    2.500000E-01    1.795000E-01    7.549123E-16 
   783    2.837838E-01    2.500000E-01    1.795000E-01    6.103784E-16 
   784    2.847848E-01    2.500000E-01    1.795000E-01    6.670146E-16 
   785    2.857858E-01    2.500000E-01    1.795000E-01    5.315165E-16 
   786    2.867868E-01    2.500000E-01    1.795000E-01    2.390589E-16 
   787    2.877878E-01    2.500000E-01    1.795000E-01    1.779823E-16 
   788    2.887888E-01    2.500000E-01    1.795000E-01   -1.089422E-16 
   789    2.897898E-01    2.500000E-01    1.795000E-01   -8.435447E-17 
   790    2.907908E-01    2.500000E-01    1.795000E-01   -5.086934E-17 
   791    2.917918E-01    2.500000E-01    1.795000E-01    5.433881E-16 
   792    2.927928E-01    2.500000E-01    1.795000E-01    4.608865E-16 
   793    2.937938E-01    2.500000E-01    1.795000E-01    2.468633E-16 
   794    2.947948E-01    2.500000E-01    1.795000E-01   -1.277054E-16 
   795    2.957958E-01    2.500000E-01    1.795000E-01   -7.847333E-16 
   796    2.967968E-01    2.500000E-01    1.795000E-01   -1.023615E-15 
   797    2.977978E-01    2.500000E-01    1.795000E-01   -1.332350E-15 
   798    2.987988E-01    2.500000E-01    1.795000E-01   -1.139727E-15 
   799    2.997998E-01    2.500000E-01    1.795000E-01    7.371445E-16 
   800    3.008008E-01    2.500000E-01    1.795000E-01    2.323015E-15 
   801    3.018018E-01    2.500000E-01    1.795000E-01    8.922505E-16 
   802    3.028028E-01    2.500000E-01    1.795000E-01    3.110002E-16 
   803    3.038038E-01    2.500000E-01    1.795000E-01   -1.953755E-16 
   804    3.048048E-01    2.500000E-01    1.795000E-01   -9.938758E-16 
   805    3.058058E-01    2.500000E-01    1.795000E-01   -2.444768E-15 
   806    3.068068E-01    2.500000E-01    1.795000E-01   -7.075842E-16 
   807    3.078078E-01    2.500000E-01    1.795000E-01    6.087435E-16 
   808    3.088088E-01    2.500000E-01    1.795000E-01    9.079200E-16 
   809    3.098098E-01    2.500000E-01    1.795000E-01    4.161198E-16 
   810    3.108108E-01    2.500000E-01    1.795000E-01    2.727906E-16 
   811    3.118118E-01    2.500000E-01    1.795000E-01   -1.362549E-15 
   812    3.128128E-01    2.500000E-01    1.795000E-01   -3.294998E-15 
   813    3.138138E-01    2.500000E-01    1.795000E-01   -6.341694E-15 
   814    3.148148E-01    2.500000E-01    1.795000E-01   -1.111380E-14 
   815    3.158158E-01    2.500000E-01    1.795000E-01   -1.901395E-14 
   816    3.168168E-01    2.500000E-01    1.795000E-01   -3.293574E-14 
   817    3.178178E-01    2.500000E-01    1.795000E-01   -5.495650E-14 
   818    3.188188E-01    2.500000E-01    1.795000E-01   -9.180165E-14 
   819    3.198198E-01    2.500000E-01    1.795000E-01   -1.506390E-13 
   820    3.208208E-01    2.500000E-01    1.795000E-01   -2.434088E-13 
   821    3.218218E-01    2.500000E-01    1.795000E-01   -3.869535E-13 
   822    3.228228E-01    2.500000E-01    1.795000E-01   -6.094008E-13 
   823    3.238238E-01    2.500000E-01    1.795000E-01   -9.481449E-13 
   824    3.248248E-01    2.500000E-01    1.795000E-01   -1.463229E-12 
   825    3.258258E-01    2.500000E-01    1.795000E-01   -2.238100E-12 
   826    3.268268E-01    2.500000E-01    1.795000E-01   -3.400431E-12 
   827    3.278278E-01    2.500000E-01    1.795000E-01   -5.129260E-12 
   828    3.288288E-01    2.500000E-01    1.795000E-01   -7.686241E-12 
   829    3.298298E-01    2.500000E-01    1.795000E-01   -1.144329E-11 
   830    3.308308E-01    2.500000E-01    1.795000E-01   -1.693585E-11 
   831    3.318318E-01    2.500000E-01    1.795000E-01   -2.491521E-11 
   832    3.328328E-01    2.500000E-01    1.795000E-01   -3.644513E-11 
   833    3.338338E-01    2.500000E-01    1.795000E-01   -5.302230E-11 
   834    3.348348E-01    2.500000E-01    1.795000E-01   -7.673200E-11 
   835    3.358358E-01    2.500000E-01    1.795000E-01   -1.104744E-10 
   836    3.368368E-01    2.500000E-01    1.795000E-01   -1.582724E-10 
   837    3.378378E-01    2.500000E-01    1.795000E-01   -2.256652E-10 
   838    3.388388E-01    2.500000E-01    1.795000E-01   -3.202486E-10 
   839    3.398398E-01    2.500000E-01    1.795000E-01   -4.524083E-10 
   840    3.408408E-01    2.500000E-01    1.795000E-01   -6.362669E-10 
   841    3.418418E-01    2.500000E-01    1.795000E-01   -8.909440E-10 
   842    3.428428E-01    2.500000E-01    1.795000E-01   -1.242229E-09 
   843    3.438438E-01    2.500000E-01    1.795000E-01   -1.724751E-09 
   844    3.448448E-01    2.500000E-01    1.795000E-01   -2.384817E-09 
   845    3.458458E-01    2.500000E-01    1.795000E-01   -3.284094E-09 
   846    3.468468E-01    2.500000E-01    1.795000E-01   -4.504368E-09 
   847    3.478478E-01    2.500000E-01    1.795000E-01   -6.153657E-09 
   848    3.488488E-01    2.500000E-01    1.795000E-01   -8.374049E-09 
   849    3.498498E-01    2.500000E-01    1.795000E-01   -1.135168E-08 
   850    3.508509E-01    2.500000E-01    1.795000E-01   -1.532938E-08 
   851    3.518519E-01    2.500000E-01    1.795000E-01   -2.062270E-08 
   852    3.528529E-01    2.500000E-01    1.795000E-01   -2.763996E-08 
   853    3.538539E-01    2.500000E-01    1.795000E-01   -3.690741E-08 
   854    3.548549E-01    2.500000E-01    1.795000E-01   -4.910054E-08 
   855    3.558559E-01    2.500000E-01    1.795000E-01   -6.508280E-08 
   856    3.568569E-01    2.500000E-01    1.795000E-01   -8.595347E-08 
   857    3.578579E-01    2.500000E-01    1.795000E-01   -1.131062E-07 
   858    3.588589E-01    2.500000E-01    1.795000E-01   -1.483006E-07 
   859    3.598599E-01    2.500001E-01    1.795001E-01   -1.937493E-07 
   860    3.608609E-01    2.500001E-01    1.795001E-01   -2.522222E-07 
   861    3.618619E-01    2.500001E-01    1.795001E-01   -3.271733E-07 
   862    3.628629E-01    2.500001E-01    1.795001E-01   -4.228905E-07 
   863    3.638639E-01    2.500001E-01    1.795001E-01   -5.446744E-07 
   864    3.648649E-01    2.500002E-01    1.795002E-01   -6.990489E-07 
   865    3.658659E-01    2.500002E-01    1.795002E-01   -8.940088E-07 
   866    3.668669E-01    2.500003E-01    1.795003E-01   -1.139307E-06 
   867    3.678679E-01    2.500004E-01    1.795004E-01   -1.446789E-06 
   868    3.688689E-01    2.500005E-01    1.795005E-01   -1.830775E-06 
   869    3.698699E-01    2.500006E-01    1.795006E-01   -2.308496E-06 
   870    3.708709E-01    2.500007E-01    1.795007E-01   -2.900592E-06 
   871    3.718719E-01    2.500009E-01    1.795009E-01   -3.631661E-06 
   872    3.728729E-01    2.500011E-01    1.795011E-01   -4.530879E-06 
   873    3.738739E-01    2.500014E-01    1.795014E-01   -5.632680E-06 
   874    3.748748E-01    2.500017E-01    1.795017E-01   -6.977490E-06 
   875    3.758758E-01    2.500021E-01    1.795021E-01   -8.612526E-06 
   876    3.768768E-01    2.500026E-01    1.795026E-01   -1.059264E-05 
   877    3.778778E-01    2.500031E-01    1.795032E-01   -1.298118E-05 
   878    3.788788E-01    2.500038E-01    1.795038E-01   -1.585093E-05 
   879    3.798798E-01    2.500046E-01    1.795047E-01   -1.928496E-05 
   880    3.808808E-01    2.500056E-01    1.795056E-01   -2.337756E-05 
   881    3.818818E-01    2.500068E-01    1.795068E-01   -2.823501E-05 
   882    3.828827E-01    2.500081E-01    1.795082E-01   -3.397634E-05 
   883    3.838837E-01    2.500097E-01    1.795098E-01   -4.073387E-05 
   884    3.848847E-01    2.500116E-01    1.795116E-01   -4.865367E-05 
   885    3.858856E-01    2.500138E-01    1.795138E-01   -5.789565E-05 
   886    3.868866E-01    2.500163E-01    1.795164E-01   -6.863340E-05 
   887    3.878875E-01    2.500192E-01    1.795193E-01   -8.105368E-05 
   888    3.888884E-01    2.500225E-01    1.795227E-01   -9.535538E-05 
   889    3.898894E-01    2.500264E-01    1.795265E-01   -1.117480E-04 
   890    3.908902E-01    2.500308E-01    1.795309E-01   -1.304497E-04 
   891    3.918911E-01    2.500357E-01    1.795359E-01   -1.516842E-04 
   892    3.928920E-01    2.500413E-01    1.795415E-01   -1.756778E-04 
   893    3.938928E-01    2.500476E-01    1.795479E-01   -2.026547E-04 
   894    3.948936E-01    2.500546E-01    1.795549E-01   -2.328323E-04 
   895    3.958944E-01    2.500625E-01    1.795628E-01   -2.664154E-04 
   896    3.968952E-01    2.500711E-01    1.795715E-01   -3.035899E-04 
   897    3.978959E-01    2.500807E-01    1.795811E-01   -3.445152E-04 
   898    3.988965E-01    2.500911E-01    1.795916E-01   -3.893169E-04 
   899    3.998972E-01    2.501025E-01    1.796031E-01   -4.380786E-04 
   900    4.008978E-01    2.501148E-01    1.796155E-01   -4.908331E-04 
   901    4.018983E-01    2.501281E-01    1.796288E-01   -5.475546E-04 
   902    4.028988E-01    2.501423E-01    1.796431E-01   -6.081505E-04 
   903    4.038992E-01    2.501574E-01    1.796582E-01   -6.724531E-04 
   904    4.048995E-01    2.501733E-01    1.796742E-01   -7.402134E-04 
   905    4.058998E-01    2.501900E-01    1.796910E-01   -8.110953E-04 
   906    4.069000E-01    2.502074E-01    1.797085E-01   -8.846719E-04 
   907    4.079002E-01    2.502254E-01    1.797266E-01   -9.604244E-04 
   908    4.089003E-01    2.502438E-01    1.797451E-01   -1.037744E-03 
   909    4.099002E-01    2.502625E-01    1.797639E-01   -1.115934E-03 
   910    4.109002E-01    2.502813E-01    1.797828E-01   -1.194220E-03 
   911    4.119000E-01    2.503001E-01    1.798017E-01   -1.271752E-03 
   912    4.128998E-01    2.503185E-01    1.798203E-01   -1.347610E-03 
   913    4.138994E-01    2.503365E-01    1.798384E-01   -1.420823E-03 
   914    4.148990E-01    2.503538E-01    1.798558E-01   -1.490385E-03 
   915    4.158986E-01    2.503701E-01    1.798722E-01   -1.555301E-03 
   916    4.168980E-01    2.503853E-01    1.798874E-01   -1.614632E-03 
   917    4.178975E-01    2.503989E-01    1.799012E-01   -1.667523E-03 
   918    4.188968E-01    2.504110E-01    1.799132E-01   -1.713146E-03 
   919    4.198961E-01    2.504211E-01    1.799234E-01   -1.750562E-03 
   920    4.208954E-01    2.504289E-01    1.799313E-01   -1.778782E-03 
   921    4.218946E-01    2.504342E-01    1.799366E-01   -1.796932E-03 
   922    4.228938E-01    2.504363E-01    1.799388E-01   -1.804708E-03 
   923    4.238930E-01    2.504347E-01    1.799371E-01   -1.801409E-03 
   924    4.248922E-01    2.504285E-01    1.799308E-01   -1.785033E-03 
   925    4.258914E-01    2.504172E-01    1.799195E-01   -1.753604E-03 
   926    4.268907E-01    2.504004E-01    1.799026E-01   -1.703769E-03 
   927    4.278900E-01    2.503781E-01    1.798802E-01   -1.629508E-03 
   928    4.288894E-01    2.503503E-01    1.798523E-01   -1.520626E-03 
   929    4.298890E-01    2.503170E-01    1.798188E-01   -1.366142E-03 
   930    4.308888E-01    2.502782E-01    1.797797E-01   -1.166329E-03 
   931    4.318888E-01    2.502341E-01    1.797353E-01   -9.401546E-04 
   932    4.328888E-01    2.501858E-01    1.796868E-01   -7.199248E-04 
   933    4.338889E-01    2.501357E-01    1.796364E-01   -5.314726E-04 
   934    4.348893E-01    2.500868E-01    1.795873E-01   -3.723217E-04 
   935    4.358900E-01    2.500427E-01    1.795429E-01   -2.104122E-04 
   936    4.368914E-01    2.500057E-01    1.795057E-01   -1.160701E-05 
   937    4.378932E-01    2.499768E-01    1.794767E-01    2.220989E-04 
   938    4.388948E-01    2.499554E-01    1.794551E-01    4.266613E-04 
   939    4.398959E-01    2.499404E-01    1.794400E-01    4.964462E-04 
   940    4.408964E-01    2.499312E-01    1.794309E-01    4.340197E-04 
   941    4.418970E-01    2.499282E-01    1.794279E-01    3.193354E-04 
   942    4.428986E-01    2.499317E-01    1.794313E-01    2.134689E-04 
   943    4.439012E-01    2.499410E-01    1.794407E-01    1.429040E-04 
   944    4.449036E-01    2.499543E-01    1.794540E-01    9.697090E-05 
   945    4.459045E-01    2.499687E-01    1.794686E-01    5.386129E-05 
   946    4.469041E-01    2.499821E-01    1.794820E-01    1.007335E-05 
   947    4.479037E-01    2.499937E-01    1.794937E-01   -3.384166E-05 
   948    4.489047E-01    2.500037E-01    1.795037E-01   -7.802023E-05 
   949    4.499073E-01    2.500123E-01    1.795123E-01   -1.153697E-04 
   950    4.509101E-01    2.500189E-01    1.795190E-01   -1.293918E-04 
   951    4.519110E-01    2.500224E-01    1.795225E-01   -1.125084E-04 
   952    4.529098E-01    2.500221E-01    1.795222E-01   -9.521408E-05 
   953    4.539086E-01    2.500195E-01    1.795196E-01   -1.009610E-04 
   954    4.549091E-01    2.500164E-01    1.795164E-01   -1.216919E-04 
   955    4.559122E-01    2.500138E-01    1.795139E-01   -1.489674E-04 
   956    4.569162E-01    2.500118E-01    1.795119E-01   -1.368238E-04 
   957    4.579176E-01    2.500087E-01    1.795087E-01   -3.264357E-06 
   958    4.589160E-01    2.500031E-01    1.795031E-01    1.075947E-04 
   959    4.599138E-01    2.499962E-01    1.794961E-01    1.065654E-04 
   960    4.609138E-01    2.499903E-01    1.794903E-01    5.133784E-05 
   961    4.619172E-01    2.499879E-01    1.794878E-01   -5.497947E-05 
   962    4.629224E-01    2.499893E-01    1.794892E-01   -1.244518E-04 
   963    4.639257E-01    2.499917E-01    1.794917E-01    2.750705E-05 
   964    4.649241E-01    2.499927E-01    1.794926E-01    1.286628E-04 
   965    4.659201E-01    2.499931E-01    1.794931E-01    6.269514E-05 
   966    4.669172E-01    2.499963E-01    1.794962E-01   -5.976173E-05 
   967    4.679205E-01    2.500024E-01    1.795025E-01   -1.593095E-04 
   968    4.689303E-01    2.500080E-01    1.795080E-01   -1.491916E-04 
   969    4.699372E-01    2.500087E-01    1.795087E-01    3.709917E-05 
   970    4.709308E-01    2.500056E-01    1.795056E-01    1.263547E-05 
   971    4.719229E-01    2.499997E-01    1.794997E-01    3.956710E-05 
   972    4.729184E-01    2.499934E-01    1.794933E-01   -4.818403E-05 
   973    4.739254E-01    2.499921E-01    1.794922E-01   -2.179204E-04 
   974    4.749411E-01    2.499927E-01    1.794927E-01   -1.989156E-04 
   975    4.759390E-01    2.499925E-01    1.794925E-01   -1.433224E-04 
   976    4.769464E-01    2.499857E-01    1.794857E-01    4.018686E-04 
   977    4.779350E-01    2.499727E-01    1.794726E-01    3.658620E-04 
   978    4.789149E-01    2.499655E-01    1.794654E-01   -1.100604E-04 
   979    4.799117E-01    2.499747E-01    1.794748E-01   -6.895433E-04 
   980    4.809438E-01    2.499807E-01    1.794809E-01   -7.102595E-05 
   981    4.819832E-01    2.499702E-01    1.794708E-01    3.281024E-04 
   982    4.829783E-01    2.499487E-01    1.794494E-01    4.831524E-04 
   983    4.839284E-01    2.499219E-01    1.794221E-01    2.192480E-04 
   984    4.848232E-01    2.499134E-01    1.794142E-01   -1.194840E-03 
   985    4.859637E-01    2.498883E-01    1.793893E-01    5.119128E-05 
   986    4.870068E-01    2.498126E-01    1.793154E-01    1.606374E-04 
   987    4.880178E-01    2.496791E-01    1.791829E-01    3.037819E-04 
   988    4.889849E-01    2.494507E-01    1.789510E-01    3.974515E-04 
   989    4.897478E-01    2.491639E-01    1.786336E-01   -7.518840E-04 
   990    4.909910E-01    2.486898E-01    1.785592E-01    0.000000E+00 
   991    4.919920E-01    2.484074E-01    1.783565E-01    0.000000E+00 
   992    4.929930E-01    2.478122E-01    1.779292E-01    0.000000E+00 
   993    4.939940E-01    2.461443E-01    1.767316E-01    0.000000E+00 
   994    4.949950E-01    2.422340E-01    1.739240E-01    0.000000E+00 
   995    4.959960E-01    2.342926E-01    1.682221E-01    0.000000E+00 
   996    4.969970E-01    2.204682E-01    1.582962E-01    0.000000E+00 
   997    4.979980E-01    1.999614E-01    1.435723E-01    0.000000E+00 
   998    4.989990E-01    1.731624E-01    1.243306E-01    0.000000E+00 
   999    5.000000E-01    1.416667E-01    1.017167E-01    0.000000E+00 
