     0   -5.000000E-01    5.666667E-01    5.666667E-01    0.000000E+00 
     1   -4.989990E-01    6.926296E-01    6.926296E-01    0.000000E+00 
     2   -4.979980E-01    7.997541E-01    7.997541E-01    0.000000E+00 
     3   -4.969970E-01    8.816892E-01    8.816892E-01    0.000000E+00 
     4   -4.959960E-01    9.368966E-01    9.368966E-01    0.000000E+00 
     5   -4.949950E-01    9.685843E-01    9.685843E-01    0.000000E+00 
     6   -4.939940E-01    9.842017E-01    9.842017E-01    0.000000E+00 
     7   -4.929930E-01    9.909645E-01    9.909645E-01    0.000000E+00 
     8   -4.919920E-01    9.934674E-01    9.934674E-01    0.000000E+00 
     9   -4.909910E-01    9.947053E-01    9.947053E-01    0.000000E+00 
    10   -4.897018E-01    9.967638E-01    9.952920E-01    2.782963E-04 
    11   -4.890083E-01    9.978104E-01    9.969638E-01   -1.429092E-04 
    12   -4.880364E-01    9.987281E-01    9.982558E-01   -1.155430E-04 
    13   -4.870169E-01    9.992625E-01    9.989914E-01   -6.365001E-05 
    14   -4.859667E-01    9.995669E-01    9.994040E-01   -1.417640E-05 
    15   -4.847448E-01    9.996968E-01    9.995835E-01    5.074101E-04 
    16   -4.839499E-01    9.997527E-01    9.996595E-01   -1.619617E-04 
    17   -4.830117E-01    9.998393E-01    9.997826E-01   -2.140827E-04 
    18   -4.820046E-01    9.999024E-01    9.998687E-01   -1.364364E-04 
    19   -4.809416E-01    9.999347E-01    9.999106E-01   -2.166788E-06 
    20   -4.798503E-01    9.999155E-01    9.998852E-01    4.569841E-04 
    21   -4.789129E-01    9.998846E-01    9.998398E-01   -2.304892E-05 
    22   -4.779634E-01    9.999119E-01    9.998785E-01   -2.131695E-04 
    23   -4.769715E-01    9.999461E-01    9.999260E-01   -1.706676E-04 
    24   -4.759306E-01    9.999620E-01    9.999473E-01    4.126919E-05 
    25   -4.749157E-01    9.999500E-01    9.999307E-01    2.380657E-04 
    26   -4.739112E-01    9.999364E-01    9.999114E-01    8.276708E-05 
    27   -4.729272E-01    9.999449E-01    9.999233E-01   -1.091647E-04 
    28   -4.719385E-01    9.999682E-01    9.999558E-01   -1.321276E-04 
    29   -4.709281E-01    9.999813E-01    9.999739E-01    3.648556E-05 
    30   -4.699356E-01    9.999822E-01    9.999753E-01    4.977251E-05 
    31   -4.689189E-01    9.999793E-01    9.999712E-01    7.935773E-05 
    32   -4.679130E-01    9.999751E-01    9.999653E-01    1.473227E-05 
    33   -4.669177E-01    9.999812E-01    9.999738E-01   -4.207096E-05 
    34   -4.659239E-01    9.999885E-01    9.999840E-01   -8.125803E-06 
    35   -4.649314E-01    9.999935E-01    9.999910E-01   -4.190736E-05 
    36   -4.639213E-01    9.999953E-01    9.999935E-01    4.023865E-05 
    37   -4.629113E-01    9.999896E-01    9.999856E-01    6.346994E-05 
    38   -4.619108E-01    9.999839E-01    9.999776E-01    2.815568E-05 
    39   -4.609161E-01    9.999852E-01    9.999794E-01   -2.364168E-05 
    40   -4.599200E-01    9.999925E-01    9.999896E-01   -5.270636E-05 
    41   -4.589177E-01    9.999978E-01    9.999969E-01    2.008420E-06 
    42   -4.579116E-01    9.999958E-01    9.999941E-01    5.282481E-05 
    43   -4.569091E-01    9.999904E-01    9.999865E-01    4.294687E-05 
    44   -4.559093E-01    9.999891E-01    9.999848E-01   -1.018048E-06 
    45   -4.549101E-01    9.999935E-01    9.999909E-01   -2.553950E-05 
    46   -4.539110E-01    9.999983E-01    9.999977E-01   -1.523133E-05 
    47   -4.529091E-01    9.999999E-01    9.999999E-01    2.177092E-05 
    48   -4.519068E-01    9.999986E-01    9.999980E-01    2.746162E-05 
    49   -4.509047E-01    9.999970E-01    9.999958E-01    1.854645E-05 
    50   -4.499037E-01    9.999971E-01    9.999959E-01    5.615687E-06 
    51   -4.489039E-01    9.999993E-01    9.999990E-01   -9.804601E-06 
    52   -4.479041E-01    1.000002E+00    1.000002E+00   -2.000361E-06 
    53   -4.469028E-01    1.000003E+00    1.000004E+00    1.193374E-05 
    54   -4.459007E-01    1.000002E+00    1.000003E+00    1.979821E-05 
    55   -4.448992E-01    1.000000E+00    1.000001E+00    1.728721E-05 
    56   -4.438983E-01    1.000000E+00    1.000000E+00    6.233586E-06 
    57   -4.428981E-01    1.000002E+00    1.000002E+00   -4.270116E-06 
    58   -4.418975E-01    1.000003E+00    1.000004E+00    1.572477E-06 
    59   -4.408962E-01    1.000004E+00    1.000005E+00    1.285827E-05 
    60   -4.398948E-01    1.000003E+00    1.000004E+00    1.568680E-05 
    61   -4.388936E-01    1.000002E+00    1.000003E+00    1.291164E-05 
    62   -4.378926E-01    1.000002E+00    1.000003E+00    6.144030E-06 
    63   -4.368920E-01    1.000003E+00    1.000005E+00    1.256314E-06 
    64   -4.358912E-01    1.000004E+00    1.000006E+00    5.639322E-06 
    65   -4.348901E-01    1.000004E+00    1.000006E+00    1.089520E-05 
    66   -4.338889E-01    1.000004E+00    1.000006E+00    1.235763E-05 
    67   -4.328878E-01    1.000004E+00    1.000005E+00    1.116990E-05 
    68   -4.318868E-01    1.000004E+00    1.000005E+00    7.632165E-06 
    69   -4.308859E-01    1.000004E+00    1.000006E+00    4.717780E-06 
    70   -4.298851E-01    1.000005E+00    1.000007E+00    6.672177E-06 
    71   -4.288841E-01    1.000005E+00    1.000007E+00    9.938321E-06 
    72   -4.278830E-01    1.000005E+00    1.000007E+00    1.113600E-05 
    73   -4.268819E-01    1.000005E+00    1.000006E+00    1.047646E-05 
    74   -4.258809E-01    1.000005E+00    1.000006E+00    8.349716E-06 
    75   -4.248800E-01    1.000005E+00    1.000007E+00    6.558762E-06 
    76   -4.238790E-01    1.000005E+00    1.000007E+00    7.637184E-06 
    77   -4.228780E-01    1.000005E+00    1.000008E+00    9.742856E-06 
    78   -4.218770E-01    1.000005E+00    1.000007E+00    1.041611E-05 
    79   -4.208759E-01    1.000005E+00    1.000007E+00    1.009401E-05 
    80   -4.198749E-01    1.000005E+00    1.000007E+00    9.000552E-06 
    81   -4.188740E-01    1.000006E+00    1.000008E+00    7.922381E-06 
    82   -4.178730E-01    1.000006E+00    1.000008E+00    8.347865E-06 
    83   -4.168720E-01    1.000006E+00    1.000008E+00    9.690139E-06 
    84   -4.158710E-01    1.000006E+00    1.000008E+00    1.018928E-05 
    85   -4.148700E-01    1.000006E+00    1.000008E+00    1.007208E-05 
    86   -4.138690E-01    1.000006E+00    1.000008E+00    9.475061E-06 
    87   -4.128680E-01    1.000006E+00    1.000008E+00    8.805672E-06 
    88   -4.118670E-01    1.000006E+00    1.000009E+00    8.920086E-06 
    89   -4.108661E-01    1.000006E+00    1.000009E+00    9.890241E-06 
    90   -4.098651E-01    1.000006E+00    1.000009E+00    1.025848E-05 
    91   -4.088640E-01    1.000006E+00    1.000009E+00    1.023082E-05 
    92   -4.078630E-01    1.000006E+00    1.000009E+00    9.921143E-06 
    93   -4.068620E-01    1.000006E+00    1.000009E+00    9.524618E-06 
    94   -4.058611E-01    1.000007E+00    1.000009E+00    9.548271E-06 
    95   -4.048601E-01    1.000007E+00    1.000009E+00    1.021100E-05 
    96   -4.038591E-01    1.000007E+00    1.000009E+00    1.045146E-05 
    97   -4.028581E-01    1.000007E+00    1.000009E+00    1.045577E-05 
    98   -4.018571E-01    1.000007E+00    1.000009E+00    1.031386E-05 
    99   -4.008561E-01    1.000007E+00    1.000010E+00    1.007922E-05 
   100   -3.998551E-01    1.000007E+00    1.000010E+00    1.002561E-05 
   101   -3.988541E-01    1.000007E+00    1.000010E+00    1.060026E-05 
   102   -3.978531E-01    1.000007E+00    1.000010E+00    1.082907E-05 
   103   -3.968521E-01    1.000007E+00    1.000010E+00    1.076696E-05 
   104   -3.958511E-01    1.000007E+00    1.000010E+00    1.065780E-05 
   105   -3.948501E-01    1.000007E+00    1.000010E+00    1.056758E-05 
   106   -3.938491E-01    1.000008E+00    1.000011E+00    1.061435E-05 
   107   -3.928482E-01    1.000008E+00    1.000011E+00    1.121432E-05 
   108   -3.918472E-01    1.000008E+00    1.000011E+00    1.147984E-05 
   109   -3.908462E-01    1.000008E+00    1.000011E+00    1.156813E-05 
   110   -3.898452E-01    1.000008E+00    1.000011E+00    1.156273E-05 
   111   -3.888442E-01    1.000008E+00    1.000011E+00    1.157217E-05 
   112   -3.878432E-01    1.000008E+00    1.000011E+00    1.157545E-05 
   113   -3.868422E-01    1.000008E+00    1.000011E+00    1.178393E-05 
   114   -3.858412E-01    1.000008E+00    1.000011E+00    1.176356E-05 
   115   -3.848402E-01    1.000008E+00    1.000011E+00    1.167972E-05 
   116   -3.838392E-01    1.000008E+00    1.000012E+00    1.160323E-05 
   117   -3.828382E-01    1.000008E+00    1.000012E+00    1.157145E-05 
   118   -3.818372E-01    1.000008E+00    1.000012E+00    1.160013E-05 
   119   -3.808362E-01    1.000008E+00    1.000012E+00    1.197187E-05 
   120   -3.798352E-01    1.000008E+00    1.000012E+00    1.210108E-05 
   121   -3.788342E-01    1.000009E+00    1.000012E+00    1.208682E-05 
   122   -3.778332E-01    1.000009E+00    1.000012E+00    1.218339E-05 
   123   -3.768323E-01    1.000009E+00    1.000012E+00    1.236903E-05 
   124   -3.758313E-01    1.000009E+00    1.000013E+00    1.260131E-05 
   125   -3.748303E-01    1.000009E+00    1.000013E+00    1.288164E-05 
   126   -3.738293E-01    1.000009E+00    1.000013E+00    1.302908E-05 
   127   -3.728283E-01    1.000009E+00    1.000013E+00    1.309602E-05 
   128   -3.718273E-01    1.000009E+00    1.000013E+00    1.318726E-05 
   129   -3.708263E-01    1.000010E+00    1.000013E+00    1.324517E-05 
   130   -3.698253E-01    1.000010E+00    1.000013E+00    1.327332E-05 
   131   -3.688243E-01    1.000010E+00    1.000013E+00    1.326118E-05 
   132   -3.678233E-01    1.000009E+00    1.000013E+00    1.317051E-05 
   133   -3.668223E-01    1.000010E+00    1.000013E+00    1.302581E-05 
   134   -3.658213E-01    1.000010E+00    1.000013E+00    1.288839E-05 
   135   -3.648204E-01    1.000010E+00    1.000013E+00    1.271690E-05 
   136   -3.638194E-01    1.000010E+00    1.000014E+00    1.263975E-05 
   137   -3.628184E-01    1.000010E+00    1.000014E+00    1.286886E-05 
   138   -3.618174E-01    1.000010E+00    1.000014E+00    1.316384E-05 
   139   -3.608164E-01    1.000010E+00    1.000014E+00    1.354519E-05 
   140   -3.598154E-01    1.000011E+00    1.000015E+00    1.403721E-05 
   141   -3.588144E-01    1.000011E+00    1.000015E+00    1.444686E-05 
   142   -3.578134E-01    1.000011E+00    1.000016E+00    1.471486E-05 
   143   -3.568124E-01    1.000011E+00    1.000016E+00    1.487171E-05 
   144   -3.558114E-01    1.000012E+00    1.000016E+00    1.491697E-05 
   145   -3.548104E-01    1.000012E+00    1.000017E+00    1.493316E-05 
   146   -3.538095E-01    1.000012E+00    1.000017E+00    1.493687E-05 
   147   -3.528085E-01    1.000012E+00    1.000017E+00    1.490038E-05 
   148   -3.518075E-01    1.000012E+00    1.000017E+00    1.481531E-05 
   149   -3.508065E-01    1.000012E+00    1.000017E+00    1.470689E-05 
   150   -3.498055E-01    1.000013E+00    1.000018E+00    1.458582E-05 
   151   -3.488045E-01    1.000013E+00    1.000018E+00    1.458705E-05 
   152   -3.478035E-01    1.000013E+00    1.000018E+00    1.477422E-05 
   153   -3.468025E-01    1.000013E+00    1.000019E+00    1.493753E-05 
   154   -3.458016E-01    1.000014E+00    1.000019E+00    1.500551E-05 
   155   -3.448006E-01    1.000014E+00    1.000020E+00    1.509317E-05 
   156   -3.437996E-01    1.000015E+00    1.000021E+00    1.516405E-05 
   157   -3.427986E-01    1.000015E+00    1.000021E+00    1.519887E-05 
   158   -3.417976E-01    1.000016E+00    1.000022E+00    1.518411E-05 
   159   -3.407966E-01    1.000016E+00    1.000022E+00    1.510443E-05 
   160   -3.397956E-01    1.000016E+00    1.000023E+00    1.493451E-05 
   161   -3.387947E-01    1.000017E+00    1.000024E+00    1.465602E-05 
   162   -3.377937E-01    1.000017E+00    1.000024E+00    1.425918E-05 
   163   -3.367927E-01    1.000018E+00    1.000025E+00    1.381376E-05 
   164   -3.357917E-01    1.000018E+00    1.000026E+00    1.338113E-05 
   165   -3.347907E-01    1.000019E+00    1.000027E+00    1.297008E-05 
   166   -3.337897E-01    1.000020E+00    1.000028E+00    1.260751E-05 
   167   -3.327888E-01    1.000021E+00    1.000029E+00    1.229998E-05 
   168   -3.317878E-01    1.000022E+00    1.000030E+00    1.202070E-05 
   169   -3.307868E-01    1.000023E+00    1.000032E+00    1.173170E-05 
   170   -3.297858E-01    1.000024E+00    1.000033E+00    1.139088E-05 
   171   -3.287848E-01    1.000025E+00    1.000035E+00    1.097824E-05 
   172   -3.277839E-01    1.000026E+00    1.000036E+00    1.047548E-05 
   173   -3.267829E-01    1.000027E+00    1.000038E+00    9.870065E-06 
   174   -3.257819E-01    1.000028E+00    1.000039E+00    9.162638E-06 
   175   -3.247809E-01    1.000029E+00    1.000041E+00    8.339649E-06 
   176   -3.237800E-01    1.000030E+00    1.000042E+00    7.394569E-06 
   177   -3.227790E-01    1.000031E+00    1.000044E+00    6.303456E-06 
   178   -3.217780E-01    1.000033E+00    1.000046E+00    5.048963E-06 
   179   -3.207771E-01    1.000034E+00    1.000047E+00    3.608245E-06 
   180   -3.197761E-01    1.000035E+00    1.000049E+00    1.985394E-06 
   181   -3.187751E-01    1.000036E+00    1.000050E+00    1.630175E-07 
   182   -3.177742E-01    1.000037E+00    1.000052E+00   -1.866227E-06 
   183   -3.167732E-01    1.000038E+00    1.000053E+00   -4.122901E-06 
   184   -3.157722E-01    1.000039E+00    1.000054E+00   -6.617239E-06 
   185   -3.147713E-01    1.000040E+00    1.000055E+00   -9.382532E-06 
   186   -3.137703E-01    1.000040E+00    1.000056E+00   -1.242710E-05 
   187   -3.127694E-01    1.000041E+00    1.000057E+00   -1.576757E-05 
   188   -3.117684E-01    1.000041E+00    1.000058E+00   -1.941762E-05 
   189   -3.107675E-01    1.000042E+00    1.000058E+00   -2.340758E-05 
   190   -3.097665E-01    1.000042E+00    1.000058E+00   -2.774648E-05 
   191   -3.087655E-01    1.000041E+00    1.000058E+00   -3.246254E-05 
   192   -3.077646E-01    1.000041E+00    1.000057E+00   -3.757847E-05 
   193   -3.067636E-01    1.000040E+00    1.000056E+00   -4.310746E-05 
   194   -3.057627E-01    1.000039E+00    1.000055E+00   -4.905370E-05 
   195   -3.047617E-01    1.000038E+00    1.000053E+00   -5.544963E-05 
   196   -3.037607E-01    1.000036E+00    1.000050E+00   -6.230110E-05 
   197   -3.027598E-01    1.000033E+00    1.000046E+00   -6.961100E-05 
   198   -3.017588E-01    1.000030E+00    1.000042E+00   -7.740604E-05 
   199   -3.007578E-01    1.000027E+00    1.000037E+00   -8.567273E-05 
   200   -2.997569E-01    1.000023E+00    1.000032E+00   -9.438934E-05 
   201   -2.987559E-01    1.000018E+00    1.000025E+00   -1.035880E-04 
   202   -2.977549E-01    1.000012E+00    1.000017E+00   -1.132351E-04 
   203   -2.967539E-01    1.000006E+00    1.000009E+00   -1.232807E-04 
   204   -2.957529E-01    9.999992E-01    9.999988E-01   -1.338013E-04 
   205   -2.947519E-01    9.999912E-01    9.999877E-01   -1.447081E-04 
   206   -2.937509E-01    9.999823E-01    9.999753E-01   -1.559313E-04 
   207   -2.927499E-01    9.999725E-01    9.999615E-01   -1.675332E-04 
   208   -2.917489E-01    9.999617E-01    9.999463E-01   -1.792642E-04 
   209   -2.907478E-01    9.999498E-01    9.999297E-01   -1.909937E-04 
   210   -2.897468E-01    9.999367E-01    9.999114E-01   -2.027424E-04 
   211   -2.887457E-01    9.999224E-01    9.998914E-01   -2.138749E-04 
   212   -2.877446E-01    9.999066E-01    9.998692E-01   -2.244540E-04 
   213   -2.867435E-01    9.998889E-01    9.998445E-01   -2.349979E-04 
   214   -2.857424E-01    9.998694E-01    9.998171E-01   -2.447976E-04 
   215   -2.847413E-01    9.998479E-01    9.997871E-01   -2.549865E-04 
   216   -2.837401E-01    9.998250E-01    9.997551E-01   -2.669510E-04 
   217   -2.827389E-01    9.998016E-01    9.997222E-01   -2.794997E-04 
   218   -2.817377E-01    9.997788E-01    9.996903E-01   -2.944583E-04 
   219   -2.807365E-01    9.997582E-01    9.996615E-01   -3.026957E-04 
   220   -2.797352E-01    9.997413E-01    9.996379E-01   -2.876991E-04 
   221   -2.787339E-01    9.997290E-01    9.996206E-01   -2.455947E-04 
   222   -2.777326E-01    9.997214E-01    9.996100E-01   -1.801111E-04 
   223   -2.767313E-01    9.997176E-01    9.996047E-01   -8.936292E-05 
   224   -2.757300E-01    9.997155E-01    9.996017E-01    2.836677E-05 
   225   -2.747287E-01    9.997118E-01    9.995965E-01    1.740955E-04 
   226   -2.737274E-01    9.997022E-01    9.995830E-01    3.485348E-04 
   227   -2.727262E-01    9.996816E-01    9.995541E-01    5.523284E-04 
   228   -2.717249E-01    9.996440E-01    9.995015E-01    7.862931E-04 
   229   -2.707236E-01    9.995831E-01    9.994163E-01    1.051864E-03 
   230   -2.697223E-01    9.994923E-01    9.992891E-01    1.351225E-03 
   231   -2.687209E-01    9.993645E-01    9.991102E-01    1.687574E-03 
   232   -2.677194E-01    9.991931E-01    9.988701E-01    2.064973E-03 
   233   -2.667177E-01    9.989711E-01    9.985594E-01    2.488283E-03 
   234   -2.657158E-01    9.986922E-01    9.981690E-01    2.963070E-03 
   235   -2.647136E-01    9.983502E-01    9.976904E-01    3.495415E-03 
   236   -2.637111E-01    9.979395E-01    9.971156E-01    4.091782E-03 
   237   -2.627081E-01    9.974548E-01    9.964373E-01    4.758987E-03 
   238   -2.617046E-01    9.968912E-01    9.956488E-01    5.503813E-03 
   239   -2.607005E-01    9.962442E-01    9.947439E-01    6.332792E-03 
   240   -2.596957E-01    9.955097E-01    9.937167E-01    7.252415E-03 
   241   -2.586902E-01    9.946838E-01    9.925621E-01    8.269157E-03 
   242   -2.576838E-01    9.937628E-01    9.912751E-01    9.389358E-03 
   243   -2.566764E-01    9.927434E-01    9.898511E-01    1.061936E-02 
   244   -2.556680E-01    9.916226E-01    9.882859E-01    1.196492E-02 
   245   -2.546583E-01    9.903976E-01    9.865759E-01    1.343144E-02 
   246   -2.536474E-01    9.890662E-01    9.847184E-01    1.502377E-02 
   247   -2.526351E-01    9.876268E-01    9.827114E-01    1.674617E-02 
   248   -2.516212E-01    9.860788E-01    9.805540E-01    1.860160E-02 
   249   -2.506057E-01    9.844223E-01    9.782470E-01    2.059133E-02 
   250   -2.495884E-01    9.826588E-01    9.757926E-01    2.271500E-02 
   251   -2.485692E-01    9.807908E-01    9.731946E-01    2.497039E-02 
   252   -2.475479E-01    9.788218E-01    9.704583E-01    2.735319E-02 
   253   -2.465246E-01    9.767566E-01    9.675906E-01    2.985788E-02 
   254   -2.454990E-01    9.746005E-01    9.645993E-01    3.247724E-02 
   255   -2.444710E-01    9.723597E-01    9.614932E-01    3.520353E-02 
   256   -2.434407E-01    9.700406E-01    9.582816E-01    3.802843E-02 
   257   -2.424077E-01    9.676500E-01    9.549741E-01    4.094371E-02 
   258   -2.413722E-01    9.651945E-01    9.515803E-01    4.394116E-02 
   259   -2.403339E-01    9.626808E-01    9.481096E-01    4.701300E-02 
   260   -2.392929E-01    9.601155E-01    9.445715E-01    5.015155E-02 
   261   -2.382490E-01    9.575051E-01    9.409749E-01    5.334937E-02 
   262   -2.372023E-01    9.548560E-01    9.373290E-01    5.659883E-02 
   263   -2.361525E-01    9.521742E-01    9.336423E-01    5.989231E-02 
   264   -2.350998E-01    9.494660E-01    9.299235E-01    6.322200E-02 
   265   -2.340440E-01    9.467370E-01    9.261805E-01    6.658029E-02 
   266   -2.329852E-01    9.439925E-01    9.224206E-01    6.995993E-02 
   267   -2.319232E-01    9.412373E-01    9.186503E-01    7.335444E-02 
   268   -2.308581E-01    9.384751E-01    9.148751E-01    7.675850E-02 
   269   -2.297899E-01    9.357091E-01    9.110991E-01    8.016793E-02 
   270   -2.287184E-01    9.329414E-01    9.073251E-01    8.358005E-02 
   271   -2.276438E-01    9.301730E-01    9.035547E-01    8.699351E-02 
   272   -2.265660E-01    9.274039E-01    8.997879E-01    9.040817E-02 
   273   -2.254849E-01    9.246333E-01    8.960235E-01    9.382508E-02 
   274   -2.244007E-01    9.218590E-01    8.922585E-01    9.724635E-02 
   275   -2.233131E-01    9.190779E-01    8.884888E-01    1.006753E-01 
   276   -2.222223E-01    9.162854E-01    8.847082E-01    1.041169E-01 
   277   -2.211282E-01    9.134756E-01    8.809088E-01    1.075775E-01 
   278   -2.200307E-01    9.106414E-01    8.770810E-01    1.110656E-01 
   279   -2.189298E-01    9.077742E-01    8.732134E-01    1.145931E-01 
   280   -2.178254E-01    9.048646E-01    8.692935E-01    1.181776E-01 
   281   -2.167175E-01    9.019028E-01    8.653083E-01    1.218367E-01 
   282   -2.156060E-01    8.988788E-01    8.612447E-01    1.255878E-01 
   283   -2.144907E-01    8.957838E-01    8.570912E-01    1.294472E-01 
   284   -2.133715E-01    8.926100E-01    8.528378E-01    1.334297E-01 
   285   -2.122483E-01    8.893519E-01    8.484776E-01    1.375472E-01 
   286   -2.111209E-01    8.860064E-01    8.440071E-01    1.418082E-01 
   287   -2.099892E-01    8.825732E-01    8.394263E-01    1.462168E-01 
   288   -2.088531E-01    8.790550E-01    8.347394E-01    1.507721E-01 
   289   -2.077122E-01    8.754572E-01    8.299542E-01    1.554649E-01 
   290   -2.065666E-01    8.717877E-01    8.250818E-01    1.602837E-01 
   291   -2.054161E-01    8.680563E-01    8.201358E-01    1.652141E-01 
   292   -2.042605E-01    8.642745E-01    8.151315E-01    1.702396E-01 
   293   -2.030997E-01    8.604543E-01    8.100855E-01    1.753426E-01 
   294   -2.019338E-01    8.566083E-01    8.050144E-01    1.805045E-01 
   295   -2.007625E-01    8.527487E-01    7.999347E-01    1.857071E-01 
   296   -1.995858E-01    8.488873E-01    7.948618E-01    1.909330E-01 
   297   -1.984038E-01    8.450347E-01    7.898099E-01    1.961664E-01 
   298   -1.972163E-01    8.412004E-01    7.847910E-01    2.013932E-01 
   299   -1.960234E-01    8.373921E-01    7.798156E-01    2.066011E-01 
   300   -1.948251E-01    8.336162E-01    7.748913E-01    2.117803E-01 
   301   -1.936213E-01    8.298770E-01    7.700236E-01    2.169236E-01 
   302   -1.924122E-01    8.261767E-01    7.652153E-01    2.220263E-01 
   303   -1.911976E-01    8.225156E-01    7.604666E-01    2.270864E-01 
   304   -1.899777E-01    8.188922E-01    7.557749E-01    2.321047E-01 
   305   -1.887524E-01    8.153027E-01    7.511354E-01    2.370857E-01 
   306   -1.875218E-01    8.117420E-01    7.465411E-01    2.420359E-01 
   307   -1.862858E-01    8.082037E-01    7.419837E-01    2.469660E-01 
   308   -1.850444E-01    8.046814E-01    7.374548E-01    2.518960E-01 
   309   -1.837977E-01    8.011685E-01    7.329459E-01    2.568417E-01 
   310   -1.825454E-01    7.976596E-01    7.284498E-01    2.618076E-01 
   311   -1.812877E-01    7.941499E-01    7.239608E-01    2.667986E-01 
   312   -1.800244E-01    7.906364E-01    7.194748E-01    2.718169E-01 
   313   -1.787555E-01    7.871174E-01    7.149897E-01    2.768650E-01 
   314   -1.774809E-01    7.835926E-01    7.105054E-01    2.819520E-01 
   315   -1.762005E-01    7.800640E-01    7.060243E-01    2.870797E-01 
   316   -1.749143E-01    7.765352E-01    7.015512E-01    2.922378E-01 
   317   -1.736222E-01    7.730117E-01    6.970929E-01    2.974154E-01 
   318   -1.723241E-01    7.695002E-01    6.926579E-01    3.026005E-01 
   319   -1.710202E-01    7.660078E-01    6.882552E-01    3.077794E-01 
   320   -1.697102E-01    7.625422E-01    6.838943E-01    3.129381E-01 
   321   -1.683943E-01    7.591106E-01    6.795839E-01    3.180632E-01 
   322   -1.670724E-01    7.557193E-01    6.753320E-01    3.231425E-01 
   323   -1.657445E-01    7.523740E-01    6.711453E-01    3.281658E-01 
   324   -1.644108E-01    7.490793E-01    6.670291E-01    3.331247E-01 
   325   -1.630713E-01    7.458382E-01    6.629873E-01    3.380131E-01 
   326   -1.617259E-01    7.426531E-01    6.590219E-01    3.428269E-01 
   327   -1.603748E-01    7.395246E-01    6.551338E-01    3.475640E-01 
   328   -1.590180E-01    7.364523E-01    6.513219E-01    3.522238E-01 
   329   -1.576556E-01    7.334347E-01    6.475841E-01    3.568070E-01 
   330   -1.562877E-01    7.304688E-01    6.439163E-01    3.613162E-01 
   331   -1.549142E-01    7.275505E-01    6.403132E-01    3.657558E-01 
   332   -1.535353E-01    7.246745E-01    6.367679E-01    3.701324E-01 
   333   -1.521509E-01    7.218341E-01    6.332721E-01    3.744542E-01 
   334   -1.507612E-01    7.190210E-01    6.298152E-01    3.787319E-01 
   335   -1.493661E-01    7.162246E-01    6.263841E-01    3.829800E-01 
   336   -1.479655E-01    7.134315E-01    6.229624E-01    3.872167E-01 
   337   -1.465595E-01    7.106252E-01    6.195298E-01    3.914647E-01 
   338   -1.451481E-01    7.077855E-01    6.160618E-01    3.957515E-01 
   339   -1.437309E-01    7.048893E-01    6.125302E-01    4.001166E-01 
   340   -1.423080E-01    7.019113E-01    6.089049E-01    4.046113E-01 
   341   -1.408791E-01    6.988262E-01    6.051554E-01    4.092865E-01 
   342   -1.394437E-01    6.956105E-01    6.012541E-01    4.141919E-01 
   343   -1.380017E-01    6.922449E-01    5.971786E-01    4.193714E-01 
   344   -1.365525E-01    6.887167E-01    5.929147E-01    4.248595E-01 
   345   -1.350956E-01    6.850212E-01    5.884578E-01    4.306776E-01 
   346   -1.336306E-01    6.811623E-01    5.838141E-01    4.368257E-01 
   347   -1.321571E-01    6.771522E-01    5.789997E-01    4.432805E-01 
   348   -1.306746E-01    6.730104E-01    5.740394E-01    4.500078E-01 
   349   -1.291827E-01    6.687622E-01    5.689643E-01    4.569632E-01 
   350   -1.276810E-01    6.644365E-01    5.638101E-01    4.640978E-01 
   351   -1.261693E-01    6.600637E-01    5.586136E-01    4.713598E-01 
   352   -1.246475E-01    6.556739E-01    5.534109E-01    4.786965E-01 
   353   -1.231153E-01    6.512951E-01    5.482352E-01    4.860581E-01 
   354   -1.215728E-01    6.469519E-01    5.431156E-01    4.934007E-01 
   355   -1.200199E-01    6.426653E-01    5.380762E-01    5.006882E-01 
   356   -1.184566E-01    6.384513E-01    5.331354E-01    5.078888E-01 
   357   -1.168831E-01    6.343212E-01    5.283057E-01    5.149774E-01 
   358   -1.152995E-01    6.302817E-01    5.235942E-01    5.219359E-01 
   359   -1.137057E-01    6.263351E-01    5.190027E-01    5.287571E-01 
   360   -1.121021E-01    6.224799E-01    5.145287E-01    5.354419E-01 
   361   -1.104886E-01    6.187101E-01    5.101645E-01    5.419993E-01 
   362   -1.088655E-01    6.150151E-01    5.058972E-01    5.484451E-01 
   363   -1.072327E-01    6.113796E-01    5.017086E-01    5.548030E-01 
   364   -1.055904E-01    6.077842E-01    4.975758E-01    5.611035E-01 
   365   -1.039385E-01    6.042081E-01    4.934747E-01    5.673966E-01 
   366   -1.022768E-01    6.006315E-01    4.893827E-01    5.737418E-01 
   367   -1.006053E-01    5.970386E-01    4.852819E-01    5.801643E-01 
   368   -9.892364E-02    5.934191E-01    4.811606E-01    5.866795E-01 
   369   -9.723167E-02    5.897682E-01    4.770138E-01    5.932954E-01 
   370   -9.552912E-02    5.860879E-01    4.728441E-01    6.000328E-01 
   371   -9.381576E-02    5.823871E-01    4.686617E-01    6.068824E-01 
   372   -9.209136E-02    5.786813E-01    4.644844E-01    6.138056E-01 
   373   -9.035578E-02    5.749914E-01    4.603359E-01    6.207553E-01 
   374   -8.860897E-02    5.713411E-01    4.562424E-01    6.276778E-01 
   375   -8.685094E-02    5.677547E-01    4.522309E-01    6.345170E-01 
   376   -8.508178E-02    5.642560E-01    4.483274E-01    6.412181E-01 
   377   -8.330168E-02    5.608682E-01    4.445569E-01    6.477330E-01 
   378   -8.151091E-02    5.576131E-01    4.409427E-01    6.540208E-01 
   379   -7.970979E-02    5.545116E-01    4.375069E-01    6.600445E-01 
   380   -7.789874E-02    5.515837E-01    4.342705E-01    6.657649E-01 
   381   -7.607828E-02    5.488499E-01    4.312548E-01    6.711389E-01 
   382   -7.424897E-02    5.463331E-01    4.284837E-01    6.761171E-01 
   383   -7.241147E-02    5.440609E-01    4.259862E-01    6.806384E-01 
   384   -7.056658E-02    5.420684E-01    4.237992E-01    6.846286E-01 
   385   -6.871521E-02    5.403990E-01    4.219689E-01    6.879978E-01 
   386   -6.685851E-02    5.391025E-01    4.205482E-01    6.906392E-01 
   387   -6.499779E-02    5.382221E-01    4.195829E-01    6.924441E-01 
   388   -6.313465E-02    5.377695E-01    4.190848E-01    6.932749E-01 
   389   -6.127103E-02    5.377031E-01    4.190080E-01    6.929113E-01 
   390   -5.940846E-02    5.379321E-01    4.192536E-01    6.919506E-01 
   391   -5.754750E-02    5.383513E-01    4.197068E-01    6.908904E-01 
   392   -5.568839E-02    5.388770E-01    4.202763E-01    6.897295E-01 
   393   -5.383131E-02    5.394587E-01    4.209073E-01    6.885104E-01 
   394   -5.197634E-02    5.400702E-01    4.215710E-01    6.872601E-01 
   395   -5.012359E-02    5.406955E-01    4.222499E-01    6.860045E-01 
   396   -4.827302E-02    5.413219E-01    4.229304E-01    6.847646E-01 
   397   -4.642464E-02    5.419381E-01    4.236000E-01    6.835600E-01 
   398   -4.457838E-02    5.425341E-01    4.242475E-01    6.824092E-01 
   399   -4.273413E-02    5.431007E-01    4.248631E-01    6.813281E-01 
   400   -4.089182E-02    5.436308E-01    4.254387E-01    6.803290E-01 
   401   -3.905122E-02    5.441191E-01    4.259687E-01    6.794180E-01 
   402   -3.721222E-02    5.445628E-01    4.264498E-01    6.785997E-01 
   403   -3.537465E-02    5.449608E-01    4.268808E-01    6.778761E-01 
   404   -3.353834E-02    5.453132E-01    4.272617E-01    6.772446E-01 
   405   -3.170316E-02    5.456215E-01    4.275943E-01    6.767001E-01 
   406   -2.986890E-02    5.458885E-01    4.278814E-01    6.762340E-01 
   407   -2.803548E-02    5.461176E-01    4.281269E-01    6.758393E-01 
   408   -2.620277E-02    5.463127E-01    4.283351E-01    6.755073E-01 
   409   -2.437061E-02    5.464780E-01    4.285103E-01    6.752287E-01 
   410   -2.253898E-02    5.466176E-01    4.286572E-01    6.749952E-01 
   411   -2.070774E-02    5.467356E-01    4.287803E-01    6.747992E-01 
   412   -1.887687E-02    5.468357E-01    4.288835E-01    6.746347E-01 
   413   -1.704630E-02    5.469210E-01    4.289705E-01    6.744957E-01 
   414   -1.521595E-02    5.469944E-01    4.290442E-01    6.743763E-01 
   415   -1.338587E-02    5.470583E-01    4.291073E-01    6.742733E-01 
   416   -1.155595E-02    5.471145E-01    4.291618E-01    6.741830E-01 
   417   -9.726210E-03    5.471646E-01    4.292093E-01    6.741028E-01 
   418   -7.896645E-03    5.472098E-01    4.292514E-01    6.740309E-01 
   419   -6.067176E-03    5.472511E-01    4.292891E-01    6.739651E-01 
   420   -4.237893E-03    5.472893E-01    4.293231E-01    6.739053E-01 
   421   -2.408696E-03    5.473250E-01    4.293542E-01    6.738498E-01 
   422   -5.796091E-04    5.473584E-01    4.293827E-01    6.737984E-01 
   423    1.249332E-03    5.473901E-01    4.294090E-01    6.737507E-01 
   424    3.078213E-03    5.474203E-01    4.294334E-01    6.737056E-01 
   425    4.906972E-03    5.474491E-01    4.294562E-01    6.736635E-01 
   426    6.735643E-03    5.474768E-01    4.294775E-01    6.736238E-01 
   427    8.564223E-03    5.475033E-01    4.294972E-01    6.735864E-01 
   428    1.039271E-02    5.475290E-01    4.295158E-01    6.735508E-01 
   429    1.222113E-02    5.475539E-01    4.295333E-01    6.735171E-01 
   430    1.404945E-02    5.475780E-01    4.295497E-01    6.734856E-01 
   431    1.587769E-02    5.476014E-01    4.295651E-01    6.734554E-01 
   432    1.770588E-02    5.476242E-01    4.295795E-01    6.734267E-01 
   433    1.953397E-02    5.476466E-01    4.295931E-01    6.733997E-01 
   434    2.136198E-02    5.476683E-01    4.296057E-01    6.733742E-01 
   435    2.318994E-02    5.476897E-01    4.296176E-01    6.733498E-01 
   436    2.501782E-02    5.477106E-01    4.296287E-01    6.733266E-01 
   437    2.684562E-02    5.477312E-01    4.296391E-01    6.733051E-01 
   438    2.867337E-02    5.477515E-01    4.296488E-01    6.732843E-01 
   439    3.050103E-02    5.477714E-01    4.296577E-01    6.732647E-01 
   440    3.232866E-02    5.477913E-01    4.296661E-01    6.732464E-01 
   441    3.415619E-02    5.478108E-01    4.296739E-01    6.732290E-01 
   442    3.598364E-02    5.478302E-01    4.296810E-01    6.732124E-01 
   443    3.781111E-02    5.478496E-01    4.296876E-01    6.731966E-01 
   444    3.963842E-02    5.478689E-01    4.296935E-01    6.731823E-01 
   445    4.146568E-02    5.478881E-01    4.296990E-01    6.731685E-01 
   446    4.329296E-02    5.479073E-01    4.297043E-01    6.731547E-01 
   447    4.512008E-02    5.479268E-01    4.297092E-01    6.731426E-01 
   448    4.694716E-02    5.479464E-01    4.297131E-01    6.731313E-01 
   449    4.877421E-02    5.479660E-01    4.297162E-01    6.731196E-01 
   450    5.060114E-02    5.479860E-01    4.297197E-01    6.731086E-01 
   451    5.242806E-02    5.480063E-01    4.297236E-01    6.730993E-01 
   452    5.425487E-02    5.480267E-01    4.297266E-01    6.730898E-01 
   453    5.608158E-02    5.480478E-01    4.297283E-01    6.730798E-01 
   454    5.790837E-02    5.480695E-01    4.297296E-01    6.730711E-01 
   455    5.973492E-02    5.480914E-01    4.297313E-01    6.730639E-01 
   456    6.156137E-02    5.481136E-01    4.297337E-01    6.730555E-01 
   457    6.338799E-02    5.481368E-01    4.297362E-01    6.730466E-01 
   458    6.521433E-02    5.481610E-01    4.297369E-01    6.730407E-01 
   459    6.704051E-02    5.481856E-01    4.297358E-01    6.730347E-01 
   460    6.886684E-02    5.482110E-01    4.297353E-01    6.730264E-01 
   461    7.069300E-02    5.482375E-01    4.297369E-01    6.730197E-01 
   462    7.251894E-02    5.482647E-01    4.297386E-01    6.730159E-01 
   463    7.434490E-02    5.482927E-01    4.297383E-01    6.730101E-01 
   464    7.617083E-02    5.483227E-01    4.297372E-01    6.730022E-01 
   465    7.799658E-02    5.483546E-01    4.297360E-01    6.729974E-01 
   466    7.982213E-02    5.483871E-01    4.297336E-01    6.729954E-01 
   467    8.164768E-02    5.484202E-01    4.297317E-01    6.729896E-01 
   468    8.347322E-02    5.484558E-01    4.297334E-01    6.729808E-01 
   469    8.529840E-02    5.484942E-01    4.297364E-01    6.729769E-01 
   470    8.712358E-02    5.485340E-01    4.297338E-01    6.729808E-01 
   471    8.894874E-02    5.485756E-01    4.297249E-01    6.729712E-01 
   472    9.077335E-02    5.486214E-01    4.297188E-01    6.729554E-01 
   473    9.259834E-02    5.486685E-01    4.297202E-01    6.729654E-01 
   474    9.442314E-02    5.487149E-01    4.297254E-01    6.729761E-01 
   475    9.624668E-02    5.487682E-01    4.297278E-01    6.729379E-01 
   476    9.807128E-02    5.488300E-01    4.297176E-01    6.729332E-01 
   477    9.989717E-02    5.488911E-01    4.296939E-01    6.729988E-01 
   478    1.017179E-01    5.489524E-01    4.296869E-01    6.729247E-01 
   479    1.035410E-01    5.490269E-01    4.297088E-01    6.728861E-01 
   480    1.053712E-01    5.491042E-01    4.297144E-01    6.730206E-01 
   481    1.071873E-01    5.491804E-01    4.296850E-01    6.729381E-01 
   482    1.090058E-01    5.492806E-01    4.296750E-01    6.728147E-01 
   483    1.108450E-01    5.493898E-01    4.296758E-01    6.730398E-01 
   484    1.126564E-01    5.494894E-01    4.296574E-01    6.729873E-01 
   485    1.144616E-01    5.496150E-01    4.296595E-01    6.727038E-01 
   486    1.163181E-01    5.497923E-01    4.297257E-01    6.730767E-01 
   487    1.181293E-01    5.500010E-01    4.297989E-01    6.730539E-01 
   488    1.199013E-01    5.502823E-01    4.298287E-01    6.725576E-01 
   489    1.217916E-01    5.507518E-01    4.298448E-01    6.731536E-01 
   490    1.236059E-01    5.511951E-01    4.295726E-01    6.730818E-01 
   491    1.253102E-01    5.514623E-01    4.288750E-01    6.724332E-01 
   492    1.272638E-01    5.514054E-01    4.278538E-01    6.732537E-01 
   493    1.290677E-01    5.499556E-01    4.257399E-01    6.729828E-01 
   494    1.306970E-01    5.469407E-01    4.234110E-01    6.724723E-01 
   495    1.327575E-01    5.402413E-01    4.222601E-01    6.732837E-01 
   496    1.345303E-01    5.321837E-01    4.256776E-01    6.726287E-01 
   497    1.362980E-01    5.223947E-01    4.308387E-01    6.729897E-01 
   498    1.384756E-01    5.101550E-01    4.359731E-01    6.728991E-01 
   499    1.410790E-01    4.943122E-01    4.477095E-01    6.751692E-01 
   500    1.393200E-01    5.049058E-01    3.515388E-01    6.710678E-01 
   501    1.411178E-01    4.940646E-01    3.739798E-01    6.652765E-01 
   502    1.426373E-01    4.841780E-01    3.950138E-01    6.718066E-01 
   503    1.433983E-01    4.792618E-01    4.159385E-01    6.731453E-01 
   504    1.435917E-01    4.780833E-01    4.335246E-01    6.728733E-01 
   505    1.439715E-01    4.758898E-01    4.429127E-01    6.715879E-01 
   506    1.450150E-01    4.704548E-01    4.436289E-01    6.726744E-01 
   507    1.457338E-01    4.671213E-01    4.424689E-01    6.745300E-01 
   508    1.459432E-01    4.662368E-01    4.415570E-01    6.743740E-01 
   509    1.460628E-01    4.657546E-01    4.404631E-01    6.735778E-01 
   510    1.465002E-01    4.641721E-01    4.384495E-01    6.713395E-01 
   511    1.472787E-01    4.618405E-01    4.358317E-01    6.723924E-01 
   512    1.479439E-01    4.602812E-01    4.339726E-01    6.724610E-01 
   513    1.485946E-01    4.591198E-01    4.325247E-01    6.725095E-01 
   514    1.491207E-01    4.584228E-01    4.314986E-01    6.720838E-01 
   515    1.498398E-01    4.577317E-01    4.304724E-01    6.734841E-01 
   516    1.503422E-01    4.573863E-01    4.297982E-01    6.737348E-01 
   517    1.507527E-01    4.571719E-01    4.293235E-01    6.737220E-01 
   518    1.511752E-01    4.570249E-01    4.289494E-01    6.730318E-01 
   519    1.516975E-01    4.569222E-01    4.286482E-01    6.725458E-01 
   520    1.522532E-01    4.568808E-01    4.284295E-01    6.724951E-01 
   521    1.528379E-01    4.568917E-01    4.282960E-01    6.724572E-01 
   522    1.534916E-01    4.569433E-01    4.282203E-01    6.724615E-01 
   523    1.541160E-01    4.570047E-01    4.281660E-01    6.728451E-01 
   524    1.546562E-01    4.570621E-01    4.281082E-01    6.733366E-01 
   525    1.551502E-01    4.571110E-01    4.280473E-01    6.733919E-01 
   526    1.556506E-01    4.571702E-01    4.279984E-01    6.729273E-01 
   527    1.561918E-01    4.572478E-01    4.279723E-01    6.728544E-01 
   528    1.567189E-01    4.573230E-01    4.279406E-01    6.728640E-01 
   529    1.572431E-01    4.574014E-01    4.279196E-01    6.726848E-01 
   530    1.578000E-01    4.574873E-01    4.279158E-01    6.725837E-01 
   531    1.583946E-01    4.575762E-01    4.279265E-01    6.728229E-01 
   532    1.589766E-01    4.576523E-01    4.279334E-01    6.731518E-01 
   533    1.595184E-01    4.577130E-01    4.279302E-01    6.731268E-01 
   534    1.600403E-01    4.577742E-01    4.279331E-01    6.729021E-01 
   535    1.605807E-01    4.578418E-01    4.279445E-01    6.727211E-01 
   536    1.611388E-01    4.579100E-01    4.279552E-01    6.728114E-01 
   537    1.616768E-01    4.579703E-01    4.279569E-01    6.728512E-01 
   538    1.622079E-01    4.580271E-01    4.279540E-01    6.728074E-01 
   539    1.627500E-01    4.580831E-01    4.279539E-01    6.728341E-01 
   540    1.632992E-01    4.581352E-01    4.279505E-01    6.729792E-01 
   541    1.638489E-01    4.581817E-01    4.279486E-01    6.730402E-01 
   542    1.643996E-01    4.582259E-01    4.279455E-01    6.729494E-01 
   543    1.649517E-01    4.582719E-01    4.279541E-01    6.727978E-01 
   544    1.655047E-01    4.583193E-01    4.279625E-01    6.727439E-01 
   545    1.660572E-01    4.583643E-01    4.279751E-01    6.728028E-01 
   546    1.666030E-01    4.584051E-01    4.279771E-01    6.728530E-01 
   547    1.671418E-01    4.584427E-01    4.279819E-01    6.728805E-01 
   548    1.676774E-01    4.584775E-01    4.279773E-01    6.729131E-01 
   549    1.682131E-01    4.585099E-01    4.279767E-01    6.729167E-01 
   550    1.687534E-01    4.585417E-01    4.279715E-01    6.728873E-01 
   551    1.693025E-01    4.585740E-01    4.279738E-01    6.728482E-01 
   552    1.698586E-01    4.586062E-01    4.279751E-01    6.728277E-01 
   553    1.704141E-01    4.586369E-01    4.279798E-01    6.728339E-01 
   554    1.709647E-01    4.586654E-01    4.279825E-01    6.728535E-01 
   555    1.715114E-01    4.586918E-01    4.279842E-01    6.728761E-01 
   556    1.720543E-01    4.587160E-01    4.279856E-01    6.728840E-01 
   557    1.725938E-01    4.587389E-01    4.279831E-01    6.728674E-01 
   558    1.731317E-01    4.587616E-01    4.279851E-01    6.728349E-01 
   559    1.736714E-01    4.587845E-01    4.279823E-01    6.728100E-01 
   560    1.742163E-01    4.588072E-01    4.279866E-01    6.728089E-01 
   561    1.747659E-01    4.588288E-01    4.279833E-01    6.728406E-01 
   562    1.753171E-01    4.588484E-01    4.279863E-01    6.728756E-01 
   563    1.758661E-01    4.588663E-01    4.279813E-01    6.728862E-01 
   564    1.764135E-01    4.588831E-01    4.279831E-01    6.728780E-01 
   565    1.769592E-01    4.588993E-01    4.279793E-01    6.728622E-01 
   566    1.775035E-01    4.589155E-01    4.279815E-01    6.728380E-01 
   567    1.780459E-01    4.589318E-01    4.279803E-01    6.728128E-01 
   568    1.785881E-01    4.589482E-01    4.279826E-01    6.727959E-01 
   569    1.791310E-01    4.589641E-01    4.279833E-01    6.727994E-01 
   570    1.796756E-01    4.589791E-01    4.279833E-01    6.728255E-01 
   571    1.802218E-01    4.589927E-01    4.279839E-01    6.728505E-01 
   572    1.807684E-01    4.590052E-01    4.279806E-01    6.728606E-01 
   573    1.813154E-01    4.590168E-01    4.279816E-01    6.728576E-01 
   574    1.818621E-01    4.590281E-01    4.279773E-01    6.728477E-01 
   575    1.824085E-01    4.590391E-01    4.279799E-01    6.728361E-01 
   576    1.829537E-01    4.590501E-01    4.279761E-01    6.728247E-01 
   577    1.834985E-01    4.590610E-01    4.279799E-01    6.728133E-01 
   578    1.840420E-01    4.590717E-01    4.279768E-01    6.728061E-01 
   579    1.845855E-01    4.590820E-01    4.279802E-01    6.728053E-01 
   580    1.851293E-01    4.590918E-01    4.279773E-01    6.728112E-01 
   581    1.856740E-01    4.591009E-01    4.279789E-01    6.728193E-01 
   582    1.862196E-01    4.591094E-01    4.279764E-01    6.728253E-01 
   583    1.867657E-01    4.591174E-01    4.279761E-01    6.728278E-01 
   584    1.873120E-01    4.591248E-01    4.279749E-01    6.728280E-01 
   585    1.878579E-01    4.591317E-01    4.279730E-01    6.728257E-01 
   586    1.884036E-01    4.591384E-01    4.279734E-01    6.728207E-01 
   587    1.889483E-01    4.591449E-01    4.279702E-01    6.728135E-01 
   588    1.894929E-01    4.591515E-01    4.279725E-01    6.728045E-01 
   589    1.900369E-01    4.591580E-01    4.279690E-01    6.727965E-01 
   590    1.905812E-01    4.591645E-01    4.279724E-01    6.727927E-01 
   591    1.911256E-01    4.591707E-01    4.279686E-01    6.727952E-01 
   592    1.916707E-01    4.591764E-01    4.279714E-01    6.728016E-01 
   593    1.922160E-01    4.591815E-01    4.279672E-01    6.728076E-01 
   594    1.927616E-01    4.591862E-01    4.279687E-01    6.728100E-01 
   595    1.933071E-01    4.591904E-01    4.279650E-01    6.728095E-01 
   596    1.938525E-01    4.591944E-01    4.279652E-01    6.728057E-01 
   597    1.943976E-01    4.591984E-01    4.279630E-01    6.728000E-01 
   598    1.949424E-01    4.592022E-01    4.279622E-01    6.727940E-01 
   599    1.954872E-01    4.592062E-01    4.279622E-01    6.727883E-01 
   600    1.960316E-01    4.592101E-01    4.279604E-01    6.727842E-01 
   601    1.965763E-01    4.592139E-01    4.279622E-01    6.727824E-01 
   602    1.971209E-01    4.592175E-01    4.279589E-01    6.727836E-01 
   603    1.976660E-01    4.592206E-01    4.279612E-01    6.727861E-01 
   604    1.982110E-01    4.592235E-01    4.279567E-01    6.727880E-01 
   605    1.987563E-01    4.592260E-01    4.279590E-01    6.727879E-01 
   606    1.993014E-01    4.592283E-01    4.279542E-01    6.727868E-01 
   607    1.998466E-01    4.592304E-01    4.279560E-01    6.727838E-01 
   608    2.003916E-01    4.592324E-01    4.279519E-01    6.727806E-01 
   609    2.009364E-01    4.592344E-01    4.279530E-01    6.727769E-01 
   610    2.014813E-01    4.592364E-01    4.279504E-01    6.727729E-01 
   611    2.020259E-01    4.592384E-01    4.279505E-01    6.727701E-01 
   612    2.025707E-01    4.592403E-01    4.279496E-01    6.727682E-01 
   613    2.031155E-01    4.592420E-01    4.279483E-01    6.727674E-01 
   614    2.036605E-01    4.592435E-01    4.279488E-01    6.727674E-01 
   615    2.042054E-01    4.592448E-01    4.279456E-01    6.727673E-01 
   616    2.047505E-01    4.592460E-01    4.279472E-01    6.727668E-01 
   617    2.052955E-01    4.592469E-01    4.279428E-01    6.727658E-01 
   618    2.058406E-01    4.592477E-01    4.279449E-01    6.727636E-01 
   619    2.063854E-01    4.592485E-01    4.279402E-01    6.727613E-01 
   620    2.069304E-01    4.592492E-01    4.279423E-01    6.727582E-01 
   621    2.074752E-01    4.592499E-01    4.279381E-01    6.727553E-01 
   622    2.080200E-01    4.592505E-01    4.279398E-01    6.727530E-01 
   623    2.085648E-01    4.592511E-01    4.279366E-01    6.727510E-01 
   624    2.091097E-01    4.592516E-01    4.279372E-01    6.727497E-01 
   625    2.096546E-01    4.592520E-01    4.279353E-01    6.727487E-01 
   626    2.101995E-01    4.592523E-01    4.279343E-01    6.727477E-01 
   627    2.107446E-01    4.592524E-01    4.279340E-01    6.727467E-01 
   628    2.112894E-01    4.592524E-01    4.279313E-01    6.727452E-01 
   629    2.118345E-01    4.592523E-01    4.279323E-01    6.727433E-01 
   630    2.123793E-01    4.592522E-01    4.279284E-01    6.727413E-01 
   631    2.129243E-01    4.592521E-01    4.279304E-01    6.727387E-01 
   632    2.134691E-01    4.592519E-01    4.279259E-01    6.727367E-01 
   633    2.140140E-01    4.592516E-01    4.279282E-01    6.727344E-01 
   634    2.145588E-01    4.592514E-01    4.279237E-01    6.727325E-01 
   635    2.151037E-01    4.592510E-01    4.279256E-01    6.727310E-01 
   636    2.156487E-01    4.592506E-01    4.279218E-01    6.727293E-01 
   637    2.161936E-01    4.592501E-01    4.279227E-01    6.727279E-01 
   638    2.167386E-01    4.592496E-01    4.279201E-01    6.727264E-01 
   639    2.172835E-01    4.592489E-01    4.279197E-01    6.727246E-01 
   640    2.178284E-01    4.592482E-01    4.279185E-01    6.727228E-01 
   641    2.183733E-01    4.592475E-01    4.279166E-01    6.727208E-01 
   642    2.189183E-01    4.592467E-01    4.279170E-01    6.727186E-01 
   643    2.194630E-01    4.592459E-01    4.279136E-01    6.727167E-01 
   644    2.200081E-01    4.592451E-01    4.279152E-01    6.727143E-01 
   645    2.205529E-01    4.592442E-01    4.279109E-01    6.727126E-01 
   646    2.210978E-01    4.592433E-01    4.279130E-01    6.727105E-01 
   647    2.216427E-01    4.592423E-01    4.279084E-01    6.727087E-01 
   648    2.221877E-01    4.592413E-01    4.279104E-01    6.727070E-01 
   649    2.227326E-01    4.592402E-01    4.279061E-01    6.727049E-01 
   650    2.232775E-01    4.592391E-01    4.279074E-01    6.727031E-01 
   651    2.238225E-01    4.592380E-01    4.279041E-01    6.727009E-01 
   652    2.243674E-01    4.592368E-01    4.279043E-01    6.726987E-01 
   653    2.249123E-01    4.592356E-01    4.279023E-01    6.726967E-01 
   654    2.254572E-01    4.592344E-01    4.279011E-01    6.726943E-01 
   655    2.260022E-01    4.592331E-01    4.279007E-01    6.726922E-01 
   656    2.265470E-01    4.592318E-01    4.278979E-01    6.726901E-01 
   657    2.270921E-01    4.592305E-01    4.278989E-01    6.726876E-01 
   658    2.276369E-01    4.592292E-01    4.278949E-01    6.726858E-01 
   659    2.281819E-01    4.592278E-01    4.278967E-01    6.726832E-01 
   660    2.287268E-01    4.592264E-01    4.278921E-01    6.726811E-01 
   661    2.292718E-01    4.592250E-01    4.278941E-01    6.726788E-01 
   662    2.298167E-01    4.592235E-01    4.278895E-01    6.726763E-01 
   663    2.303617E-01    4.592221E-01    4.278911E-01    6.726740E-01 
   664    2.309066E-01    4.592206E-01    4.278872E-01    6.726713E-01 
   665    2.314515E-01    4.592191E-01    4.278879E-01    6.726688E-01 
   666    2.319965E-01    4.592175E-01    4.278852E-01    6.726663E-01 
   667    2.325414E-01    4.592160E-01    4.278846E-01    6.726635E-01 
   668    2.330864E-01    4.592144E-01    4.278834E-01    6.726610E-01 
   669    2.336313E-01    4.592129E-01    4.278813E-01    6.726583E-01 
   670    2.341764E-01    4.592113E-01    4.278816E-01    6.726555E-01 
   671    2.347212E-01    4.592097E-01    4.278781E-01    6.726529E-01 
   672    2.352663E-01    4.592081E-01    4.278796E-01    6.726496E-01 
   673    2.358111E-01    4.592065E-01    4.278751E-01    6.726470E-01 
   674    2.363562E-01    4.592049E-01    4.278772E-01    6.726438E-01 
   675    2.369011E-01    4.592033E-01    4.278724E-01    6.726407E-01 
   676    2.374461E-01    4.592017E-01    4.278744E-01    6.726377E-01 
   677    2.379911E-01    4.592001E-01    4.278701E-01    6.726343E-01 
   678    2.385360E-01    4.591985E-01    4.278714E-01    6.726312E-01 
   679    2.390810E-01    4.591969E-01    4.278681E-01    6.726278E-01 
   680    2.396260E-01    4.591953E-01    4.278683E-01    6.726243E-01 
   681    2.401710E-01    4.591937E-01    4.278664E-01    6.726210E-01 
   682    2.407159E-01    4.591921E-01    4.278652E-01    6.726173E-01 
   683    2.412609E-01    4.591906E-01    4.278649E-01    6.726137E-01 
   684    2.418058E-01    4.591890E-01    4.278623E-01    6.726100E-01 
   685    2.423510E-01    4.591875E-01    4.278634E-01    6.726058E-01 
   686    2.428958E-01    4.591859E-01    4.278596E-01    6.726022E-01 
   687    2.434409E-01    4.591844E-01    4.278617E-01    6.725977E-01 
   688    2.439858E-01    4.591829E-01    4.278572E-01    6.725936E-01 
   689    2.445308E-01    4.591815E-01    4.278596E-01    6.725892E-01 
   690    2.450758E-01    4.591800E-01    4.278553E-01    6.725845E-01 
   691    2.456208E-01    4.591786E-01    4.278573E-01    6.725798E-01 
   692    2.461658E-01    4.591772E-01    4.278537E-01    6.725746E-01 
   693    2.467108E-01    4.591758E-01    4.278549E-01    6.725695E-01 
   694    2.472558E-01    4.591745E-01    4.278526E-01    6.725640E-01 
   695    2.478008E-01    4.591733E-01    4.278527E-01    6.725582E-01 
   696    2.483458E-01    4.591721E-01    4.278521E-01    6.725525E-01 
   697    2.488908E-01    4.591710E-01    4.278509E-01    6.725463E-01 
   698    2.494359E-01    4.591700E-01    4.278520E-01    6.725398E-01 
   699    2.499808E-01    4.591691E-01    4.278497E-01    6.725336E-01 
   700    2.505259E-01    4.591683E-01    4.278523E-01    6.725267E-01 
   701    2.510708E-01    4.591676E-01    4.278492E-01    6.725203E-01 
   702    2.516159E-01    4.591670E-01    4.278527E-01    6.725134E-01 
   703    2.521609E-01    4.591666E-01    4.278495E-01    6.725067E-01 
   704    2.527059E-01    4.591662E-01    4.278532E-01    6.725000E-01 
   705    2.532509E-01    4.591660E-01    4.278507E-01    6.724930E-01 
   706    2.537959E-01    4.591658E-01    4.278539E-01    6.724863E-01 
   707    2.543410E-01    4.591656E-01    4.278524E-01    6.724792E-01 
   708    2.548859E-01    4.591655E-01    4.278547E-01    6.724719E-01 
   709    2.554310E-01    4.591653E-01    4.278544E-01    6.724645E-01 
   710    2.559760E-01    4.591651E-01    4.278552E-01    6.724562E-01 
   711    2.565210E-01    4.591648E-01    4.278563E-01    6.724474E-01 
   712    2.570660E-01    4.591644E-01    4.278554E-01    6.724376E-01 
   713    2.576111E-01    4.591639E-01    4.278577E-01    6.724266E-01 
   714    2.581559E-01    4.591634E-01    4.278553E-01    6.724147E-01 
   715    2.587011E-01    4.591627E-01    4.278583E-01    6.724008E-01 
   716    2.592460E-01    4.591621E-01    4.278550E-01    6.723861E-01 
   717    2.597911E-01    4.591615E-01    4.278585E-01    6.723692E-01 
   718    2.603361E-01    4.591610E-01    4.278552E-01    6.723510E-01 
   719    2.608811E-01    4.591607E-01    4.278588E-01    6.723317E-01 
   720    2.614261E-01    4.591608E-01    4.278568E-01    6.723111E-01 
   721    2.619711E-01    4.591613E-01    4.278605E-01    6.722899E-01 
   722    2.625162E-01    4.591623E-01    4.278609E-01    6.722678E-01 
   723    2.630612E-01    4.591639E-01    4.278649E-01    6.722457E-01 
   724    2.636062E-01    4.591663E-01    4.278685E-01    6.722245E-01 
   725    2.641512E-01    4.591694E-01    4.278730E-01    6.722043E-01 
   726    2.646963E-01    4.591734E-01    4.278802E-01    6.721861E-01 
   727    2.652412E-01    4.591782E-01    4.278853E-01    6.721699E-01 
   728    2.657864E-01    4.591836E-01    4.278958E-01    6.721553E-01 
   729    2.663312E-01    4.591898E-01    4.279015E-01    6.721435E-01 
   730    2.668764E-01    4.591963E-01    4.279141E-01    6.721332E-01 
   731    2.674212E-01    4.592031E-01    4.279202E-01    6.721260E-01 
   732    2.679663E-01    4.592097E-01    4.279330E-01    6.721204E-01 
   733    2.685112E-01    4.592158E-01    4.279384E-01    6.721167E-01 
   734    2.690561E-01    4.592210E-01    4.279488E-01    6.721144E-01 
   735    2.696011E-01    4.592249E-01    4.279520E-01    6.721113E-01 
   736    2.701459E-01    4.592269E-01    4.279571E-01    6.721068E-01 
   737    2.706909E-01    4.592265E-01    4.279561E-01    6.720981E-01 
   738    2.712357E-01    4.592234E-01    4.279533E-01    6.720835E-01 
   739    2.717806E-01    4.592171E-01    4.279461E-01    6.720611E-01 
   740    2.723255E-01    4.592076E-01    4.279334E-01    6.720279E-01 
   741    2.728704E-01    4.591947E-01    4.279190E-01    6.719826E-01 
   742    2.734152E-01    4.591786E-01    4.278964E-01    6.719231E-01 
   743    2.739603E-01    4.591598E-01    4.278753E-01    6.718476E-01 
   744    2.745051E-01    4.591390E-01    4.278456E-01    6.717570E-01 
   745    2.750502E-01    4.591171E-01    4.278212E-01    6.716488E-01 
   746    2.755951E-01    4.590955E-01    4.277901E-01    6.715261E-01 
   747    2.761403E-01    4.590756E-01    4.277680E-01    6.713895E-01 
   748    2.766854E-01    4.590590E-01    4.277439E-01    6.712422E-01 
   749    2.772306E-01    4.590473E-01    4.277318E-01    6.710861E-01 
   750    2.777760E-01    4.590420E-01    4.277234E-01    6.709266E-01 
   751    2.783213E-01    4.590445E-01    4.277287E-01    6.707781E-01 
   752    2.788667E-01    4.590556E-01    4.277431E-01    6.706628E-01 
   753    2.794121E-01    4.590759E-01    4.277703E-01    6.706023E-01 
   754    2.799575E-01    4.591051E-01    4.278099E-01    6.706133E-01 
   755    2.805029E-01    4.591424E-01    4.278578E-01    6.706977E-01 
   756    2.810482E-01    4.591861E-01    4.279177E-01    6.708449E-01 
   757    2.815932E-01    4.592337E-01    4.279778E-01    6.710341E-01 
   758    2.821384E-01    4.592820E-01    4.280447E-01    6.712453E-01 
   759    2.826830E-01    4.593271E-01    4.281009E-01    6.714595E-01 
   760    2.832278E-01    4.593646E-01    4.281541E-01    6.716609E-01 
   761    2.837723E-01    4.593896E-01    4.281840E-01    6.718404E-01 
   762    2.843167E-01    4.593970E-01    4.281976E-01    6.719847E-01 
   763    2.848610E-01    4.593817E-01    4.281756E-01    6.720885E-01 
   764    2.854052E-01    4.593390E-01    4.281230E-01    6.721409E-01 
   765    2.859494E-01    4.592651E-01    4.280257E-01    6.721344E-01 
   766    2.864936E-01    4.591570E-01    4.278866E-01    6.720588E-01 
   767    2.870379E-01    4.590137E-01    4.277001E-01    6.719015E-01 
   768    2.875823E-01    4.588356E-01    4.274683E-01    6.716411E-01 
   769    2.881269E-01    4.586258E-01    4.271968E-01    6.712495E-01 
   770    2.886718E-01    4.583897E-01    4.268880E-01    6.707090E-01 
   771    2.892172E-01    4.581354E-01    4.265598E-01    6.700145E-01 
   772    2.897628E-01    4.578737E-01    4.262167E-01    6.691596E-01 
   773    2.903094E-01    4.576173E-01    4.258868E-01    6.681649E-01 
   774    2.908562E-01    4.573810E-01    4.255765E-01    6.670335E-01 
   775    2.914041E-01    4.571799E-01    4.253190E-01    6.657884E-01 
   776    2.919525E-01    4.570291E-01    4.251204E-01    6.644941E-01 
   777    2.925018E-01    4.569419E-01    4.250108E-01    6.632797E-01 
   778    2.930516E-01    4.569286E-01    4.249920E-01    6.623696E-01 
   779    2.936019E-01    4.569948E-01    4.250813E-01    6.619519E-01 
   780    2.941522E-01    4.571402E-01    4.252703E-01    6.622111E-01 
   781    2.947023E-01    4.573572E-01    4.255547E-01    6.631376E-01 
   782    2.952517E-01    4.576302E-01    4.259114E-01    6.646332E-01 
   783    2.958000E-01    4.579356E-01    4.263093E-01    6.665141E-01 
   784    2.963472E-01    4.582417E-01    4.267102E-01    6.685877E-01 
   785    2.968930E-01    4.585093E-01    4.270570E-01    6.707200E-01 
   786    2.974375E-01    4.586930E-01    4.272985E-01    6.727608E-01 
   787    2.979807E-01    4.587417E-01    4.273569E-01    6.745875E-01 
   788    2.985230E-01    4.585999E-01    4.271716E-01    6.761118E-01 
   789    2.990644E-01    4.582095E-01    4.266521E-01    6.772272E-01 
   790    2.996053E-01    4.575100E-01    4.257321E-01    6.779183E-01 
   791    3.001460E-01    4.564408E-01    4.243174E-01    6.780744E-01 
   792    3.006871E-01    4.549422E-01    4.223426E-01    6.775312E-01 
   793    3.012289E-01    4.529584E-01    4.197222E-01    6.762328E-01 
   794    3.017723E-01    4.504349E-01    4.163948E-01    6.740081E-01 
   795    3.023178E-01    4.473226E-01    4.122911E-01    6.704065E-01 
   796    3.028666E-01    4.435783E-01    4.073631E-01    6.651570E-01 
   797    3.034197E-01    4.391640E-01    4.015637E-01    6.581117E-01 
   798    3.039786E-01    4.340476E-01    3.948610E-01    6.488903E-01 
   799    3.045448E-01    4.282081E-01    3.872429E-01    6.373164E-01 
   800    3.051198E-01    4.216341E-01    3.787022E-01    6.230549E-01 
   801    3.057057E-01    4.143201E-01    3.692624E-01    6.056864E-01 
   802    3.063043E-01    4.062814E-01    3.589543E-01    5.854752E-01 
   803    3.069180E-01    3.975422E-01    3.478471E-01    5.623221E-01 
   804    3.075484E-01    3.881596E-01    3.360335E-01    5.356592E-01 
   805    3.081981E-01    3.782041E-01    3.236407E-01    5.052231E-01 
   806    3.088690E-01    3.677763E-01    3.108132E-01    4.715905E-01 
   807    3.095635E-01    3.569938E-01    2.977343E-01    4.353737E-01 
   808    3.102830E-01    3.460239E-01    2.846208E-01    3.965038E-01 
   809    3.110291E-01    3.350438E-01    2.717041E-01    3.552207E-01 
   810    3.118027E-01    3.242524E-01    2.592147E-01    3.127560E-01 
   811    3.126047E-01    3.138474E-01    2.473792E-01    2.703683E-01 
   812    3.134343E-01    3.040317E-01    2.364023E-01    2.290061E-01 
   813    3.142908E-01    2.949759E-01    2.264452E-01    1.897169E-01 
   814    3.151725E-01    2.868159E-01    2.176169E-01    1.538042E-01 
   815    3.160770E-01    2.796384E-01    2.099680E-01    1.221689E-01 
   816    3.170016E-01    2.734782E-01    2.034898E-01    9.523162E-02 
   817    3.179432E-01    2.683130E-01    1.981205E-01    7.296762E-02 
   818    3.188989E-01    2.640790E-01    1.937606E-01    5.502033E-02 
   819    3.198657E-01    2.606796E-01    1.902867E-01    4.097437E-02 
   820    3.208414E-01    2.580032E-01    1.875674E-01    3.019297E-02 
   821    3.218238E-01    2.559324E-01    1.854718E-01    2.201298E-02 
   822    3.228113E-01    2.543540E-01    1.838791E-01    1.590604E-02 
   823    3.238027E-01    2.531674E-01    1.826841E-01    1.140627E-02 
   824    3.247967E-01    2.522860E-01    1.817975E-01    8.125648E-03 
   825    3.257928E-01    2.516381E-01    1.811461E-01    5.754799E-03 
   826    3.267904E-01    2.511661E-01    1.806718E-01    4.053884E-03 
   827    3.277890E-01    2.508249E-01    1.803290E-01    2.841027E-03 
   828    3.287883E-01    2.505802E-01    1.800831E-01    1.980562E-03 
   829    3.297882E-01    2.504059E-01    1.799079E-01    1.372691E-03 
   830    3.307884E-01    2.502825E-01    1.797840E-01    9.447236E-04 
   831    3.317888E-01    2.501959E-01    1.796969E-01    6.444066E-04 
   832    3.327895E-01    2.501354E-01    1.796361E-01    4.344892E-04 
   833    3.337902E-01    2.500935E-01    1.795939E-01    2.885737E-04 
   834    3.347910E-01    2.500646E-01    1.795649E-01    1.877940E-04 
   835    3.357919E-01    2.500449E-01    1.795451E-01    1.187229E-04 
   836    3.367928E-01    2.500315E-01    1.795316E-01    7.175255E-05 
   837    3.377938E-01    2.500224E-01    1.795225E-01    4.005598E-05 
   838    3.387947E-01    2.500164E-01    1.795164E-01    1.881077E-05 
   839    3.397957E-01    2.500123E-01    1.795124E-01    4.794026E-06 
   840    3.407967E-01    2.500096E-01    1.795096E-01   -4.252741E-06 
   841    3.417976E-01    2.500078E-01    1.795078E-01   -9.869860E-06 
   842    3.427986E-01    2.500065E-01    1.795066E-01   -1.318191E-05 
   843    3.437996E-01    2.500057E-01    1.795057E-01   -1.503789E-05 
   844    3.448006E-01    2.500051E-01    1.795051E-01   -1.605263E-05 
   845    3.458015E-01    2.500046E-01    1.795046E-01   -1.649607E-05 
   846    3.468025E-01    2.500042E-01    1.795042E-01   -1.651196E-05 
   847    3.478035E-01    2.500039E-01    1.795039E-01   -1.605806E-05 
   848    3.488045E-01    2.500037E-01    1.795037E-01   -1.511612E-05 
   849    3.498055E-01    2.500035E-01    1.795036E-01   -1.405662E-05 
   850    3.508065E-01    2.500035E-01    1.795035E-01   -1.366312E-05 
   851    3.518075E-01    2.500034E-01    1.795034E-01   -1.402188E-05 
   852    3.528085E-01    2.500035E-01    1.795035E-01   -1.482291E-05 
   853    3.538094E-01    2.500035E-01    1.795035E-01   -1.570070E-05 
   854    3.548104E-01    2.500036E-01    1.795037E-01   -1.648995E-05 
   855    3.558114E-01    2.500038E-01    1.795038E-01   -1.719851E-05 
   856    3.568124E-01    2.500039E-01    1.795039E-01   -1.786851E-05 
   857    3.578134E-01    2.500040E-01    1.795040E-01   -1.841657E-05 
   858    3.588144E-01    2.500041E-01    1.795041E-01   -1.879006E-05 
   859    3.598154E-01    2.500042E-01    1.795042E-01   -1.895869E-05 
   860    3.608163E-01    2.500042E-01    1.795043E-01   -1.896239E-05 
   861    3.618173E-01    2.500042E-01    1.795043E-01   -1.885148E-05 
   862    3.628183E-01    2.500042E-01    1.795042E-01   -1.864230E-05 
   863    3.638193E-01    2.500041E-01    1.795041E-01   -1.834772E-05 
   864    3.648203E-01    2.500040E-01    1.795040E-01   -1.800000E-05 
   865    3.658213E-01    2.500039E-01    1.795039E-01   -1.747691E-05 
   866    3.668222E-01    2.500037E-01    1.795037E-01   -1.666724E-05 
   867    3.678232E-01    2.500036E-01    1.795036E-01   -1.567217E-05 
   868    3.688242E-01    2.500035E-01    1.795035E-01   -1.463080E-05 
   869    3.698252E-01    2.500033E-01    1.795034E-01   -1.382748E-05 
   870    3.708262E-01    2.500033E-01    1.795033E-01   -1.367569E-05 
   871    3.718272E-01    2.500032E-01    1.795032E-01   -1.395095E-05 
   872    3.728282E-01    2.500032E-01    1.795032E-01   -1.430579E-05 
   873    3.738292E-01    2.500032E-01    1.795032E-01   -1.468519E-05 
   874    3.748302E-01    2.500033E-01    1.795033E-01   -1.500815E-05 
   875    3.758311E-01    2.500033E-01    1.795033E-01   -1.529886E-05 
   876    3.768321E-01    2.500034E-01    1.795034E-01   -1.559769E-05 
   877    3.778331E-01    2.500035E-01    1.795035E-01   -1.580385E-05 
   878    3.788341E-01    2.500035E-01    1.795035E-01   -1.589150E-05 
   879    3.798351E-01    2.500035E-01    1.795035E-01   -1.592516E-05 
   880    3.808361E-01    2.500035E-01    1.795035E-01   -1.589206E-05 
   881    3.818371E-01    2.500035E-01    1.795035E-01   -1.574355E-05 
   882    3.828380E-01    2.500034E-01    1.795034E-01   -1.557313E-05 
   883    3.838390E-01    2.500033E-01    1.795033E-01   -1.540383E-05 
   884    3.848400E-01    2.500032E-01    1.795032E-01   -1.506668E-05 
   885    3.858410E-01    2.500031E-01    1.795031E-01   -1.455402E-05 
   886    3.868420E-01    2.500030E-01    1.795030E-01   -1.379403E-05 
   887    3.878430E-01    2.500029E-01    1.795029E-01   -1.270377E-05 
   888    3.888440E-01    2.500028E-01    1.795028E-01   -1.195902E-05 
   889    3.898450E-01    2.500028E-01    1.795028E-01   -1.201108E-05 
   890    3.908459E-01    2.500027E-01    1.795027E-01   -1.227800E-05 
   891    3.918469E-01    2.500026E-01    1.795027E-01   -1.263442E-05 
   892    3.928479E-01    2.500026E-01    1.795026E-01   -1.278048E-05 
   893    3.938489E-01    2.500026E-01    1.795027E-01   -1.233943E-05 
   894    3.948499E-01    2.500027E-01    1.795027E-01   -1.237595E-05 
   895    3.958509E-01    2.500027E-01    1.795027E-01   -1.272684E-05 
   896    3.968519E-01    2.500027E-01    1.795027E-01   -1.293373E-05 
   897    3.978529E-01    2.500028E-01    1.795028E-01   -1.303495E-05 
   898    3.988539E-01    2.500028E-01    1.795028E-01   -1.308495E-05 
   899    3.998549E-01    2.500027E-01    1.795028E-01   -1.278810E-05 
   900    4.008559E-01    2.500027E-01    1.795027E-01   -1.247116E-05 
   901    4.018568E-01    2.500026E-01    1.795026E-01   -1.264708E-05 
   902    4.028578E-01    2.500026E-01    1.795026E-01   -1.286120E-05 
   903    4.038588E-01    2.500025E-01    1.795025E-01   -1.288806E-05 
   904    4.048598E-01    2.500025E-01    1.795025E-01   -1.253237E-05 
   905    4.058608E-01    2.500024E-01    1.795024E-01   -1.098618E-05 
   906    4.068618E-01    2.500023E-01    1.795024E-01   -9.702407E-06 
   907    4.078628E-01    2.500023E-01    1.795023E-01   -1.000507E-05 
   908    4.088637E-01    2.500022E-01    1.795022E-01   -1.081268E-05 
   909    4.098648E-01    2.500022E-01    1.795022E-01   -1.144967E-05 
   910    4.108658E-01    2.500022E-01    1.795022E-01   -1.180939E-05 
   911    4.118668E-01    2.500022E-01    1.795022E-01   -1.076927E-05 
   912    4.128678E-01    2.500022E-01    1.795022E-01   -9.592225E-06 
   913    4.138687E-01    2.500021E-01    1.795021E-01   -1.026367E-05 
   914    4.148697E-01    2.500021E-01    1.795021E-01   -1.148032E-05 
   915    4.158707E-01    2.500022E-01    1.795022E-01   -1.213566E-05 
   916    4.168718E-01    2.500022E-01    1.795022E-01   -1.201227E-05 
   917    4.178728E-01    2.500021E-01    1.795022E-01   -1.067364E-05 
   918    4.188737E-01    2.500021E-01    1.795021E-01   -8.280037E-06 
   919    4.198746E-01    2.500019E-01    1.795019E-01   -8.601181E-06 
   920    4.208756E-01    2.500018E-01    1.795018E-01   -1.071677E-05 
   921    4.218767E-01    2.500018E-01    1.795018E-01   -1.221285E-05 
   922    4.228777E-01    2.500018E-01    1.795018E-01   -1.204771E-05 
   923    4.238788E-01    2.500018E-01    1.795018E-01   -9.600400E-06 
   924    4.248797E-01    2.500017E-01    1.795017E-01   -5.348532E-06 
   925    4.258806E-01    2.500016E-01    1.795016E-01   -5.897647E-06 
   926    4.268815E-01    2.500015E-01    1.795015E-01   -9.904773E-06 
   927    4.278826E-01    2.500015E-01    1.795015E-01   -1.263061E-05 
   928    4.288837E-01    2.500016E-01    1.795016E-01   -1.227979E-05 
   929    4.298849E-01    2.500016E-01    1.795016E-01   -9.144131E-06 
   930    4.308858E-01    2.500015E-01    1.795015E-01   -3.691505E-06 
   931    4.318865E-01    2.500013E-01    1.795013E-01   -4.291318E-06 
   932    4.328873E-01    2.500012E-01    1.795012E-01   -1.018816E-05 
   933    4.338885E-01    2.500012E-01    1.795012E-01   -1.441799E-05 
   934    4.348898E-01    2.500013E-01    1.795013E-01   -1.448185E-05 
   935    4.358910E-01    2.500013E-01    1.795013E-01   -9.494717E-06 
   936    4.368919E-01    2.500011E-01    1.795011E-01    2.107899E-06 
   937    4.378924E-01    2.500008E-01    1.795008E-01    8.720241E-07 
   938    4.388931E-01    2.500006E-01    1.795006E-01   -1.147839E-05 
   939    4.398942E-01    2.500007E-01    1.795007E-01   -1.895845E-05 
   940    4.408957E-01    2.500010E-01    1.795010E-01   -1.796029E-05 
   941    4.418975E-01    2.500010E-01    1.795010E-01   -4.143306E-06 
   942    4.428983E-01    2.500007E-01    1.795007E-01    9.021425E-06 
   943    4.438981E-01    2.500002E-01    1.795002E-01    1.597849E-06 
   944    4.448985E-01    2.500001E-01    1.795001E-01   -1.498633E-05 
   945    4.458999E-01    2.500004E-01    1.795004E-01   -2.264896E-05 
   946    4.469023E-01    2.500006E-01    1.795006E-01   -1.909594E-05 
   947    4.479042E-01    2.500006E-01    1.795006E-01   -5.212157E-06 
   948    4.489044E-01    2.500001E-01    1.795001E-01    1.805002E-05 
   949    4.499035E-01    2.499993E-01    1.794993E-01    8.057334E-06 
   950    4.509039E-01    2.499989E-01    1.794989E-01   -1.388582E-05 
   951    4.519056E-01    2.499992E-01    1.794992E-01   -3.806804E-05 
   952    4.529082E-01    2.499999E-01    1.794999E-01   -3.669254E-05 
   953    4.539116E-01    2.499998E-01    1.794998E-01    1.484384E-05 
   954    4.549113E-01    2.499986E-01    1.794986E-01    4.365782E-05 
   955    4.559094E-01    2.499973E-01    1.794973E-01    1.445298E-05 
   956    4.569072E-01    2.499974E-01    1.794973E-01   -4.737800E-05 
   957    4.579093E-01    2.499988E-01    1.794988E-01   -6.851647E-05 
   958    4.589176E-01    2.499996E-01    1.794996E-01   -1.017453E-05 
   959    4.599224E-01    2.499987E-01    1.794987E-01    6.062425E-05 
   960    4.609170E-01    2.499972E-01    1.794972E-01    2.723195E-05 
   961    4.619096E-01    2.499966E-01    1.794966E-01   -1.198968E-05 
   962    4.629085E-01    2.499974E-01    1.794974E-01   -6.020835E-05 
   963    4.639195E-01    2.499987E-01    1.794987E-01   -5.576415E-05 
   964    4.649332E-01    2.499985E-01    1.794985E-01    2.701111E-05 
   965    4.659239E-01    2.499977E-01    1.794977E-01   -1.034232E-05 
   966    4.669200E-01    2.499958E-01    1.794958E-01    8.208066E-05 
   967    4.679125E-01    2.499932E-01    1.794932E-01    1.478134E-05 
   968    4.689153E-01    2.499936E-01    1.794936E-01   -9.285448E-05 
   969    4.699332E-01    2.499948E-01    1.794948E-01   -9.660887E-05 
   970    4.709262E-01    2.499954E-01    1.794954E-01   -4.498220E-05 
   971    4.719447E-01    2.499925E-01    1.794926E-01    1.579557E-04 
   972    4.729324E-01    2.499870E-01    1.794870E-01    1.495425E-04 
   973    4.739075E-01    2.499843E-01    1.794843E-01   -7.071913E-05 
   974    4.749045E-01    2.499879E-01    1.794880E-01   -3.078730E-04 
   975    4.759287E-01    2.499912E-01    1.794913E-01   -3.194669E-05 
   976    4.769794E-01    2.499879E-01    1.794881E-01    1.774265E-04 
   977    4.779733E-01    2.499805E-01    1.794807E-01    2.385433E-04 
   978    4.789141E-01    2.499740E-01    1.794741E-01    5.282100E-05 
   979    4.798291E-01    2.499809E-01    1.794815E-01   -5.090038E-04 
   980    4.809417E-01    2.499849E-01    1.794852E-01    8.957841E-06 
   981    4.820110E-01    2.499774E-01    1.794783E-01    1.341137E-04 
   982    4.830215E-01    2.499628E-01    1.794641E-01    2.190791E-04 
   983    4.839575E-01    2.499426E-01    1.794433E-01    1.827931E-04 
   984    4.847214E-01    2.499279E-01    1.794289E-01   -5.179984E-04 
   985    4.859673E-01    2.498940E-01    1.793952E-01    1.082135E-05 
   986    4.870199E-01    2.498177E-01    1.793210E-01    5.910064E-05 
   987    4.880416E-01    2.496838E-01    1.791890E-01    1.157391E-04 
   988    4.890149E-01    2.494536E-01    1.789566E-01    1.427745E-04 
   989    4.896890E-01    2.491990E-01    1.786613E-01   -2.720495E-04 
   990    4.909910E-01    2.486732E-01    1.785473E-01    0.000000E+00 
   991    4.919920E-01    2.483566E-01    1.783200E-01    0.000000E+00 
   992    4.929930E-01    2.477227E-01    1.778649E-01    0.000000E+00 
   993    4.939940E-01    2.460260E-01    1.766467E-01    0.000000E+00 
   994    4.949950E-01    2.421231E-01    1.738444E-01    0.000000E+00 
   995    4.959960E-01    2.342061E-01    1.681600E-01    0.000000E+00 
   996    4.969970E-01    2.204101E-01    1.582545E-01    0.000000E+00 
   997    4.979980E-01    1.999325E-01    1.435515E-01    0.000000E+00 
   998    4.989990E-01    1.731561E-01    1.243261E-01    0.000000E+00 
   999    5.000000E-01    1.416667E-01    1.017167E-01    0.000000E+00 
