     0   -5.000000E-01    5.666667E-01    5.666667E-01    0.000000E+00 
     1   -4.989990E-01    6.927897E-01    6.927897E-01    0.000000E+00 
     2   -4.979980E-01    8.004873E-01    8.004873E-01    0.000000E+00 
     3   -4.969970E-01    8.833532E-01    8.833532E-01    0.000000E+00 
     4   -4.959960E-01    9.397848E-01    9.397848E-01    0.000000E+00 
     5   -4.949950E-01    9.729814E-01    9.729814E-01    0.000000E+00 
     6   -4.939940E-01    9.899173E-01    9.899173E-01    0.000000E+00 
     7   -4.929930E-01    9.970527E-01    9.970527E-01    0.000000E+00 
     8   -4.919920E-01    9.992132E-01    9.992132E-01    0.000000E+00 
     9   -4.909910E-01    9.996086E-01    9.996086E-01    0.000000E+00 
    10   -4.899769E-01    9.998459E-01    9.997623E-01    1.544043E-02 
    11   -4.889833E-01    1.000121E+00    1.000166E+00    6.721523E-03 
    12   -4.879857E-01    1.000351E+00    1.000491E+00    2.673246E-03 
    13   -4.869862E-01    1.000498E+00    1.000697E+00    9.426611E-04 
    14   -4.859857E-01    1.000545E+00    1.000763E+00    2.819812E-04 
    15   -4.849849E-01    1.000488E+00    1.000683E+00    6.625366E-05 
    16   -4.839840E-01    1.000366E+00    1.000513E+00    1.057520E-05 
    17   -4.829830E-01    1.000240E+00    1.000336E+00    8.116727E-07 
    18   -4.819820E-01    1.000136E+00    1.000190E+00    1.229947E-16 
    19   -4.809810E-01    1.000062E+00    1.000086E+00    5.000092E-16 
    20   -4.799800E-01    1.000022E+00    1.000031E+00    4.987412E-16 
    21   -4.789790E-01    1.000007E+00    1.000010E+00    1.071871E-15 
    22   -4.779780E-01    1.000002E+00    1.000003E+00    6.060974E-16 
    23   -4.769770E-01    1.000000E+00    1.000001E+00    9.805759E-17 
    24   -4.759760E-01    1.000000E+00    1.000000E+00   -2.202069E-16 
    25   -4.749750E-01    1.000000E+00    1.000000E+00   -6.124373E-16 
    26   -4.739740E-01    1.000000E+00    1.000000E+00   -1.256574E-15 
    27   -4.729730E-01    1.000000E+00    1.000000E+00   -9.797306E-16 
    28   -4.719720E-01    1.000000E+00    1.000000E+00   -7.654409E-16 
    29   -4.709710E-01    1.000000E+00    1.000000E+00   -2.075271E-16 
    30   -4.699700E-01    1.000000E+00    1.000000E+00    2.311961E-16 
    31   -4.689690E-01    1.000000E+00    1.000000E+00    8.246136E-16 
    32   -4.679680E-01    1.000000E+00    1.000000E+00    9.315471E-16 
    33   -4.669670E-01    1.000000E+00    1.000000E+00    1.180072E-15 
    34   -4.659660E-01    1.000000E+00    1.000000E+00    7.155668E-16 
    35   -4.649650E-01    1.000000E+00    1.000000E+00    2.134443E-16 
    36   -4.639640E-01    1.000000E+00    1.000000E+00   -1.872393E-16 
    37   -4.629630E-01    1.000000E+00    1.000000E+00   -5.608725E-16 
    38   -4.619620E-01    1.000000E+00    1.000000E+00   -1.137806E-15 
    39   -4.609610E-01    1.000000E+00    1.000000E+00   -7.967179E-16 
    40   -4.599600E-01    1.000000E+00    1.000000E+00   -4.640829E-16 
    41   -4.589590E-01    1.000000E+00    1.000000E+00   -3.296764E-17 
    42   -4.579580E-01    1.000000E+00    1.000000E+00    1.868166E-16 
    43   -4.569570E-01    1.000000E+00    1.000000E+00    3.829318E-16 
    44   -4.559560E-01    1.000000E+00    1.000000E+00    2.037231E-16 
    45   -4.549550E-01    1.000000E+00    1.000000E+00    4.142088E-17 
    46   -4.539540E-01    1.000000E+00    1.000000E+00    9.298565E-17 
    47   -4.529530E-01    1.000000E+00    1.000000E+00   -2.958634E-17 
    48   -4.519520E-01    1.000000E+00    1.000000E+00    1.665288E-16 
    49   -4.509510E-01    1.000000E+00    1.000000E+00   -1.267986E-17 
    50   -4.499499E-01    1.000000E+00    1.000000E+00   -6.678060E-17 
    51   -4.489489E-01    1.000000E+00    1.000000E+00   -1.521583E-17 
    52   -4.479479E-01    1.000000E+00    1.000000E+00   -2.958634E-17 
    53   -4.469469E-01    1.000000E+00    1.000000E+00    5.832736E-17 
    54   -4.459459E-01    1.000000E+00    1.000000E+00   -1.267986E-17 
    55   -4.449449E-01    1.000000E+00    1.000000E+00   -6.678060E-17 
    56   -4.439439E-01    1.000000E+00    1.000000E+00   -1.521583E-17 
    57   -4.429429E-01    1.000000E+00    1.000000E+00   -2.958634E-17 
    58   -4.419419E-01    1.000000E+00    1.000000E+00    5.832736E-17 
    59   -4.409409E-01    1.000000E+00    1.000000E+00   -1.267986E-17 
    60   -4.399399E-01    1.000000E+00    1.000000E+00   -6.678060E-17 
    61   -4.389389E-01    1.000000E+00    1.000000E+00   -1.521583E-17 
    62   -4.379379E-01    1.000000E+00    1.000000E+00   -2.958634E-17 
    63   -4.369369E-01    1.000000E+00    1.000000E+00    5.832736E-17 
    64   -4.359359E-01    1.000000E+00    1.000000E+00   -1.267986E-17 
    65   -4.349349E-01    1.000000E+00    1.000000E+00   -6.678060E-17 
    66   -4.339339E-01    1.000000E+00    1.000000E+00   -1.521583E-17 
    67   -4.329329E-01    1.000000E+00    1.000000E+00   -2.958634E-17 
    68   -4.319319E-01    1.000000E+00    1.000000E+00    5.832736E-17 
    69   -4.309309E-01    1.000000E+00    1.000000E+00   -1.267986E-17 
    70   -4.299299E-01    1.000000E+00    1.000000E+00   -6.678060E-17 
    71   -4.289289E-01    1.000000E+00    1.000000E+00   -1.521583E-17 
    72   -4.279279E-01    1.000000E+00    1.000000E+00   -2.958634E-17 
    73   -4.269269E-01    1.000000E+00    1.000000E+00    5.832736E-17 
    74   -4.259259E-01    1.000000E+00    1.000000E+00   -1.267986E-17 
    75   -4.249249E-01    1.000000E+00    1.000000E+00   -6.762593E-17 
    76   -4.239239E-01    1.000000E+00    1.000000E+00   -1.606116E-17 
    77   -4.229229E-01    1.000000E+00    1.000000E+00   -4.437951E-17 
    78   -4.219219E-01    1.000000E+00    1.000000E+00    4.226620E-17 
    79   -4.209209E-01    1.000000E+00    1.000000E+00   -8.072845E-17 
    80   -4.199199E-01    1.000000E+00    1.000000E+00   -2.007645E-16 
    81   -4.189189E-01    1.000000E+00    1.000000E+00   -1.500450E-16 
    82   -4.179179E-01    1.000000E+00    1.000000E+00   -3.732106E-16 
    83   -4.169169E-01    1.000000E+00    1.000000E+00    1.944245E-17 
    84   -4.159159E-01    1.000000E+00    1.000000E+00    1.973832E-16 
    85   -4.149149E-01    1.000000E+00    1.000000E+00    2.996674E-16 
    86   -4.139139E-01    1.000000E+00    1.000000E+00    6.690740E-16 
    87   -4.129129E-01    1.000000E+00    1.000000E+00    1.177536E-15 
    88   -4.119119E-01    1.000000E+00    1.000000E+00    7.891100E-16 
    89   -4.109109E-01    1.000000E+00    1.000000E+00    1.665288E-16 
    90   -4.099099E-01    1.000000E+00    1.000000E+00   -3.136152E-16 
    91   -4.089089E-01    1.000000E+00    1.000000E+00   -6.855578E-16 
    92   -4.079079E-01    1.000000E+00    1.000000E+00   -1.145837E-15 
    93   -4.069069E-01    1.000000E+00    1.000000E+00   -8.613852E-16 
    94   -4.059059E-01    1.000000E+00    1.000000E+00   -6.179319E-16 
    95   -4.049049E-01    1.000000E+00    1.000000E+00   -4.488671E-16 
    96   -4.039039E-01    1.000000E+00    1.000000E+00   -8.241910E-17 
    97   -4.029029E-01    1.000000E+00    1.000000E+00    5.410074E-16 
    98   -4.019019E-01    1.000000E+00    1.000000E+00    6.610434E-16 
    99   -4.009009E-01    1.000000E+00    1.000000E+00    6.978150E-16 
   100   -3.998999E-01    1.000000E+00    1.000000E+00    1.174578E-15 
   101   -3.988989E-01    1.000000E+00    1.000000E+00    6.496315E-16 
   102   -3.978979E-01    1.000000E+00    1.000000E+00    1.280666E-16 
   103   -3.968969E-01    1.000000E+00    1.000000E+00   -2.590918E-16 
   104   -3.958959E-01    1.000000E+00    1.000000E+00   -6.957017E-16 
   105   -3.948949E-01    1.000000E+00    1.000000E+00   -1.208813E-15 
   106   -3.938939E-01    1.000000E+00    1.000000E+00   -7.426172E-16 
   107   -3.928929E-01    1.000000E+00    1.000000E+00   -3.841998E-16 
   108   -3.918919E-01    1.000000E+00    1.000000E+00   -1.107375E-16 
   109   -3.908909E-01    1.000000E+00    1.000000E+00    1.496224E-16 
   110   -3.898899E-01    1.000000E+00    1.000000E+00    3.093886E-16 
   111   -3.888889E-01    1.000000E+00    1.000000E+00    1.868166E-16 
   112   -3.878879E-01    1.000000E+00    1.000000E+00    1.665288E-16 
   113   -3.868869E-01    1.000000E+00    1.000000E+00    9.552162E-17 
   114   -3.858859E-01    1.000000E+00    1.000000E+00   -6.678060E-17 
   115   -3.848849E-01    1.000000E+00    1.000000E+00   -1.521583E-17 
   116   -3.838839E-01    1.000000E+00    1.000000E+00   -2.958634E-17 
   117   -3.828829E-01    1.000000E+00    1.000000E+00    5.832736E-17 
   118   -3.818819E-01    1.000000E+00    1.000000E+00   -1.267986E-17 
   119   -3.808809E-01    1.000000E+00    1.000000E+00   -6.678060E-17 
   120   -3.798799E-01    1.000000E+00    1.000000E+00   -1.521583E-17 
   121   -3.788789E-01    1.000000E+00    1.000000E+00   -2.958634E-17 
   122   -3.778779E-01    1.000000E+00    1.000000E+00    5.832736E-17 
   123   -3.768769E-01    1.000000E+00    1.000000E+00   -1.267986E-17 
   124   -3.758759E-01    1.000000E+00    1.000000E+00   -6.762593E-17 
   125   -3.748749E-01    1.000000E+00    1.000000E+00   -1.606116E-17 
   126   -3.738739E-01    1.000000E+00    1.000000E+00   -4.437951E-17 
   127   -3.728729E-01    1.000000E+00    1.000000E+00    4.226620E-17 
   128   -3.718719E-01    1.000000E+00    1.000000E+00   -8.072845E-17 
   129   -3.708709E-01    1.000000E+00    1.000000E+00   -2.007645E-16 
   130   -3.698699E-01    1.000000E+00    1.000000E+00   -1.500450E-16 
   131   -3.688689E-01    1.000000E+00    1.000000E+00   -3.732106E-16 
   132   -3.678679E-01    1.000000E+00    1.000000E+00    1.944245E-17 
   133   -3.668669E-01    1.000000E+00    1.000000E+00    1.973832E-16 
   134   -3.658659E-01    1.000000E+00    1.000000E+00    2.996674E-16 
   135   -3.648649E-01    1.000000E+00    1.000000E+00    6.690740E-16 
   136   -3.638639E-01    1.000000E+00    1.000000E+00    1.177536E-15 
   137   -3.628629E-01    1.000000E+00    1.000000E+00    7.899553E-16 
   138   -3.618619E-01    1.000000E+00    1.000000E+00    1.728688E-16 
   139   -3.608609E-01    1.000000E+00    1.000000E+00   -2.937501E-16 
   140   -3.598599E-01    1.000000E+00    1.000000E+00   -6.432916E-16 
   141   -3.588589E-01    1.000000E+00    1.000000E+00   -1.081169E-15 
   142   -3.578579E-01    1.000000E+00    1.000000E+00   -7.223294E-16 
   143   -3.568569E-01    1.000000E+00    1.000000E+00   -3.964570E-16 
   144   -3.558559E-01    1.000000E+00    1.000000E+00   -1.073562E-16 
   145   -3.548549E-01    1.000000E+00    1.000000E+00    3.888491E-17 
   146   -3.538539E-01    1.000000E+00    1.000000E+00    3.085433E-16 
   147   -3.528529E-01    1.000000E+00    1.000000E+00    2.814929E-16 
   148   -3.518519E-01    1.000000E+00    1.000000E+00    1.022842E-16 
   149   -3.508509E-01    1.000000E+00    1.000000E+00    1.665288E-16 
   150   -3.498498E-01    1.000000E+00    1.000000E+00    4.311153E-17 
   151   -3.488488E-01    1.000000E+00    1.000000E+00    9.214032E-17 
   152   -3.478478E-01    1.000000E+00    1.000000E+00    6.508995E-17 
   153   -3.468468E-01    1.000000E+00    1.000000E+00   -1.141187E-16 
   154   -3.458458E-01    1.000000E+00    1.000000E+00    5.832736E-17 
   155   -3.448448E-01    1.000000E+00    1.000000E+00    4.311153E-17 
   156   -3.438438E-01    1.000000E+00    1.000000E+00   -1.606116E-17 
   157   -3.428428E-01    1.000000E+00    1.000000E+00    6.508995E-17 
   158   -3.418418E-01    1.000000E+00    1.000000E+00   -1.141187E-16 
   159   -3.408408E-01    1.000000E+00    1.000000E+00    5.832736E-17 
   160   -3.398398E-01    1.000000E+00    1.000000E+00    4.311153E-17 
   161   -3.388388E-01    1.000000E+00    1.000000E+00   -1.606116E-17 
   162   -3.378378E-01    1.000000E+00    1.000000E+00    6.508995E-17 
   163   -3.368368E-01    1.000000E+00    1.000000E+00   -1.141187E-16 
   164   -3.358358E-01    1.000000E+00    1.000000E+00    5.832736E-17 
   165   -3.348348E-01    1.000000E+00    1.000000E+00    4.311153E-17 
   166   -3.338338E-01    1.000000E+00    1.000000E+00   -1.606116E-17 
   167   -3.328328E-01    1.000000E+00    1.000000E+00    6.508995E-17 
   168   -3.318318E-01    1.000000E+00    1.000000E+00   -1.191907E-16 
   169   -3.308308E-01    1.000000E+00    1.000000E+00    3.634893E-17 
   170   -3.298298E-01    1.000000E+00    1.000000E+00    1.352519E-17 
   171   -3.288288E-01    1.000000E+00    1.000000E+00   -8.749104E-17 
   172   -3.278278E-01    1.000000E+00    1.000000E+00   -5.959535E-17 
   173   -3.268268E-01    1.000000E+00    1.000000E+00   -3.309444E-16 
   174   -3.258258E-01    1.000000E+00    1.000000E+00   -3.262951E-16 
   175   -3.248248E-01    1.000000E+00    1.000000E+00   -1.834353E-16 
   176   -3.238238E-01    1.000000E+00    1.000000E+00    1.082015E-16 
   177   -3.228228E-01    1.000000E+00    1.000000E+00    3.364390E-16 
   178   -3.218218E-01    1.000000E+00    1.000000E+00    5.896135E-16 
   179   -3.208208E-01    1.000000E+00    1.000000E+00    1.174578E-15 
   180   -3.198198E-01    1.000000E+00    1.000000E+00    6.496315E-16 
   181   -3.188188E-01    1.000000E+00    1.000000E+00    1.280666E-16 
   182   -3.178178E-01    1.000000E+00    1.000000E+00   -2.590918E-16 
   183   -3.168168E-01    1.000000E+00    1.000000E+00   -6.957017E-16 
   184   -3.158158E-01    1.000000E+00    1.000000E+00   -1.208813E-15 
   185   -3.148148E-01    1.000000E+00    1.000000E+00   -7.426172E-16 
   186   -3.138138E-01    1.000000E+00    1.000000E+00   -3.841998E-16 
   187   -3.128128E-01    1.000000E+00    1.000000E+00   -1.107375E-16 
   188   -3.118118E-01    1.000000E+00    1.000000E+00    1.487770E-16 
   189   -3.108108E-01    1.000000E+00    1.000000E+00    3.085433E-16 
   190   -3.098098E-01    1.000000E+00    1.000000E+00    1.720234E-16 
   191   -3.088088E-01    1.000000E+00    1.000000E+00    1.504677E-16 
   192   -3.078078E-01    1.000000E+00    1.000000E+00    2.747303E-17 
   193   -3.068068E-01    1.000000E+00    1.000000E+00   -2.007645E-16 
   194   -3.058058E-01    1.000000E+00    1.000000E+00   -1.500450E-16 
   195   -3.048048E-01    1.000000E+00    1.000000E+00   -3.732106E-16 
   196   -3.038038E-01    1.000000E+00    1.000000E+00    1.944245E-17 
   197   -3.028028E-01    1.000000E+00    1.000000E+00    1.973832E-16 
   198   -3.018018E-01    1.000000E+00    1.000000E+00    2.996674E-16 
   199   -3.008008E-01    1.000000E+00    1.000000E+00    6.690740E-16 
   200   -2.997998E-01    1.000000E+00    1.000000E+00    1.177536E-15 
   201   -2.987988E-01    1.000000E+00    1.000000E+00    7.899553E-16 
   202   -2.977978E-01    1.000000E+00    1.000000E+00    1.728688E-16 
   203   -2.967968E-01    1.000000E+00    1.000000E+00   -2.937501E-16 
   204   -2.957958E-01    1.000000E+00    1.000000E+00   -6.432916E-16 
   205   -2.947948E-01    1.000000E+00    1.000000E+00   -1.081169E-15 
   206   -2.937938E-01    1.000000E+00    1.000000E+00   -7.223294E-16 
   207   -2.927928E-01    1.000000E+00    1.000000E+00   -3.964570E-16 
   208   -2.917918E-01    1.000000E+00    1.000000E+00   -1.073562E-16 
   209   -2.907908E-01    1.000000E+00    1.000000E+00    3.888491E-17 
   210   -2.897898E-01    1.000000E+00    1.000000E+00    3.085433E-16 
   211   -2.887888E-01    1.000000E+00    1.000000E+00    2.814929E-16 
   212   -2.877878E-01    1.000000E+00    1.000000E+00    1.022842E-16 
   213   -2.867868E-01    1.000000E+00    1.000000E+00    1.665288E-16 
   214   -2.857858E-01    1.000000E+00    1.000000E+00    4.311153E-17 
   215   -2.847848E-01    1.000000E+00    1.000000E+00    9.214032E-17 
   216   -2.837838E-01    1.000000E+00    1.000000E+00    6.508995E-17 
   217   -2.827828E-01    1.000000E+00    1.000000E+00   -1.141187E-16 
   218   -2.817818E-01    1.000000E+00    1.000000E+00    5.832736E-17 
   219   -2.807808E-01    1.000000E+00    1.000000E+00    4.311153E-17 
   220   -2.797798E-01    1.000000E+00    1.000000E+00   -1.606116E-17 
   221   -2.787788E-01    1.000000E+00    1.000000E+00    6.508995E-17 
   222   -2.777778E-01    1.000000E+00    1.000000E+00   -1.141187E-16 
   223   -2.767768E-01    1.000000E+00    1.000000E+00    5.832736E-17 
   224   -2.757758E-01    1.000000E+00    1.000000E+00    4.311153E-17 
   225   -2.747748E-01    1.000000E+00    1.000000E+00   -1.606116E-17 
   226   -2.737738E-01    1.000000E+00    1.000000E+00    6.508995E-17 
   227   -2.727728E-01    1.000000E+00    1.000000E+00   -1.141187E-16 
   228   -2.717718E-01    1.000000E+00    1.000000E+00    5.832736E-17 
   229   -2.707708E-01    1.000000E+00    1.000000E+00    4.311153E-17 
   230   -2.697698E-01    1.000000E+00    1.000000E+00   -1.606116E-17 
   231   -2.687688E-01    1.000000E+00    1.000000E+00    6.508995E-17 
   232   -2.677678E-01    1.000000E+00    1.000000E+00   -1.191907E-16 
   233   -2.667668E-01    1.000000E+00    1.000000E+00    3.634893E-17 
   234   -2.657658E-01    1.000000E+00    1.000000E+00    1.352519E-17 
   235   -2.647648E-01    1.000000E+00    1.000000E+00   -8.749104E-17 
   236   -2.637638E-01    1.000000E+00    1.000000E+00   -5.959535E-17 
   237   -2.627628E-01    1.000000E+00    1.000000E+00   -3.309444E-16 
   238   -2.617618E-01    1.000000E+00    1.000000E+00   -3.262951E-16 
   239   -2.607608E-01    1.000000E+00    1.000000E+00   -1.834353E-16 
   240   -2.597598E-01    1.000000E+00    1.000000E+00    1.082015E-16 
   241   -2.587588E-01    1.000000E+00    1.000000E+00    3.364390E-16 
   242   -2.577578E-01    1.000000E+00    1.000000E+00    5.896135E-16 
   243   -2.567568E-01    1.000000E+00    1.000000E+00    1.174578E-15 
   244   -2.557558E-01    1.000000E+00    1.000000E+00    6.496315E-16 
   245   -2.547548E-01    1.000000E+00    1.000000E+00    1.280666E-16 
   246   -2.537538E-01    1.000000E+00    1.000000E+00   -2.590918E-16 
   247   -2.527528E-01    1.000000E+00    1.000000E+00   -6.957017E-16 
   248   -2.517518E-01    1.000000E+00    1.000000E+00   -1.208813E-15 
   249   -2.507508E-01    1.000000E+00    1.000000E+00   -7.426172E-16 
   250   -2.497497E-01    1.000000E+00    1.000000E+00   -3.841998E-16 
   251   -2.487487E-01    1.000000E+00    1.000000E+00   -1.107375E-16 
   252   -2.477477E-01    1.000000E+00    1.000000E+00    1.496224E-16 
   253   -2.467467E-01    1.000000E+00    1.000000E+00    3.093886E-16 
   254   -2.457457E-01    1.000000E+00    1.000000E+00    1.868166E-16 
   255   -2.447447E-01    1.000000E+00    1.000000E+00    1.665288E-16 
   256   -2.437437E-01    1.000000E+00    1.000000E+00    9.552162E-17 
   257   -2.427427E-01    1.000000E+00    1.000000E+00   -6.678060E-17 
   258   -2.417417E-01    1.000000E+00    1.000000E+00   -1.521583E-17 
   259   -2.407407E-01    1.000000E+00    1.000000E+00   -2.958634E-17 
   260   -2.397397E-01    1.000000E+00    1.000000E+00    5.832736E-17 
   261   -2.387387E-01    1.000000E+00    1.000000E+00   -1.732914E-17 
   262   -2.377377E-01    1.000000E+00    1.000000E+00   -8.157377E-17 
   263   -2.367367E-01    1.000000E+00    1.000000E+00   -3.381296E-17 
   264   -2.357357E-01    1.000000E+00    1.000000E+00   -1.010162E-16 
   265   -2.347347E-01    1.000000E+00    1.000000E+00   -3.846224E-17 
   266   -2.337337E-01    1.000000E+00    1.000000E+00   -2.590918E-16 
   267   -2.327327E-01    1.000000E+00    1.000000E+00   -3.677160E-16 
   268   -2.317317E-01    1.000000E+00    1.000000E+00   -1.158094E-16 
   269   -2.307307E-01    1.000000E+00    1.000000E+00    1.229947E-16 
   270   -2.297297E-01    1.000000E+00    1.000000E+00    5.000092E-16 
   271   -2.287287E-01    1.000000E+00    1.000000E+00    4.987412E-16 
   272   -2.277277E-01    1.000000E+00    1.000000E+00    1.071871E-15 
   273   -2.267267E-01    1.000000E+00    1.000000E+00    6.073653E-16 
   274   -2.257257E-01    1.000000E+00    1.000000E+00    1.052428E-16 
   275   -2.247247E-01    1.000000E+00    1.000000E+00   -1.872393E-16 
   276   -2.237237E-01    1.000000E+00    1.000000E+00   -5.608725E-16 
   277   -2.227227E-01    1.000000E+00    1.000000E+00   -1.137806E-15 
   278   -2.217217E-01    1.000000E+00    1.000000E+00   -7.967179E-16 
   279   -2.207207E-01    1.000000E+00    1.000000E+00   -4.640829E-16 
   280   -2.197197E-01    1.000000E+00    1.000000E+00   -3.296764E-17 
   281   -2.187187E-01    1.000000E+00    1.000000E+00    1.868166E-16 
   282   -2.177177E-01    1.000000E+00    1.000000E+00    3.829318E-16 
   283   -2.167167E-01    1.000000E+00    1.000000E+00    2.037231E-16 
   284   -2.157157E-01    1.000000E+00    1.000000E+00    4.142088E-17 
   285   -2.147147E-01    1.000000E+00    1.000000E+00    9.298565E-17 
   286   -2.137137E-01    1.000000E+00    1.000000E+00   -2.958634E-17 
   287   -2.127127E-01    1.000000E+00    1.000000E+00    1.665288E-16 
   288   -2.117117E-01    1.000000E+00    1.000000E+00   -1.732914E-17 
   289   -2.107107E-01    1.000000E+00    1.000000E+00   -8.157377E-17 
   290   -2.097097E-01    1.000000E+00    1.000000E+00   -3.381296E-17 
   291   -2.087087E-01    1.000000E+00    1.000000E+00   -1.010162E-16 
   292   -2.077077E-01    1.000000E+00    1.000000E+00   -3.846224E-17 
   293   -2.067067E-01    1.000000E+00    1.000000E+00   -2.590918E-16 
   294   -2.057057E-01    1.000000E+00    1.000000E+00   -3.677160E-16 
   295   -2.047047E-01    1.000000E+00    1.000000E+00   -1.158094E-16 
   296   -2.037037E-01    1.000000E+00    1.000000E+00    1.229947E-16 
   297   -2.027027E-01    1.000000E+00    1.000000E+00    5.000092E-16 
   298   -2.017017E-01    1.000000E+00    1.000000E+00    4.987412E-16 
   299   -2.007007E-01    1.000000E+00    1.000000E+00    1.071871E-15 
   300   -1.996997E-01    1.000000E+00    1.000000E+00    6.073653E-16 
   301   -1.986987E-01    1.000000E+00    1.000000E+00    1.052428E-16 
   302   -1.976977E-01    1.000000E+00    1.000000E+00   -1.872393E-16 
   303   -1.966967E-01    1.000000E+00    1.000000E+00   -5.608725E-16 
   304   -1.956957E-01    1.000000E+00    1.000000E+00   -1.137806E-15 
   305   -1.946947E-01    1.000000E+00    1.000000E+00   -7.967179E-16 
   306   -1.936937E-01    1.000000E+00    1.000000E+00   -4.640829E-16 
   307   -1.926927E-01    1.000000E+00    1.000000E+00   -3.296764E-17 
   308   -1.916917E-01    1.000000E+00    1.000000E+00    1.868166E-16 
   309   -1.906907E-01    1.000000E+00    1.000000E+00    3.829318E-16 
   310   -1.896897E-01    1.000000E+00    1.000000E+00    2.037231E-16 
   311   -1.886887E-01    1.000000E+00    1.000000E+00    4.142088E-17 
   312   -1.876877E-01    1.000000E+00    1.000000E+00    9.298565E-17 
   313   -1.866867E-01    1.000000E+00    1.000000E+00   -2.958634E-17 
   314   -1.856857E-01    1.000000E+00    1.000000E+00    1.665288E-16 
   315   -1.846847E-01    1.000000E+00    1.000000E+00   -1.267986E-17 
   316   -1.836837E-01    1.000000E+00    1.000000E+00   -6.678060E-17 
   317   -1.826827E-01    1.000000E+00    1.000000E+00   -1.521583E-17 
   318   -1.816817E-01    1.000000E+00    1.000000E+00   -2.958634E-17 
   319   -1.806807E-01    1.000000E+00    1.000000E+00    5.832736E-17 
   320   -1.796797E-01    1.000000E+00    1.000000E+00   -1.267986E-17 
   321   -1.786787E-01    1.000000E+00    1.000000E+00   -6.678060E-17 
   322   -1.776777E-01    1.000000E+00    1.000000E+00   -1.521583E-17 
   323   -1.766767E-01    1.000000E+00    1.000000E+00   -2.958634E-17 
   324   -1.756757E-01    1.000000E+00    1.000000E+00    5.832736E-17 
   325   -1.746747E-01    1.000000E+00    1.000000E+00   -1.732914E-17 
   326   -1.736737E-01    1.000000E+00    1.000000E+00   -8.157377E-17 
   327   -1.726727E-01    1.000000E+00    1.000000E+00   -3.381296E-17 
   328   -1.716717E-01    1.000000E+00    1.000000E+00   -1.010162E-16 
   329   -1.706707E-01    1.000000E+00    1.000000E+00   -3.846224E-17 
   330   -1.696697E-01    1.000000E+00    1.000000E+00   -2.590918E-16 
   331   -1.686687E-01    1.000000E+00    1.000000E+00   -3.677160E-16 
   332   -1.676677E-01    1.000000E+00    1.000000E+00   -1.158094E-16 
   333   -1.666667E-01    1.000000E+00    1.000000E+00    1.229947E-16 
   334   -1.656657E-01    1.000000E+00    1.000000E+00    5.000092E-16 
   335   -1.646647E-01    1.000000E+00    1.000000E+00    4.987412E-16 
   336   -1.636637E-01    1.000000E+00    1.000000E+00    1.071871E-15 
   337   -1.626627E-01    1.000000E+00    1.000000E+00    6.073653E-16 
   338   -1.616617E-01    1.000000E+00    1.000000E+00    1.052428E-16 
   339   -1.606607E-01    1.000000E+00    1.000000E+00   -1.872393E-16 
   340   -1.596597E-01    1.000000E+00    1.000000E+00   -5.608725E-16 
   341   -1.586587E-01    1.000000E+00    1.000000E+00   -1.137806E-15 
   342   -1.576577E-01    1.000000E+00    1.000000E+00   -7.967179E-16 
   343   -1.566567E-01    1.000000E+00    1.000000E+00   -4.640829E-16 
   344   -1.556557E-01    1.000000E+00    1.000000E+00   -3.296764E-17 
   345   -1.546547E-01    1.000000E+00    1.000000E+00    1.868166E-16 
   346   -1.536537E-01    1.000000E+00    1.000000E+00    3.829318E-16 
   347   -1.526527E-01    1.000000E+00    1.000000E+00    2.037231E-16 
   348   -1.516517E-01    1.000000E+00    1.000000E+00    4.142088E-17 
   349   -1.506507E-01    1.000000E+00    1.000000E+00    9.298565E-17 
   350   -1.496496E-01    1.000000E+00    1.000000E+00   -2.958634E-17 
   351   -1.486486E-01    1.000000E+00    1.000000E+00    1.665288E-16 
   352   -1.476476E-01    1.000000E+00    1.000000E+00   -1.732914E-17 
   353   -1.466466E-01    1.000000E+00    1.000000E+00   -8.157377E-17 
   354   -1.456456E-01    1.000000E+00    1.000000E+00   -3.381296E-17 
   355   -1.446446E-01    1.000000E+00    1.000000E+00   -1.010162E-16 
   356   -1.436436E-01    1.000000E+00    1.000000E+00   -3.846224E-17 
   357   -1.426426E-01    1.000000E+00    1.000000E+00   -2.590918E-16 
   358   -1.416416E-01    1.000000E+00    1.000000E+00   -3.677160E-16 
   359   -1.406406E-01    1.000000E+00    1.000000E+00   -1.158094E-16 
   360   -1.396396E-01    1.000000E+00    1.000000E+00    1.229947E-16 
   361   -1.386386E-01    1.000000E+00    1.000000E+00    5.000092E-16 
   362   -1.376376E-01    1.000000E+00    1.000000E+00    4.987412E-16 
   363   -1.366366E-01    1.000000E+00    1.000000E+00    1.071871E-15 
   364   -1.356356E-01    1.000000E+00    1.000000E+00    6.073653E-16 
   365   -1.346346E-01    1.000000E+00    1.000000E+00    1.052428E-16 
   366   -1.336336E-01    1.000000E+00    1.000000E+00   -1.872393E-16 
   367   -1.326326E-01    1.000000E+00    1.000000E+00   -5.608725E-16 
   368   -1.316316E-01    1.000000E+00    1.000000E+00   -1.137806E-15 
   369   -1.306306E-01    1.000000E+00    1.000000E+00   -7.967179E-16 
   370   -1.296296E-01    1.000000E+00    1.000000E+00   -4.640829E-16 
   371   -1.286286E-01    1.000000E+00    1.000000E+00   -3.296764E-17 
   372   -1.276276E-01    1.000000E+00    1.000000E+00    1.868166E-16 
   373   -1.266266E-01    1.000000E+00    1.000000E+00    3.829318E-16 
   374   -1.256256E-01    1.000000E+00    1.000000E+00    2.037231E-16 
   375   -1.246246E-01    1.000000E+00    1.000000E+00    4.142088E-17 
   376   -1.236236E-01    1.000000E+00    1.000000E+00    9.298565E-17 
   377   -1.226226E-01    1.000000E+00    1.000000E+00   -2.958634E-17 
   378   -1.216216E-01    1.000000E+00    1.000000E+00    1.665288E-16 
   379   -1.206206E-01    1.000000E+00    1.000000E+00   -1.267986E-17 
   380   -1.196196E-01    1.000000E+00    1.000000E+00   -6.678060E-17 
   381   -1.186186E-01    1.000000E+00    1.000000E+00   -1.521583E-17 
   382   -1.176176E-01    1.000000E+00    1.000000E+00   -2.958634E-17 
   383   -1.166166E-01    1.000000E+00    1.000000E+00    5.832736E-17 
   384   -1.156156E-01    1.000000E+00    1.000000E+00   -1.267986E-17 
   385   -1.146146E-01    1.000000E+00    1.000000E+00   -6.678060E-17 
   386   -1.136136E-01    1.000000E+00    1.000000E+00   -1.521583E-17 
   387   -1.126126E-01    1.000000E+00    1.000000E+00   -2.958634E-17 
   388   -1.116116E-01    1.000000E+00    1.000000E+00    5.832736E-17 
   389   -1.106106E-01    1.000000E+00    1.000000E+00   -1.732914E-17 
   390   -1.096096E-01    1.000000E+00    1.000000E+00   -8.157377E-17 
   391   -1.086086E-01    1.000000E+00    1.000000E+00   -3.381296E-17 
   392   -1.076076E-01    1.000000E+00    1.000000E+00   -1.010162E-16 
   393   -1.066066E-01    1.000000E+00    1.000000E+00   -3.846224E-17 
   394   -1.056056E-01    1.000000E+00    1.000000E+00   -2.590918E-16 
   395   -1.046046E-01    1.000000E+00    1.000000E+00   -3.677160E-16 
   396   -1.036036E-01    1.000000E+00    1.000000E+00   -1.158094E-16 
   397   -1.026026E-01    1.000000E+00    1.000000E+00    1.229947E-16 
   398   -1.016016E-01    1.000000E+00    1.000000E+00    5.000092E-16 
   399   -1.006006E-01    1.000000E+00    1.000000E+00    4.987412E-16 
   400   -9.959960E-02    1.000000E+00    1.000000E+00    1.071871E-15 
   401   -9.859860E-02    1.000000E+00    1.000000E+00    6.073653E-16 
   402   -9.759760E-02    1.000000E+00    1.000000E+00    1.052428E-16 
   403   -9.659660E-02    1.000000E+00    1.000000E+00   -1.872393E-16 
   404   -9.559560E-02    1.000000E+00    1.000000E+00   -5.608725E-16 
   405   -9.459459E-02    1.000000E+00    1.000000E+00   -1.137806E-15 
   406   -9.359359E-02    1.000000E+00    1.000000E+00   -7.967179E-16 
   407   -9.259259E-02    1.000000E+00    1.000000E+00   -4.640829E-16 
   408   -9.159159E-02    1.000000E+00    1.000000E+00   -3.296764E-17 
   409   -9.059059E-02    1.000000E+00    1.000000E+00    1.868166E-16 
   410   -8.958959E-02    1.000000E+00    1.000000E+00    3.829318E-16 
   411   -8.858859E-02    1.000000E+00    1.000000E+00    2.037231E-16 
   412   -8.758759E-02    1.000000E+00    1.000000E+00    4.142088E-17 
   413   -8.658659E-02    1.000000E+00    1.000000E+00    9.298565E-17 
   414   -8.558559E-02    1.000000E+00    1.000000E+00   -2.958634E-17 
   415   -8.458458E-02    1.000000E+00    1.000000E+00    1.665288E-16 
   416   -8.358358E-02    1.000000E+00    1.000000E+00   -1.732914E-17 
   417   -8.258258E-02    1.000000E+00    1.000000E+00   -8.157377E-17 
   418   -8.158158E-02    1.000000E+00    1.000000E+00   -3.381296E-17 
   419   -8.058058E-02    1.000000E+00    1.000000E+00   -1.010162E-16 
   420   -7.957958E-02    1.000000E+00    1.000000E+00   -3.846224E-17 
   421   -7.857858E-02    1.000000E+00    1.000000E+00   -2.590918E-16 
   422   -7.757758E-02    1.000000E+00    1.000000E+00   -3.677160E-16 
   423   -7.657658E-02    1.000000E+00    1.000000E+00   -1.158094E-16 
   424   -7.557558E-02    1.000000E+00    1.000000E+00    1.229947E-16 
   425   -7.457457E-02    1.000000E+00    1.000000E+00    5.000092E-16 
   426   -7.357357E-02    1.000000E+00    1.000000E+00    4.987412E-16 
   427   -7.257257E-02    1.000000E+00    1.000000E+00    1.071871E-15 
   428   -7.157157E-02    1.000000E+00    1.000000E+00    6.073653E-16 
   429   -7.057057E-02    1.000000E+00    1.000000E+00    1.052428E-16 
   430   -6.956957E-02    1.000000E+00    1.000000E+00   -1.872393E-16 
   431   -6.856857E-02    1.000000E+00    1.000000E+00   -5.608725E-16 
   432   -6.756757E-02    1.000000E+00    1.000000E+00   -1.137806E-15 
   433   -6.656657E-02    1.000000E+00    1.000000E+00   -7.967179E-16 
   434   -6.556557E-02    1.000000E+00    1.000000E+00   -4.640829E-16 
   435   -6.456456E-02    1.000000E+00    1.000000E+00   -3.296764E-17 
   436   -6.356356E-02    1.000000E+00    1.000000E+00    1.868166E-16 
   437   -6.256256E-02    1.000000E+00    1.000000E+00    3.829318E-16 
   438   -6.156156E-02    1.000000E+00    1.000000E+00    2.037231E-16 
   439   -6.056056E-02    1.000000E+00    1.000000E+00    4.142088E-17 
   440   -5.955956E-02    1.000000E+00    1.000000E+00    9.298565E-17 
   441   -5.855856E-02    1.000000E+00    1.000000E+00   -2.958634E-17 
   442   -5.755756E-02    1.000000E+00    1.000000E+00    1.665288E-16 
   443   -5.655656E-02    1.000000E+00    1.000000E+00   -1.267986E-17 
   444   -5.555556E-02    1.000000E+00    1.000000E+00   -6.678060E-17 
   445   -5.455455E-02    1.000000E+00    1.000000E+00   -1.521583E-17 
   446   -5.355355E-02    1.000000E+00    1.000000E+00   -2.958634E-17 
   447   -5.255255E-02    1.000000E+00    1.000000E+00    5.832736E-17 
   448   -5.155155E-02    1.000000E+00    1.000000E+00   -1.267986E-17 
   449   -5.055055E-02    1.000000E+00    1.000000E+00   -6.678060E-17 
   450   -4.954955E-02    1.000000E+00    1.000000E+00   -1.521583E-17 
   451   -4.854855E-02    1.000000E+00    1.000000E+00   -2.958634E-17 
   452   -4.754755E-02    1.000000E+00    1.000000E+00    5.832736E-17 
   453   -4.654655E-02    1.000000E+00    1.000000E+00   -1.732914E-17 
   454   -4.554555E-02    1.000000E+00    1.000000E+00   -8.157377E-17 
   455   -4.454454E-02    1.000000E+00    1.000000E+00   -3.381296E-17 
   456   -4.354354E-02    1.000000E+00    1.000000E+00   -1.010162E-16 
   457   -4.254254E-02    1.000000E+00    1.000000E+00   -3.846224E-17 
   458   -4.154154E-02    1.000000E+00    1.000000E+00   -2.590918E-16 
   459   -4.054054E-02    1.000000E+00    1.000000E+00   -3.677160E-16 
   460   -3.953954E-02    1.000000E+00    1.000000E+00   -1.158094E-16 
   461   -3.853854E-02    1.000000E+00    1.000000E+00    1.229947E-16 
   462   -3.753754E-02    1.000000E+00    1.000000E+00    5.000092E-16 
   463   -3.653654E-02    1.000000E+00    1.000000E+00    4.987412E-16 
   464   -3.553554E-02    1.000000E+00    1.000000E+00    1.071871E-15 
   465   -3.453453E-02    1.000000E+00    1.000000E+00    6.073653E-16 
   466   -3.353353E-02    1.000000E+00    1.000000E+00    1.052428E-16 
   467   -3.253253E-02    1.000000E+00    1.000000E+00   -1.872393E-16 
   468   -3.153153E-02    1.000000E+00    1.000000E+00   -5.608725E-16 
   469   -3.053053E-02    1.000000E+00    1.000000E+00   -1.137806E-15 
   470   -2.952953E-02    1.000000E+00    1.000000E+00   -7.967179E-16 
   471   -2.852853E-02    1.000000E+00    1.000000E+00   -4.640829E-16 
   472   -2.752753E-02    1.000000E+00    1.000000E+00   -3.296764E-17 
   473   -2.652653E-02    1.000000E+00    1.000000E+00    1.868166E-16 
   474   -2.552553E-02    1.000000E+00    1.000000E+00    3.829318E-16 
   475   -2.452452E-02    1.000000E+00    1.000000E+00    2.037231E-16 
   476   -2.352352E-02    1.000000E+00    1.000000E+00    4.142088E-17 
   477   -2.252252E-02    1.000001E+00    1.000002E+00    9.298565E-17 
   478   -2.152152E-02    1.000005E+00    1.000007E+00   -2.958634E-17 
   479   -2.052052E-02    1.000016E+00    1.000023E+00    1.665288E-16 
   480   -1.951952E-02    1.000045E+00    1.000063E+00   -1.732914E-17 
   481   -1.851852E-02    1.000114E+00    1.000160E+00   -8.157377E-17 
   482   -1.751752E-02    1.000263E+00    1.000367E+00   -6.086937E-07 
   483   -1.651652E-02    1.000546E+00    1.000763E+00   -7.926197E-06 
   484   -1.551556E-02    1.001018E+00    1.001423E+00   -4.958921E-05 
   485   -1.451469E-02    1.001697E+00    1.002372E+00   -2.104696E-04 
   486   -1.351411E-02    1.002498E+00    1.003495E+00   -7.000381E-04 
   487   -1.251418E-02    1.003165E+00    1.004424E+00   -1.967944E-03 
   488   -1.151564E-02    1.003226E+00    1.004466E+00   -4.877443E-03 
   489   -1.051977E-02    1.002015E+00    1.002601E+00   -1.094752E-02 
   490   -9.528717E-03    9.987752E-01    9.975566E-01   -2.270351E-02 
   491   -8.541222E-03    9.928369E-01    9.884202E-01   -3.866891E-02 
   492   -7.551667E-03    9.834809E-01    9.747853E-01   -5.219763E-02 
   493   -6.553039E-03    9.694226E-01    9.561050E-01   -5.500240E-02 
   494   -5.535673E-03    9.486873E-01    9.315902E-01   -3.565855E-02 
   495   -4.484860E-03    9.181852E-01    8.995841E-01    2.322043E-02 
   496   -3.395897E-03    8.734036E-01    8.553390E-01    1.271940E-01 
   497   -2.276615E-03    8.102976E-01    7.931142E-01    2.670059E-01 
   498   -1.133577E-03    7.285983E-01    7.112998E-01    4.348983E-01 
   499    2.459528E-05    6.327888E-01    6.139851E-01    6.206804E-01 
   500    7.799864E-04    5.672827E-01    4.068706E-01    3.303615E-01 
   501    1.786186E-03    4.834012E-01    3.489821E-01    3.365065E-01 
   502    2.761427E-03    4.120246E-01    2.996573E-01    3.060575E-01 
   503    3.706707E-03    3.560348E-01    2.606208E-01    2.401934E-01 
   504    4.627281E-03    3.153752E-01    2.314748E-01    1.451254E-01 
   505    5.548834E-03    2.877696E-01    2.107061E-01    5.121584E-02 
   506    6.496280E-03    2.704067E-01    1.969750E-01   -1.208804E-02 
   507    7.471975E-03    2.603133E-01    1.885994E-01   -4.200070E-02 
   508    8.470363E-03    2.549531E-01    1.839552E-01   -4.508947E-02 
   509    9.481530E-03    2.522599E-01    1.815434E-01   -3.307308E-02 
   510    1.049427E-02    2.507955E-01    1.801957E-01   -1.920150E-02 
   511    1.150308E-02    2.499056E-01    1.793632E-01   -9.961709E-03 
   512    1.250868E-02    2.494867E-01    1.789708E-01   -4.535945E-03 
   513    1.351202E-02    2.494000E-01    1.788939E-01   -1.766412E-03 
   514    1.451404E-02    2.494927E-01    1.789894E-01   -5.649911E-04 
   515    1.551540E-02    2.496436E-01    1.791413E-01   -1.382501E-04 
   516    1.651650E-02    2.497822E-01    1.792807E-01   -2.254273E-05 
   517    1.751752E-02    2.498821E-01    1.793813E-01   -1.745549E-06 
   518    1.851852E-02    2.499429E-01    1.794425E-01    8.875903E-18 
   519    1.951952E-02    2.499752E-01    1.794750E-01   -9.425363E-17 
   520    2.052052E-02    2.499903E-01    1.794903E-01    2.535972E-17 
   521    2.152152E-02    2.499967E-01    1.794967E-01   -2.113310E-17 
   522    2.252252E-02    2.499990E-01    1.794990E-01   -4.268887E-17 
   523    2.352352E-02    2.499998E-01    1.794998E-01    8.875903E-18 
   524    2.452452E-02    2.500000E-01    1.795000E-01   -9.425363E-17 
   525    2.552553E-02    2.500000E-01    1.795000E-01    2.535972E-17 
   526    2.652653E-02    2.500000E-01    1.795000E-01   -2.113310E-17 
   527    2.752753E-02    2.500000E-01    1.795000E-01   -4.268887E-17 
   528    2.852853E-02    2.500000E-01    1.795000E-01    8.875903E-18 
   529    2.952953E-02    2.500000E-01    1.795000E-01   -9.425363E-17 
   530    3.053053E-02    2.500000E-01    1.795000E-01    2.535972E-17 
   531    3.153153E-02    2.500000E-01    1.795000E-01   -2.113310E-17 
   532    3.253253E-02    2.500000E-01    1.795000E-01   -4.353419E-17 
   533    3.353353E-02    2.500000E-01    1.795000E-01    3.803958E-18 
   534    3.453453E-02    2.500000E-01    1.795000E-01   -1.077788E-16 
   535    3.553554E-02    2.500000E-01    1.795000E-01   -2.705037E-17 
   536    3.653654E-02    2.500000E-01    1.795000E-01   -1.234173E-16 
   537    3.753754E-02    2.500000E-01    1.795000E-01   -2.218976E-16 
   538    3.853854E-02    2.500000E-01    1.795000E-01   -3.258724E-16 
   539    3.953954E-02    2.500000E-01    1.795000E-01   -5.625632E-16 
   540    4.054054E-02    2.500000E-01    1.795000E-01   -1.868166E-16 
   541    4.154154E-02    2.500000E-01    1.795000E-01    1.124281E-16 
   542    4.254254E-02    2.500000E-01    1.795000E-01    5.460793E-16 
   543    4.354354E-02    2.500000E-01    1.795000E-01    8.854770E-16 
   544    4.454454E-02    2.500000E-01    1.795000E-01    1.677123E-15 
   545    4.554555E-02    2.500000E-01    1.795000E-01    9.023834E-16 
   546    4.654655E-02    2.500000E-01    1.795000E-01    2.730397E-16 
   547    4.754755E-02    2.500000E-01    1.795000E-01   -2.455666E-16 
   548    4.854855E-02    2.500000E-01    1.795000E-01   -9.104140E-16 
   549    4.954955E-02    2.500000E-01    1.795000E-01   -1.685576E-15 
   550    5.055055E-02    2.500000E-01    1.795000E-01   -1.050315E-15 
   551    5.155155E-02    2.500000E-01    1.795000E-01   -5.241009E-16 
   552    5.255255E-02    2.500000E-01    1.795000E-01   -4.818347E-17 
   553    5.355355E-02    2.500000E-01    1.795000E-01    1.838580E-16 
   554    5.455455E-02    2.500000E-01    1.795000E-01    5.122664E-16 
   555    5.555556E-02    2.500000E-01    1.795000E-01    3.034713E-16 
   556    5.655656E-02    2.500000E-01    1.795000E-01    1.737141E-16 
   557    5.755756E-02    2.500000E-01    1.795000E-01    1.170774E-16 
   558    5.855856E-02    2.500000E-01    1.795000E-01    1.394785E-17 
   559    5.955956E-02    2.500000E-01    1.795000E-01    2.535972E-17 
   560    6.056056E-02    2.500000E-01    1.795000E-01   -2.113310E-17 
   561    6.156156E-02    2.500000E-01    1.795000E-01   -4.268887E-17 
   562    6.256256E-02    2.500000E-01    1.795000E-01    8.875903E-18 
   563    6.356356E-02    2.500000E-01    1.795000E-01   -9.425363E-17 
   564    6.456456E-02    2.500000E-01    1.795000E-01    2.535972E-17 
   565    6.556557E-02    2.500000E-01    1.795000E-01   -2.113310E-17 
   566    6.656657E-02    2.500000E-01    1.795000E-01   -4.268887E-17 
   567    6.756757E-02    2.500000E-01    1.795000E-01    8.875903E-18 
   568    6.856857E-02    2.500000E-01    1.795000E-01   -9.425363E-17 
   569    6.956957E-02    2.500000E-01    1.795000E-01    2.535972E-17 
   570    7.057057E-02    2.500000E-01    1.795000E-01   -2.113310E-17 
   571    7.157157E-02    2.500000E-01    1.795000E-01   -4.268887E-17 
   572    7.257257E-02    2.500000E-01    1.795000E-01    8.875903E-18 
   573    7.357357E-02    2.500000E-01    1.795000E-01   -9.425363E-17 
   574    7.457457E-02    2.500000E-01    1.795000E-01    2.535972E-17 
   575    7.557558E-02    2.500000E-01    1.795000E-01   -2.113310E-17 
   576    7.657658E-02    2.500000E-01    1.795000E-01   -4.268887E-17 
   577    7.757758E-02    2.500000E-01    1.795000E-01    8.875903E-18 
   578    7.857858E-02    2.500000E-01    1.795000E-01   -9.425363E-17 
   579    7.957958E-02    2.500000E-01    1.795000E-01    2.535972E-17 
   580    8.058058E-02    2.500000E-01    1.795000E-01   -2.113310E-17 
   581    8.158158E-02    2.500000E-01    1.795000E-01   -4.268887E-17 
   582    8.258258E-02    2.500000E-01    1.795000E-01    8.875903E-18 
   583    8.358358E-02    2.500000E-01    1.795000E-01   -9.425363E-17 
   584    8.458458E-02    2.500000E-01    1.795000E-01    2.535972E-17 
   585    8.558559E-02    2.500000E-01    1.795000E-01   -2.113310E-17 
   586    8.658659E-02    2.500000E-01    1.795000E-01   -4.268887E-17 
   587    8.758759E-02    2.500000E-01    1.795000E-01    8.875903E-18 
   588    8.858859E-02    2.500000E-01    1.795000E-01   -9.425363E-17 
   589    8.958959E-02    2.500000E-01    1.795000E-01    2.535972E-17 
   590    9.059059E-02    2.500000E-01    1.795000E-01   -2.113310E-17 
   591    9.159159E-02    2.500000E-01    1.795000E-01   -4.353419E-17 
   592    9.259259E-02    2.500000E-01    1.795000E-01    3.803958E-18 
   593    9.359359E-02    2.500000E-01    1.795000E-01   -1.077788E-16 
   594    9.459459E-02    2.500000E-01    1.795000E-01   -2.705037E-17 
   595    9.559560E-02    2.500000E-01    1.795000E-01   -1.234173E-16 
   596    9.659660E-02    2.500000E-01    1.795000E-01   -2.218976E-16 
   597    9.759760E-02    2.500000E-01    1.795000E-01   -3.258724E-16 
   598    9.859860E-02    2.500000E-01    1.795000E-01   -5.625632E-16 
   599    9.959960E-02    2.500000E-01    1.795000E-01   -1.868166E-16 
   600    1.006006E-01    2.500000E-01    1.795000E-01    1.124281E-16 
   601    1.016016E-01    2.500000E-01    1.795000E-01    5.460793E-16 
   602    1.026026E-01    2.500000E-01    1.795000E-01    8.854770E-16 
   603    1.036036E-01    2.500000E-01    1.795000E-01    1.677123E-15 
   604    1.046046E-01    2.500000E-01    1.795000E-01    9.023834E-16 
   605    1.056056E-01    2.500000E-01    1.795000E-01    2.730397E-16 
   606    1.066066E-01    2.500000E-01    1.795000E-01   -2.455666E-16 
   607    1.076076E-01    2.500000E-01    1.795000E-01   -9.104140E-16 
   608    1.086086E-01    2.500000E-01    1.795000E-01   -1.685576E-15 
   609    1.096096E-01    2.500000E-01    1.795000E-01   -1.050315E-15 
   610    1.106106E-01    2.500000E-01    1.795000E-01   -5.241009E-16 
   611    1.116116E-01    2.500000E-01    1.795000E-01   -4.818347E-17 
   612    1.126126E-01    2.500000E-01    1.795000E-01    1.838580E-16 
   613    1.136136E-01    2.500000E-01    1.795000E-01    5.122664E-16 
   614    1.146146E-01    2.500000E-01    1.795000E-01    3.034713E-16 
   615    1.156156E-01    2.500000E-01    1.795000E-01    1.737141E-16 
   616    1.166166E-01    2.500000E-01    1.795000E-01    1.170774E-16 
   617    1.176176E-01    2.500000E-01    1.795000E-01    1.394785E-17 
   618    1.186186E-01    2.500000E-01    1.795000E-01    2.535972E-17 
   619    1.196196E-01    2.500000E-01    1.795000E-01   -2.113310E-17 
   620    1.206206E-01    2.500000E-01    1.795000E-01   -4.268887E-17 
   621    1.216216E-01    2.500000E-01    1.795000E-01    8.875903E-18 
   622    1.226226E-01    2.500000E-01    1.795000E-01   -9.425363E-17 
   623    1.236236E-01    2.500000E-01    1.795000E-01    2.535972E-17 
   624    1.246246E-01    2.500000E-01    1.795000E-01   -2.113310E-17 
   625    1.256256E-01    2.500000E-01    1.795000E-01   -4.268887E-17 
   626    1.266266E-01    2.500000E-01    1.795000E-01    8.875903E-18 
   627    1.276276E-01    2.500000E-01    1.795000E-01   -9.425363E-17 
   628    1.286286E-01    2.500000E-01    1.795000E-01    2.535972E-17 
   629    1.296296E-01    2.500000E-01    1.795000E-01   -2.113310E-17 
   630    1.306306E-01    2.500000E-01    1.795000E-01   -4.268887E-17 
   631    1.316316E-01    2.500000E-01    1.795000E-01    8.875903E-18 
   632    1.326326E-01    2.500000E-01    1.795000E-01   -9.425363E-17 
   633    1.336336E-01    2.500000E-01    1.795000E-01    2.535972E-17 
   634    1.346346E-01    2.500000E-01    1.795000E-01   -2.113310E-17 
   635    1.356356E-01    2.500000E-01    1.795000E-01   -4.268887E-17 
   636    1.366366E-01    2.500000E-01    1.795000E-01    8.875903E-18 
   637    1.376376E-01    2.500000E-01    1.795000E-01   -9.425363E-17 
   638    1.386386E-01    2.500000E-01    1.795000E-01    2.535972E-17 
   639    1.396396E-01    2.500000E-01    1.795000E-01   -2.113310E-17 
   640    1.406406E-01    2.500000E-01    1.795000E-01   -4.268887E-17 
   641    1.416416E-01    2.500000E-01    1.795000E-01    8.875903E-18 
   642    1.426426E-01    2.500000E-01    1.795000E-01   -9.425363E-17 
   643    1.436436E-01    2.500000E-01    1.795000E-01    2.535972E-17 
   644    1.446446E-01    2.500000E-01    1.795000E-01   -2.113310E-17 
   645    1.456456E-01    2.500000E-01    1.795000E-01   -4.268887E-17 
   646    1.466466E-01    2.500000E-01    1.795000E-01    8.875903E-18 
   647    1.476476E-01    2.500000E-01    1.795000E-01   -9.425363E-17 
   648    1.486486E-01    2.500000E-01    1.795000E-01    2.535972E-17 
   649    1.496496E-01    2.500000E-01    1.795000E-01   -2.113310E-17 
   650    1.506507E-01    2.500000E-01    1.795000E-01   -4.268887E-17 
   651    1.516517E-01    2.500000E-01    1.795000E-01    8.875903E-18 
   652    1.526527E-01    2.500000E-01    1.795000E-01   -9.425363E-17 
   653    1.536537E-01    2.500000E-01    1.795000E-01    2.535972E-17 
   654    1.546547E-01    2.500000E-01    1.795000E-01   -2.113310E-17 
   655    1.556557E-01    2.500000E-01    1.795000E-01   -4.268887E-17 
   656    1.566567E-01    2.500000E-01    1.795000E-01    8.875903E-18 
   657    1.576577E-01    2.500000E-01    1.795000E-01   -9.425363E-17 
   658    1.586587E-01    2.500000E-01    1.795000E-01    2.535972E-17 
   659    1.596597E-01    2.500000E-01    1.795000E-01   -2.113310E-17 
   660    1.606607E-01    2.500000E-01    1.795000E-01   -4.353419E-17 
   661    1.616617E-01    2.500000E-01    1.795000E-01    3.803958E-18 
   662    1.626627E-01    2.500000E-01    1.795000E-01   -1.077788E-16 
   663    1.636637E-01    2.500000E-01    1.795000E-01   -2.705037E-17 
   664    1.646647E-01    2.500000E-01    1.795000E-01   -1.234173E-16 
   665    1.656657E-01    2.500000E-01    1.795000E-01   -2.218976E-16 
   666    1.666667E-01    2.500000E-01    1.795000E-01   -3.258724E-16 
   667    1.676677E-01    2.500000E-01    1.795000E-01   -5.625632E-16 
   668    1.686687E-01    2.500000E-01    1.795000E-01   -1.868166E-16 
   669    1.696697E-01    2.500000E-01    1.795000E-01    1.124281E-16 
   670    1.706707E-01    2.500000E-01    1.795000E-01    5.460793E-16 
   671    1.716717E-01    2.500000E-01    1.795000E-01    8.854770E-16 
   672    1.726727E-01    2.500000E-01    1.795000E-01    1.677123E-15 
   673    1.736737E-01    2.500000E-01    1.795000E-01    9.023834E-16 
   674    1.746747E-01    2.500000E-01    1.795000E-01    2.730397E-16 
   675    1.756757E-01    2.500000E-01    1.795000E-01   -2.455666E-16 
   676    1.766767E-01    2.500000E-01    1.795000E-01   -9.104140E-16 
   677    1.776777E-01    2.500000E-01    1.795000E-01   -1.685576E-15 
   678    1.786787E-01    2.500000E-01    1.795000E-01   -1.050315E-15 
   679    1.796797E-01    2.500000E-01    1.795000E-01   -5.241009E-16 
   680    1.806807E-01    2.500000E-01    1.795000E-01   -4.818347E-17 
   681    1.816817E-01    2.500000E-01    1.795000E-01    1.838580E-16 
   682    1.826827E-01    2.500000E-01    1.795000E-01    5.122664E-16 
   683    1.836837E-01    2.500000E-01    1.795000E-01    3.034713E-16 
   684    1.846847E-01    2.500000E-01    1.795000E-01    1.737141E-16 
   685    1.856857E-01    2.500000E-01    1.795000E-01    1.170774E-16 
   686    1.866867E-01    2.500000E-01    1.795000E-01    1.394785E-17 
   687    1.876877E-01    2.500000E-01    1.795000E-01    2.535972E-17 
   688    1.886887E-01    2.500000E-01    1.795000E-01   -2.113310E-17 
   689    1.896897E-01    2.500000E-01    1.795000E-01   -4.268887E-17 
   690    1.906907E-01    2.500000E-01    1.795000E-01    8.875903E-18 
   691    1.916917E-01    2.500000E-01    1.795000E-01   -9.425363E-17 
   692    1.926927E-01    2.500000E-01    1.795000E-01    2.535972E-17 
   693    1.936937E-01    2.500000E-01    1.795000E-01   -2.113310E-17 
   694    1.946947E-01    2.500000E-01    1.795000E-01   -4.268887E-17 
   695    1.956957E-01    2.500000E-01    1.795000E-01    8.875903E-18 
   696    1.966967E-01    2.500000E-01    1.795000E-01   -9.425363E-17 
   697    1.976977E-01    2.500000E-01    1.795000E-01    2.535972E-17 
   698    1.986987E-01    2.500000E-01    1.795000E-01   -2.113310E-17 
   699    1.996997E-01    2.500000E-01    1.795000E-01   -4.268887E-17 
   700    2.007007E-01    2.500000E-01    1.795000E-01    8.875903E-18 
   701    2.017017E-01    2.500000E-01    1.795000E-01   -9.425363E-17 
   702    2.027027E-01    2.500000E-01    1.795000E-01    2.535972E-17 
   703    2.037037E-01    2.500000E-01    1.795000E-01   -2.113310E-17 
   704    2.047047E-01    2.500000E-01    1.795000E-01   -4.268887E-17 
   705    2.057057E-01    2.500000E-01    1.795000E-01    8.875903E-18 
   706    2.067067E-01    2.500000E-01    1.795000E-01   -9.425363E-17 
   707    2.077077E-01    2.500000E-01    1.795000E-01    2.535972E-17 
   708    2.087087E-01    2.500000E-01    1.795000E-01   -2.113310E-17 
   709    2.097097E-01    2.500000E-01    1.795000E-01   -4.268887E-17 
   710    2.107107E-01    2.500000E-01    1.795000E-01    8.875903E-18 
   711    2.117117E-01    2.500000E-01    1.795000E-01   -9.425363E-17 
   712    2.127127E-01    2.500000E-01    1.795000E-01    2.535972E-17 
   713    2.137137E-01    2.500000E-01    1.795000E-01   -2.113310E-17 
   714    2.147147E-01    2.500000E-01    1.795000E-01   -4.268887E-17 
   715    2.157157E-01    2.500000E-01    1.795000E-01    8.875903E-18 
   716    2.167167E-01    2.500000E-01    1.795000E-01   -9.425363E-17 
   717    2.177177E-01    2.500000E-01    1.795000E-01    2.535972E-17 
   718    2.187187E-01    2.500000E-01    1.795000E-01   -2.113310E-17 
   719    2.197197E-01    2.500000E-01    1.795000E-01   -4.353419E-17 
   720    2.207207E-01    2.500000E-01    1.795000E-01    3.803958E-18 
   721    2.217217E-01    2.500000E-01    1.795000E-01   -1.077788E-16 
   722    2.227227E-01    2.500000E-01    1.795000E-01   -2.705037E-17 
   723    2.237237E-01    2.500000E-01    1.795000E-01   -1.234173E-16 
   724    2.247247E-01    2.500000E-01    1.795000E-01   -2.218976E-16 
   725    2.257257E-01    2.500000E-01    1.795000E-01   -3.258724E-16 
   726    2.267267E-01    2.500000E-01    1.795000E-01   -5.625632E-16 
   727    2.277277E-01    2.500000E-01    1.795000E-01   -1.868166E-16 
   728    2.287287E-01    2.500000E-01    1.795000E-01    1.124281E-16 
   729    2.297297E-01    2.500000E-01    1.795000E-01    5.460793E-16 
   730    2.307307E-01    2.500000E-01    1.795000E-01    8.854770E-16 
   731    2.317317E-01    2.500000E-01    1.795000E-01    1.677123E-15 
   732    2.327327E-01    2.500000E-01    1.795000E-01    9.023834E-16 
   733    2.337337E-01    2.500000E-01    1.795000E-01    2.730397E-16 
   734    2.347347E-01    2.500000E-01    1.795000E-01   -2.455666E-16 
   735    2.357357E-01    2.500000E-01    1.795000E-01   -9.104140E-16 
   736    2.367367E-01    2.500000E-01    1.795000E-01   -1.685576E-15 
   737    2.377377E-01    2.500000E-01    1.795000E-01   -1.050315E-15 
   738    2.387387E-01    2.500000E-01    1.795000E-01   -5.241009E-16 
   739    2.397397E-01    2.500000E-01    1.795000E-01   -4.818347E-17 
   740    2.407407E-01    2.500000E-01    1.795000E-01    1.838580E-16 
   741    2.417417E-01    2.500000E-01    1.795000E-01    5.122664E-16 
   742    2.427427E-01    2.500000E-01    1.795000E-01    3.034713E-16 
   743    2.437437E-01    2.500000E-01    1.795000E-01    1.737141E-16 
   744    2.447447E-01    2.500000E-01    1.795000E-01    1.170774E-16 
   745    2.457457E-01    2.500000E-01    1.795000E-01    1.394785E-17 
   746    2.467467E-01    2.500000E-01    1.795000E-01    2.535972E-17 
   747    2.477477E-01    2.500000E-01    1.795000E-01   -2.113310E-17 
   748    2.487487E-01    2.500000E-01    1.795000E-01   -4.268887E-17 
   749    2.497497E-01    2.500000E-01    1.795000E-01    8.875903E-18 
   750    2.507508E-01    2.500000E-01    1.795000E-01   -9.425363E-17 
   751    2.517518E-01    2.500000E-01    1.795000E-01    2.535972E-17 
   752    2.527528E-01    2.500000E-01    1.795000E-01   -2.113310E-17 
   753    2.537538E-01    2.500000E-01    1.795000E-01   -4.268887E-17 
   754    2.547548E-01    2.500000E-01    1.795000E-01    8.875903E-18 
   755    2.557558E-01    2.500000E-01    1.795000E-01   -9.425363E-17 
   756    2.567568E-01    2.500000E-01    1.795000E-01    2.535972E-17 
   757    2.577578E-01    2.500000E-01    1.795000E-01   -2.113310E-17 
   758    2.587588E-01    2.500000E-01    1.795000E-01   -4.268887E-17 
   759    2.597598E-01    2.500000E-01    1.795000E-01    8.875903E-18 
   760    2.607608E-01    2.500000E-01    1.795000E-01   -9.425363E-17 
   761    2.617618E-01    2.500000E-01    1.795000E-01    2.535972E-17 
   762    2.627628E-01    2.500000E-01    1.795000E-01   -2.113310E-17 
   763    2.637638E-01    2.500000E-01    1.795000E-01   -4.268887E-17 
   764    2.647648E-01    2.500000E-01    1.795000E-01    8.875903E-18 
   765    2.657658E-01    2.500000E-01    1.795000E-01   -9.425363E-17 
   766    2.667668E-01    2.500000E-01    1.795000E-01    2.535972E-17 
   767    2.677678E-01    2.500000E-01    1.795000E-01   -2.113310E-17 
   768    2.687688E-01    2.500000E-01    1.795000E-01   -4.268887E-17 
   769    2.697698E-01    2.500000E-01    1.795000E-01    8.875903E-18 
   770    2.707708E-01    2.500000E-01    1.795000E-01   -9.425363E-17 
   771    2.717718E-01    2.500000E-01    1.795000E-01    2.535972E-17 
   772    2.727728E-01    2.500000E-01    1.795000E-01   -2.113310E-17 
   773    2.737738E-01    2.500000E-01    1.795000E-01   -4.268887E-17 
   774    2.747748E-01    2.500000E-01    1.795000E-01    8.875903E-18 
   775    2.757758E-01    2.500000E-01    1.795000E-01   -9.425363E-17 
   776    2.767768E-01    2.500000E-01    1.795000E-01    2.535972E-17 
   777    2.777778E-01    2.500000E-01    1.795000E-01   -2.113310E-17 
   778    2.787788E-01    2.500000E-01    1.795000E-01   -4.268887E-17 
   779    2.797798E-01    2.500000E-01    1.795000E-01    8.875903E-18 
   780    2.807808E-01    2.500000E-01    1.795000E-01   -9.425363E-17 
   781    2.817818E-01    2.500000E-01    1.795000E-01    2.535972E-17 
   782    2.827828E-01    2.500000E-01    1.795000E-01   -2.113310E-17 
   783    2.837838E-01    2.500000E-01    1.795000E-01   -4.268887E-17 
   784    2.847848E-01    2.500000E-01    1.795000E-01    8.875903E-18 
   785    2.857858E-01    2.500000E-01    1.795000E-01   -9.425363E-17 
   786    2.867868E-01    2.500000E-01    1.795000E-01    2.535972E-17 
   787    2.877878E-01    2.500000E-01    1.795000E-01   -2.113310E-17 
   788    2.887888E-01    2.500000E-01    1.795000E-01   -4.353419E-17 
   789    2.897898E-01    2.500000E-01    1.795000E-01    3.803958E-18 
   790    2.907908E-01    2.500000E-01    1.795000E-01   -1.077788E-16 
   791    2.917918E-01    2.500000E-01    1.795000E-01   -2.705037E-17 
   792    2.927928E-01    2.500000E-01    1.795000E-01   -1.234173E-16 
   793    2.937938E-01    2.500000E-01    1.795000E-01   -2.218976E-16 
   794    2.947948E-01    2.500000E-01    1.795000E-01   -3.258724E-16 
   795    2.957958E-01    2.500000E-01    1.795000E-01   -5.625632E-16 
   796    2.967968E-01    2.500000E-01    1.795000E-01   -1.868166E-16 
   797    2.977978E-01    2.500000E-01    1.795000E-01    1.124281E-16 
   798    2.987988E-01    2.500000E-01    1.795000E-01    5.460793E-16 
   799    2.997998E-01    2.500000E-01    1.795000E-01    8.854770E-16 
   800    3.008008E-01    2.500000E-01    1.795000E-01    1.677123E-15 
   801    3.018018E-01    2.500000E-01    1.795000E-01    9.023834E-16 
   802    3.028028E-01    2.500000E-01    1.795000E-01    2.730397E-16 
   803    3.038038E-01    2.500000E-01    1.795000E-01   -2.455666E-16 
   804    3.048048E-01    2.500000E-01    1.795000E-01   -9.104140E-16 
   805    3.058058E-01    2.500000E-01    1.795000E-01   -1.685576E-15 
   806    3.068068E-01    2.500000E-01    1.795000E-01   -1.050315E-15 
   807    3.078078E-01    2.500000E-01    1.795000E-01   -5.241009E-16 
   808    3.088088E-01    2.500000E-01    1.795000E-01   -4.818347E-17 
   809    3.098098E-01    2.500000E-01    1.795000E-01    1.838580E-16 
   810    3.108108E-01    2.500000E-01    1.795000E-01    5.122664E-16 
   811    3.118118E-01    2.500000E-01    1.795000E-01    3.034713E-16 
   812    3.128128E-01    2.500000E-01    1.795000E-01    1.737141E-16 
   813    3.138138E-01    2.500000E-01    1.795000E-01    1.170774E-16 
   814    3.148148E-01    2.500000E-01    1.795000E-01    1.394785E-17 
   815    3.158158E-01    2.500000E-01    1.795000E-01    2.535972E-17 
   816    3.168168E-01    2.500000E-01    1.795000E-01   -2.113310E-17 
   817    3.178178E-01    2.500000E-01    1.795000E-01   -4.268887E-17 
   818    3.188188E-01    2.500000E-01    1.795000E-01    8.875903E-18 
   819    3.198198E-01    2.500000E-01    1.795000E-01   -9.425363E-17 
   820    3.208208E-01    2.500000E-01    1.795000E-01    2.535972E-17 
   821    3.218218E-01    2.500000E-01    1.795000E-01   -2.113310E-17 
   822    3.228228E-01    2.500000E-01    1.795000E-01   -4.268887E-17 
   823    3.238238E-01    2.500000E-01    1.795000E-01    8.875903E-18 
   824    3.248248E-01    2.500000E-01    1.795000E-01   -9.425363E-17 
   825    3.258258E-01    2.500000E-01    1.795000E-01    2.535972E-17 
   826    3.268268E-01    2.500000E-01    1.795000E-01   -2.113310E-17 
   827    3.278278E-01    2.500000E-01    1.795000E-01   -4.268887E-17 
   828    3.288288E-01    2.500000E-01    1.795000E-01    8.875903E-18 
   829    3.298298E-01    2.500000E-01    1.795000E-01   -9.425363E-17 
   830    3.308308E-01    2.500000E-01    1.795000E-01    2.535972E-17 
   831    3.318318E-01    2.500000E-01    1.795000E-01   -2.113310E-17 
   832    3.328328E-01    2.500000E-01    1.795000E-01   -4.268887E-17 
   833    3.338338E-01    2.500000E-01    1.795000E-01    8.875903E-18 
   834    3.348348E-01    2.500000E-01    1.795000E-01   -9.425363E-17 
   835    3.358358E-01    2.500000E-01    1.795000E-01    2.535972E-17 
   836    3.368368E-01    2.500000E-01    1.795000E-01   -2.113310E-17 
   837    3.378378E-01    2.500000E-01    1.795000E-01   -4.268887E-17 
   838    3.388388E-01    2.500000E-01    1.795000E-01    8.875903E-18 
   839    3.398398E-01    2.500000E-01    1.795000E-01   -9.425363E-17 
   840    3.408408E-01    2.500000E-01    1.795000E-01    2.535972E-17 
   841    3.418418E-01    2.500000E-01    1.795000E-01   -2.113310E-17 
   842    3.428428E-01    2.500000E-01    1.795000E-01   -4.268887E-17 
   843    3.438438E-01    2.500000E-01    1.795000E-01    8.875903E-18 
   844    3.448448E-01    2.500000E-01    1.795000E-01   -9.425363E-17 
   845    3.458458E-01    2.500000E-01    1.795000E-01    2.535972E-17 
   846    3.468468E-01    2.500000E-01    1.795000E-01   -2.113310E-17 
   847    3.478478E-01    2.500000E-01    1.795000E-01   -4.353419E-17 
   848    3.488488E-01    2.500000E-01    1.795000E-01    3.803958E-18 
   849    3.498498E-01    2.500000E-01    1.795000E-01   -1.077788E-16 
   850    3.508509E-01    2.500000E-01    1.795000E-01   -2.705037E-17 
   851    3.518519E-01    2.500000E-01    1.795000E-01   -1.234173E-16 
   852    3.528529E-01    2.500000E-01    1.795000E-01   -2.218976E-16 
   853    3.538539E-01    2.500000E-01    1.795000E-01   -3.258724E-16 
   854    3.548549E-01    2.500000E-01    1.795000E-01   -5.625632E-16 
   855    3.558559E-01    2.500000E-01    1.795000E-01   -1.868166E-16 
   856    3.568569E-01    2.500000E-01    1.795000E-01    1.124281E-16 
   857    3.578579E-01    2.500000E-01    1.795000E-01    5.460793E-16 
   858    3.588589E-01    2.500000E-01    1.795000E-01    8.854770E-16 
   859    3.598599E-01    2.500000E-01    1.795000E-01    1.677123E-15 
   860    3.608609E-01    2.500000E-01    1.795000E-01    9.023834E-16 
   861    3.618619E-01    2.500000E-01    1.795000E-01    2.730397E-16 
   862    3.628629E-01    2.500000E-01    1.795000E-01   -2.455666E-16 
   863    3.638639E-01    2.500000E-01    1.795000E-01   -9.104140E-16 
   864    3.648649E-01    2.500000E-01    1.795000E-01   -1.685576E-15 
   865    3.658659E-01    2.500000E-01    1.795000E-01   -1.050315E-15 
   866    3.668669E-01    2.500000E-01    1.795000E-01   -5.241009E-16 
   867    3.678679E-01    2.500000E-01    1.795000E-01   -4.818347E-17 
   868    3.688689E-01    2.500000E-01    1.795000E-01    1.838580E-16 
   869    3.698699E-01    2.500000E-01    1.795000E-01    5.122664E-16 
   870    3.708709E-01    2.500000E-01    1.795000E-01    3.034713E-16 
   871    3.718719E-01    2.500000E-01    1.795000E-01    1.737141E-16 
   872    3.728729E-01    2.500000E-01    1.795000E-01    1.170774E-16 
   873    3.738739E-01    2.500000E-01    1.795000E-01    1.394785E-17 
   874    3.748749E-01    2.500000E-01    1.795000E-01    2.535972E-17 
   875    3.758759E-01    2.500000E-01    1.795000E-01   -2.113310E-17 
   876    3.768769E-01    2.500000E-01    1.795000E-01   -4.268887E-17 
   877    3.778779E-01    2.500000E-01    1.795000E-01    8.875903E-18 
   878    3.788789E-01    2.500000E-01    1.795000E-01   -9.425363E-17 
   879    3.798799E-01    2.500000E-01    1.795000E-01    2.535972E-17 
   880    3.808809E-01    2.500000E-01    1.795000E-01   -2.113310E-17 
   881    3.818819E-01    2.500000E-01    1.795000E-01   -4.268887E-17 
   882    3.828829E-01    2.500000E-01    1.795000E-01    8.875903E-18 
   883    3.838839E-01    2.500000E-01    1.795000E-01   -9.425363E-17 
   884    3.848849E-01    2.500000E-01    1.795000E-01    2.535972E-17 
   885    3.858859E-01    2.500000E-01    1.795000E-01   -2.113310E-17 
   886    3.868869E-01    2.500000E-01    1.795000E-01   -4.268887E-17 
   887    3.878879E-01    2.500000E-01    1.795000E-01    8.875903E-18 
   888    3.888889E-01    2.500000E-01    1.795000E-01   -9.425363E-17 
   889    3.898899E-01    2.500000E-01    1.795000E-01    2.535972E-17 
   890    3.908909E-01    2.500000E-01    1.795000E-01   -2.113310E-17 
   891    3.918919E-01    2.500000E-01    1.795000E-01   -4.268887E-17 
   892    3.928929E-01    2.500000E-01    1.795000E-01    8.875903E-18 
   893    3.938939E-01    2.500000E-01    1.795000E-01   -9.425363E-17 
   894    3.948949E-01    2.500000E-01    1.795000E-01    2.535972E-17 
   895    3.958959E-01    2.500000E-01    1.795000E-01   -2.113310E-17 
   896    3.968969E-01    2.500000E-01    1.795000E-01   -4.268887E-17 
   897    3.978979E-01    2.500000E-01    1.795000E-01    8.875903E-18 
   898    3.988989E-01    2.500000E-01    1.795000E-01   -9.425363E-17 
   899    3.998999E-01    2.500000E-01    1.795000E-01    2.535972E-17 
   900    4.009009E-01    2.500000E-01    1.795000E-01   -2.113310E-17 
   901    4.019019E-01    2.500000E-01    1.795000E-01   -4.268887E-17 
   902    4.029029E-01    2.500000E-01    1.795000E-01    8.875903E-18 
   903    4.039039E-01    2.500000E-01    1.795000E-01   -9.425363E-17 
   904    4.049049E-01    2.500000E-01    1.795000E-01    2.535972E-17 
   905    4.059059E-01    2.500000E-01    1.795000E-01   -2.113310E-17 
   906    4.069069E-01    2.500000E-01    1.795000E-01   -4.268887E-17 
   907    4.079079E-01    2.500000E-01    1.795000E-01    8.875903E-18 
   908    4.089089E-01    2.500000E-01    1.795000E-01   -9.425363E-17 
   909    4.099099E-01    2.500000E-01    1.795000E-01    2.535972E-17 
   910    4.109109E-01    2.500000E-01    1.795000E-01   -2.113310E-17 
   911    4.119119E-01    2.500000E-01    1.795000E-01   -4.268887E-17 
   912    4.129129E-01    2.500000E-01    1.795000E-01    8.875903E-18 
   913    4.139139E-01    2.500000E-01    1.795000E-01   -9.425363E-17 
   914    4.149149E-01    2.500000E-01    1.795000E-01    2.535972E-17 
   915    4.159159E-01    2.500000E-01    1.795000E-01   -2.113310E-17 
   916    4.169169E-01    2.500000E-01    1.795000E-01   -4.353419E-17 
   917    4.179179E-01    2.500000E-01    1.795000E-01    3.803958E-18 
   918    4.189189E-01    2.500000E-01    1.795000E-01   -1.077788E-16 
   919    4.199199E-01    2.500000E-01    1.795000E-01   -2.705037E-17 
   920    4.209209E-01    2.500000E-01    1.795000E-01   -1.234173E-16 
   921    4.219219E-01    2.500000E-01    1.795000E-01   -2.218976E-16 
   922    4.229229E-01    2.500000E-01    1.795000E-01   -3.258724E-16 
   923    4.239239E-01    2.500000E-01    1.795000E-01   -5.625632E-16 
   924    4.249249E-01    2.500000E-01    1.795000E-01   -1.868166E-16 
   925    4.259259E-01    2.500000E-01    1.795000E-01    1.124281E-16 
   926    4.269269E-01    2.500000E-01    1.795000E-01    5.460793E-16 
   927    4.279279E-01    2.500000E-01    1.795000E-01    8.854770E-16 
   928    4.289289E-01    2.500000E-01    1.795000E-01    1.677123E-15 
   929    4.299299E-01    2.500000E-01    1.795000E-01    9.023834E-16 
   930    4.309309E-01    2.500000E-01    1.795000E-01    2.730397E-16 
   931    4.319319E-01    2.500000E-01    1.795000E-01   -2.455666E-16 
   932    4.329329E-01    2.500000E-01    1.795000E-01   -9.104140E-16 
   933    4.339339E-01    2.500000E-01    1.795000E-01   -1.685576E-15 
   934    4.349349E-01    2.500000E-01    1.795000E-01   -1.050315E-15 
   935    4.359359E-01    2.500000E-01    1.795000E-01   -5.241009E-16 
   936    4.369369E-01    2.500000E-01    1.795000E-01   -4.818347E-17 
   937    4.379379E-01    2.500000E-01    1.795000E-01    1.838580E-16 
   938    4.389389E-01    2.500000E-01    1.795000E-01    5.122664E-16 
   939    4.399399E-01    2.500000E-01    1.795000E-01    3.034713E-16 
   940    4.409409E-01    2.500000E-01    1.795000E-01    1.737141E-16 
   941    4.419419E-01    2.500000E-01    1.795000E-01    1.170774E-16 
   942    4.429429E-01    2.500000E-01    1.795000E-01    1.394785E-17 
   943    4.439439E-01    2.500000E-01    1.795000E-01    2.535972E-17 
   944    4.449449E-01    2.500000E-01    1.795000E-01   -2.113310E-17 
   945    4.459459E-01    2.500000E-01    1.795000E-01   -4.268887E-17 
   946    4.469469E-01    2.500000E-01    1.795000E-01    8.875903E-18 
   947    4.479479E-01    2.500000E-01    1.795000E-01   -9.425363E-17 
   948    4.489489E-01    2.500000E-01    1.795000E-01    2.535972E-17 
   949    4.499499E-01    2.500000E-01    1.795000E-01   -2.113310E-17 
   950    4.509510E-01    2.500000E-01    1.795000E-01   -4.268887E-17 
   951    4.519520E-01    2.500000E-01    1.795000E-01    8.875903E-18 
   952    4.529530E-01    2.500000E-01    1.795000E-01   -9.425363E-17 
   953    4.539540E-01    2.500000E-01    1.795000E-01    2.535972E-17 
   954    4.549550E-01    2.500000E-01    1.795000E-01   -2.113310E-17 
   955    4.559560E-01    2.500000E-01    1.795000E-01   -4.268887E-17 
   956    4.569570E-01    2.500000E-01    1.795000E-01    8.875903E-18 
   957    4.579580E-01    2.500000E-01    1.795000E-01   -9.425363E-17 
   958    4.589590E-01    2.500000E-01    1.795000E-01    2.535972E-17 
   959    4.599600E-01    2.500000E-01    1.795000E-01   -2.113310E-17 
   960    4.609610E-01    2.500000E-01    1.795000E-01   -4.268887E-17 
   961    4.619620E-01    2.500000E-01    1.795000E-01    8.875903E-18 
   962    4.629630E-01    2.500000E-01    1.795000E-01   -9.425363E-17 
   963    4.639640E-01    2.500000E-01    1.795000E-01    2.535972E-17 
   964    4.649650E-01    2.500000E-01    1.795000E-01   -2.113310E-17 
   965    4.659660E-01    2.500000E-01    1.795000E-01   -4.268887E-17 
   966    4.669670E-01    2.500000E-01    1.795000E-01    8.875903E-18 
   967    4.679680E-01    2.500000E-01    1.795000E-01   -9.425363E-17 
   968    4.689690E-01    2.500000E-01    1.795000E-01    2.535972E-17 
   969    4.699700E-01    2.500000E-01    1.795000E-01   -2.113310E-17 
   970    4.709710E-01    2.500000E-01    1.795000E-01   -4.268887E-17 
   971    4.719720E-01    2.500000E-01    1.795000E-01    8.875903E-18 
   972    4.729730E-01    2.500000E-01    1.795000E-01   -9.425363E-17 
   973    4.739740E-01    2.500000E-01    1.795000E-01    2.535972E-17 
   974    4.749750E-01    2.500000E-01    1.795000E-01   -2.113310E-17 
   975    4.759760E-01    2.500000E-01    1.795000E-01   -4.353419E-17 
   976    4.769770E-01    2.500001E-01    1.795001E-01    3.803958E-18 
   977    4.779780E-01    2.500003E-01    1.795003E-01   -1.077788E-16 
   978    4.789790E-01    2.500013E-01    1.795013E-01   -2.705037E-17 
   979    4.799800E-01    2.500039E-01    1.795040E-01   -1.234173E-16 
   980    4.809810E-01    2.500111E-01    1.795111E-01   -2.218976E-16 
   981    4.819820E-01    2.500243E-01    1.795244E-01   -3.258724E-16 
   982    4.829830E-01    2.500431E-01    1.795433E-01   -5.827810E-07 
   983    4.839840E-01    2.500657E-01    1.795660E-01   -7.592991E-06 
   984    4.849849E-01    2.500875E-01    1.795879E-01   -4.757013E-05 
   985    4.859858E-01    2.500978E-01    1.795983E-01   -2.024625E-04 
   986    4.869864E-01    2.500893E-01    1.795898E-01   -6.768307E-04 
   987    4.879864E-01    2.500631E-01    1.795633E-01   -1.919391E-03 
   988    4.889849E-01    2.500218E-01    1.795213E-01   -4.826054E-03 
   989    4.899806E-01    2.499722E-01    1.794693E-01   -1.108623E-02 
   990    4.909910E-01    2.499298E-01    1.794496E-01    0.000000E+00 
   991    4.919920E-01    2.498400E-01    1.793851E-01    0.000000E+00 
   992    4.929930E-01    2.493018E-01    1.789987E-01    0.000000E+00 
   993    4.939940E-01    2.475133E-01    1.777146E-01    0.000000E+00 
   994    4.949950E-01    2.432701E-01    1.746679E-01    0.000000E+00 
   995    4.959960E-01    2.349613E-01    1.687022E-01    0.000000E+00 
   996    4.969970E-01    2.208463E-01    1.585676E-01    0.000000E+00 
   997    4.979980E-01    2.001251E-01    1.436898E-01    0.000000E+00 
   998    4.989990E-01    1.731981E-01    1.243563E-01    0.000000E+00 
   999    5.000000E-01    1.416667E-01    1.017167E-01    0.000000E+00 
