     0   -5.000000E-01    5.666667E-01    5.666667E-01    0.000000E+00 
     1   -4.989990E-01    6.926374E-01    6.926374E-01    0.000000E+00 
     2   -4.979980E-01    7.997907E-01    7.997907E-01    0.000000E+00 
     3   -4.969970E-01    8.817628E-01    8.817628E-01    0.000000E+00 
     4   -4.959960E-01    9.370060E-01    9.370060E-01    0.000000E+00 
     5   -4.949950E-01    9.687243E-01    9.687243E-01    0.000000E+00 
     6   -4.939940E-01    9.843509E-01    9.843509E-01    0.000000E+00 
     7   -4.929930E-01    9.910772E-01    9.910772E-01    0.000000E+00 
     8   -4.919920E-01    9.935304E-01    9.935304E-01    0.000000E+00 
     9   -4.909910E-01    9.947245E-01    9.947245E-01    0.000000E+00 
    10   -4.897206E-01    9.967168E-01    9.952396E-01    3.901825E-04 
    11   -4.889988E-01    9.978041E-01    9.969503E-01   -1.949696E-04 
    12   -4.880287E-01    9.987187E-01    9.982403E-01   -1.566033E-04 
    13   -4.870125E-01    9.992526E-01    9.989767E-01   -9.309253E-05 
    14   -4.859656E-01    9.995560E-01    9.993886E-01   -2.287066E-05 
    15   -4.847778E-01    9.996756E-01    9.995537E-01    6.630818E-04 
    16   -4.839402E-01    9.997249E-01    9.996197E-01   -1.785882E-04 
    17   -4.829978E-01    9.998198E-01    9.997546E-01   -2.808888E-04 
    18   -4.819955E-01    9.998917E-01    9.998534E-01   -1.863655E-04 
    19   -4.809419E-01    9.999283E-01    9.999014E-01    1.494989E-05 
    20   -4.798782E-01    9.999059E-01    9.998709E-01    5.195395E-04 
    21   -4.789125E-01    9.998720E-01    9.998220E-01    1.568490E-05 
    22   -4.779505E-01    9.999011E-01    9.998628E-01   -2.388342E-04 
    23   -4.769607E-01    9.999419E-01    9.999197E-01   -2.071391E-04 
    24   -4.759336E-01    9.999611E-01    9.999459E-01    6.045207E-05 
    25   -4.749287E-01    9.999523E-01    9.999337E-01    2.128194E-04 
    26   -4.739170E-01    9.999395E-01    9.999157E-01    1.227448E-04 
    27   -4.729218E-01    9.999432E-01    9.999208E-01   -7.223032E-05 
    28   -4.719307E-01    9.999666E-01    9.999534E-01   -1.365673E-04 
    29   -4.709301E-01    9.999822E-01    9.999751E-01    2.707268E-05 
    30   -4.699375E-01    9.999869E-01    9.999818E-01    1.288797E-05 
    31   -4.689236E-01    9.999864E-01    9.999812E-01    8.646370E-05 
    32   -4.679149E-01    9.999792E-01    9.999710E-01    5.980164E-05 
    33   -4.669163E-01    9.999784E-01    9.999699E-01   -5.928748E-06 
    34   -4.659228E-01    9.999846E-01    9.999785E-01   -2.943611E-05 
    35   -4.649285E-01    9.999934E-01    9.999908E-01   -6.240406E-05 
    36   -4.639233E-01    9.999978E-01    9.999970E-01    2.921209E-05 
    37   -4.629155E-01    9.999922E-01    9.999892E-01    8.454210E-05 
    38   -4.619131E-01    9.999841E-01    9.999779E-01    5.476666E-05 
    39   -4.609148E-01    9.999841E-01    9.999779E-01   -1.475467E-05 
    40   -4.599170E-01    9.999923E-01    9.999893E-01   -5.012158E-05 
    41   -4.589175E-01    9.999994E-01    9.999991E-01   -1.115788E-05 
    42   -4.579144E-01    9.999999E-01    9.999998E-01    4.645915E-05 
    43   -4.569117E-01    9.999959E-01    9.999943E-01    4.910748E-05 
    44   -4.559099E-01    9.999933E-01    9.999907E-01    2.315634E-05 
    45   -4.549092E-01    9.999953E-01    9.999935E-01   -4.829875E-06 
    46   -4.539100E-01    1.000000E+00    1.000000E+00   -1.903818E-05 
    47   -4.529100E-01    1.000003E+00    1.000005E+00    6.738453E-06 
    48   -4.519084E-01    1.000004E+00    1.000005E+00    2.657334E-05 
    49   -4.509062E-01    1.000002E+00    1.000003E+00    3.168700E-05 
    50   -4.499045E-01    1.000000E+00    1.000001E+00    2.311578E-05 
    51   -4.489037E-01    1.000001E+00    1.000001E+00    3.718373E-06 
    52   -4.479038E-01    1.000004E+00    1.000005E+00   -6.830096E-06 
    53   -4.469033E-01    1.000006E+00    1.000008E+00    6.928875E-06 
    54   -4.459019E-01    1.000006E+00    1.000008E+00    2.287678E-05 
    55   -4.449004E-01    1.000005E+00    1.000007E+00    2.584904E-05 
    56   -4.438990E-01    1.000004E+00    1.000005E+00    1.972485E-05 
    57   -4.428981E-01    1.000004E+00    1.000006E+00    6.944479E-06 
    58   -4.418976E-01    1.000006E+00    1.000008E+00    1.704527E-06 
    59   -4.408969E-01    1.000007E+00    1.000010E+00    1.124283E-05 
    60   -4.398958E-01    1.000007E+00    1.000010E+00    1.895401E-05 
    61   -4.388946E-01    1.000007E+00    1.000009E+00    2.067589E-05 
    62   -4.378933E-01    1.000006E+00    1.000009E+00    1.776700E-05 
    63   -4.368923E-01    1.000006E+00    1.000009E+00    1.077517E-05 
    64   -4.358915E-01    1.000007E+00    1.000010E+00    6.881512E-06 
    65   -4.348908E-01    1.000008E+00    1.000011E+00    1.146125E-05 
    66   -4.338898E-01    1.000008E+00    1.000012E+00    1.704109E-05 
    67   -4.328886E-01    1.000008E+00    1.000011E+00    1.866808E-05 
    68   -4.318875E-01    1.000008E+00    1.000011E+00    1.712619E-05 
    69   -4.308864E-01    1.000008E+00    1.000011E+00    1.275585E-05 
    70   -4.298855E-01    1.000009E+00    1.000012E+00    9.822347E-06 
    71   -4.288847E-01    1.000009E+00    1.000013E+00    1.275895E-05 
    72   -4.278837E-01    1.000010E+00    1.000013E+00    1.670993E-05 
    73   -4.268827E-01    1.000009E+00    1.000013E+00    1.815755E-05 
    74   -4.258816E-01    1.000009E+00    1.000013E+00    1.776109E-05 
    75   -4.248805E-01    1.000009E+00    1.000013E+00    1.523698E-05 
    76   -4.238796E-01    1.000010E+00    1.000014E+00    1.304918E-05 
    77   -4.228787E-01    1.000010E+00    1.000014E+00    1.422035E-05 
    78   -4.218777E-01    1.000010E+00    1.000014E+00    1.653082E-05 
    79   -4.208767E-01    1.000010E+00    1.000014E+00    1.711909E-05 
    80   -4.198757E-01    1.000010E+00    1.000014E+00    1.699377E-05 
    81   -4.188746E-01    1.000010E+00    1.000014E+00    1.520623E-05 
    82   -4.178736E-01    1.000010E+00    1.000015E+00    1.345380E-05 
    83   -4.168727E-01    1.000011E+00    1.000015E+00    1.416276E-05 
    84   -4.158718E-01    1.000011E+00    1.000016E+00    1.724371E-05 
    85   -4.148708E-01    1.000011E+00    1.000016E+00    1.857782E-05 
    86   -4.138697E-01    1.000012E+00    1.000016E+00    1.904199E-05 
    87   -4.128687E-01    1.000012E+00    1.000017E+00    1.789790E-05 
    88   -4.118677E-01    1.000013E+00    1.000018E+00    1.675759E-05 
    89   -4.108668E-01    1.000013E+00    1.000018E+00    1.732856E-05 
    90   -4.098658E-01    1.000014E+00    1.000019E+00    1.904658E-05 
    91   -4.088648E-01    1.000014E+00    1.000019E+00    1.991086E-05 
    92   -4.078638E-01    1.000014E+00    1.000019E+00    2.078097E-05 
    93   -4.068628E-01    1.000013E+00    1.000019E+00    2.036635E-05 
    94   -4.058618E-01    1.000013E+00    1.000019E+00    1.949465E-05 
    95   -4.048609E-01    1.000013E+00    1.000019E+00    1.901740E-05 
    96   -4.038599E-01    1.000013E+00    1.000019E+00    1.913594E-05 
    97   -4.028589E-01    1.000013E+00    1.000019E+00    1.908092E-05 
    98   -4.018579E-01    1.000014E+00    1.000019E+00    1.880656E-05 
    99   -4.008569E-01    1.000014E+00    1.000019E+00    1.809737E-05 
   100   -3.998559E-01    1.000014E+00    1.000019E+00    1.721031E-05 
   101   -3.988549E-01    1.000014E+00    1.000020E+00    1.708447E-05 
   102   -3.978540E-01    1.000015E+00    1.000020E+00    1.921144E-05 
   103   -3.968530E-01    1.000015E+00    1.000021E+00    2.190082E-05 
   104   -3.958520E-01    1.000016E+00    1.000022E+00    2.362861E-05 
   105   -3.948510E-01    1.000016E+00    1.000023E+00    2.363586E-05 
   106   -3.938500E-01    1.000017E+00    1.000023E+00    2.317372E-05 
   107   -3.928490E-01    1.000017E+00    1.000024E+00    2.307281E-05 
   108   -3.918480E-01    1.000018E+00    1.000025E+00    2.358801E-05 
   109   -3.908471E-01    1.000018E+00    1.000026E+00    2.436836E-05 
   110   -3.898461E-01    1.000018E+00    1.000026E+00    2.473509E-05 
   111   -3.888451E-01    1.000019E+00    1.000026E+00    2.469752E-05 
   112   -3.878441E-01    1.000019E+00    1.000026E+00    2.427315E-05 
   113   -3.868431E-01    1.000019E+00    1.000026E+00    2.376882E-05 
   114   -3.858421E-01    1.000019E+00    1.000026E+00    2.405794E-05 
   115   -3.848412E-01    1.000019E+00    1.000027E+00    2.598745E-05 
   116   -3.838402E-01    1.000019E+00    1.000027E+00    2.691690E-05 
   117   -3.828392E-01    1.000020E+00    1.000028E+00    2.670560E-05 
   118   -3.818382E-01    1.000021E+00    1.000029E+00    2.640415E-05 
   119   -3.808372E-01    1.000021E+00    1.000030E+00    2.658701E-05 
   120   -3.798362E-01    1.000022E+00    1.000031E+00    2.777440E-05 
   121   -3.788353E-01    1.000022E+00    1.000031E+00    2.926798E-05 
   122   -3.778343E-01    1.000022E+00    1.000031E+00    3.018100E-05 
   123   -3.768333E-01    1.000022E+00    1.000031E+00    3.041178E-05 
   124   -3.758323E-01    1.000022E+00    1.000031E+00    3.023946E-05 
   125   -3.748313E-01    1.000022E+00    1.000031E+00    2.990748E-05 
   126   -3.738304E-01    1.000022E+00    1.000030E+00    2.955914E-05 
   127   -3.728294E-01    1.000021E+00    1.000029E+00    2.916159E-05 
   128   -3.718284E-01    1.000020E+00    1.000028E+00    2.857860E-05 
   129   -3.708275E-01    1.000018E+00    1.000026E+00    2.763666E-05 
   130   -3.698265E-01    1.000017E+00    1.000023E+00    2.623413E-05 
   131   -3.688255E-01    1.000014E+00    1.000020E+00    2.435173E-05 
   132   -3.678245E-01    1.000012E+00    1.000016E+00    2.202339E-05 
   133   -3.668235E-01    1.000009E+00    1.000012E+00    1.924292E-05 
   134   -3.658225E-01    1.000005E+00    1.000007E+00    1.589705E-05 
   135   -3.648215E-01    1.000000E+00    1.000000E+00    1.186932E-05 
   136   -3.638205E-01    9.999952E-01    9.999932E-01    7.056785E-06 
   137   -3.628195E-01    9.999893E-01    9.999850E-01    1.355213E-06 
   138   -3.618185E-01    9.999826E-01    9.999756E-01   -5.220507E-06 
   139   -3.608175E-01    9.999750E-01    9.999650E-01   -1.266397E-05 
   140   -3.598165E-01    9.999665E-01    9.999531E-01   -2.112650E-05 
   141   -3.588154E-01    9.999571E-01    9.999399E-01   -3.064395E-05 
   142   -3.578144E-01    9.999466E-01    9.999252E-01   -4.133967E-05 
   143   -3.568133E-01    9.999350E-01    9.999090E-01   -5.337480E-05 
   144   -3.558122E-01    9.999223E-01    9.998912E-01   -6.649468E-05 
   145   -3.548112E-01    9.999085E-01    9.998719E-01   -8.090909E-05 
   146   -3.538101E-01    9.998935E-01    9.998509E-01   -9.690389E-05 
   147   -3.528090E-01    9.998773E-01    9.998281E-01   -1.140368E-04 
   148   -3.518078E-01    9.998599E-01    9.998038E-01   -1.329634E-04 
   149   -3.508067E-01    9.998415E-01    9.997781E-01   -1.539290E-04 
   150   -3.498055E-01    9.998226E-01    9.997517E-01   -1.759225E-04 
   151   -3.488043E-01    9.998040E-01    9.997256E-01   -2.005578E-04 
   152   -3.478031E-01    9.997868E-01    9.997015E-01   -2.273631E-04 
   153   -3.468019E-01    9.997729E-01    9.996821E-01   -2.538394E-04 
   154   -3.458007E-01    9.997647E-01    9.996705E-01   -2.854317E-04 
   155   -3.447994E-01    9.997646E-01    9.996704E-01   -3.175070E-04 
   156   -3.437981E-01    9.997753E-01    9.996854E-01   -3.310107E-04 
   157   -3.427968E-01    9.997991E-01    9.997187E-01   -3.129792E-04 
   158   -3.417955E-01    9.998373E-01    9.997722E-01   -2.663211E-04 
   159   -3.407943E-01    9.998905E-01    9.998466E-01   -1.970889E-04 
   160   -3.397932E-01    9.999579E-01    9.999411E-01   -1.071997E-04 
   161   -3.387921E-01    1.000038E+00    1.000053E+00    4.521475E-07 
   162   -3.377912E-01    1.000129E+00    1.000180E+00    1.219510E-04 
   163   -3.367903E-01    1.000227E+00    1.000318E+00    2.528764E-04 
   164   -3.357896E-01    1.000330E+00    1.000461E+00    3.887760E-04 
   165   -3.347890E-01    1.000434E+00    1.000607E+00    5.253857E-04 
   166   -3.337885E-01    1.000536E+00    1.000751E+00    6.587731E-04 
   167   -3.327881E-01    1.000635E+00    1.000889E+00    7.854811E-04 
   168   -3.317878E-01    1.000727E+00    1.001019E+00    9.025749E-04 
   169   -3.307876E-01    1.000812E+00    1.001137E+00    1.007768E-03 
   170   -3.297875E-01    1.000887E+00    1.001242E+00    1.099527E-03 
   171   -3.287875E-01    1.000952E+00    1.001333E+00    1.177029E-03 
   172   -3.277875E-01    1.001006E+00    1.001409E+00    1.240148E-03 
   173   -3.267876E-01    1.001050E+00    1.001471E+00    1.289338E-03 
   174   -3.257877E-01    1.001085E+00    1.001519E+00    1.325584E-03 
   175   -3.247878E-01    1.001110E+00    1.001555E+00    1.350069E-03 
   176   -3.237880E-01    1.001128E+00    1.001580E+00    1.364494E-03 
   177   -3.227881E-01    1.001139E+00    1.001595E+00    1.371732E-03 
   178   -3.217883E-01    1.001145E+00    1.001603E+00    1.374238E-03 
   179   -3.207884E-01    1.001145E+00    1.001604E+00    1.373549E-03 
   180   -3.197886E-01    1.001143E+00    1.001600E+00    1.370532E-03 
   181   -3.187887E-01    1.001137E+00    1.001592E+00    1.365085E-03 
   182   -3.177889E-01    1.001128E+00    1.001580E+00    1.357171E-03 
   183   -3.167890E-01    1.001118E+00    1.001565E+00    1.346790E-03 
   184   -3.157891E-01    1.001105E+00    1.001547E+00    1.334051E-03 
   185   -3.147892E-01    1.001090E+00    1.001527E+00    1.319079E-03 
   186   -3.137893E-01    1.001074E+00    1.001504E+00    1.301963E-03 
   187   -3.127894E-01    1.001056E+00    1.001479E+00    1.282791E-03 
   188   -3.117894E-01    1.001037E+00    1.001452E+00    1.261657E-03 
   189   -3.107895E-01    1.001016E+00    1.001423E+00    1.238668E-03 
   190   -3.097895E-01    1.000994E+00    1.001392E+00    1.213940E-03 
   191   -3.087895E-01    1.000971E+00    1.001359E+00    1.187598E-03 
   192   -3.077894E-01    1.000946E+00    1.001325E+00    1.159772E-03 
   193   -3.067894E-01    1.000921E+00    1.001289E+00    1.130595E-03 
   194   -3.057893E-01    1.000894E+00    1.001252E+00    1.100208E-03 
   195   -3.047892E-01    1.000867E+00    1.001214E+00    1.068751E-03 
   196   -3.037890E-01    1.000840E+00    1.001176E+00    1.036369E-03 
   197   -3.027888E-01    1.000811E+00    1.001136E+00    1.003205E-03 
   198   -3.017886E-01    1.000783E+00    1.001096E+00    9.694033E-04 
   199   -3.007884E-01    1.000754E+00    1.001055E+00    9.351061E-04 
   200   -2.997881E-01    1.000725E+00    1.001015E+00    9.004526E-04 
   201   -2.987879E-01    1.000696E+00    1.000974E+00    8.655791E-04 
   202   -2.977875E-01    1.000666E+00    1.000933E+00    8.306170E-04 
   203   -2.967872E-01    1.000637E+00    1.000893E+00    7.956928E-04 
   204   -2.957868E-01    1.000609E+00    1.000852E+00    7.609272E-04 
   205   -2.947864E-01    1.000580E+00    1.000813E+00    7.264341E-04 
   206   -2.937860E-01    1.000552E+00    1.000773E+00    6.923208E-04 
   207   -2.927855E-01    1.000525E+00    1.000735E+00    6.586870E-04 
   208   -2.917850E-01    1.000498E+00    1.000697E+00    6.256245E-04 
   209   -2.907845E-01    1.000471E+00    1.000660E+00    5.932175E-04 
   210   -2.897839E-01    1.000446E+00    1.000624E+00    5.615418E-04 
   211   -2.887834E-01    1.000421E+00    1.000589E+00    5.306649E-04 
   212   -2.877828E-01    1.000396E+00    1.000555E+00    5.006462E-04 
   213   -2.867822E-01    1.000373E+00    1.000522E+00    4.715371E-04 
   214   -2.857815E-01    1.000350E+00    1.000491E+00    4.433808E-04 
   215   -2.847808E-01    1.000329E+00    1.000460E+00    4.162126E-04 
   216   -2.837802E-01    1.000308E+00    1.000431E+00    3.900606E-04 
   217   -2.827795E-01    1.000288E+00    1.000403E+00    3.649455E-04 
   218   -2.817787E-01    1.000268E+00    1.000376E+00    3.408810E-04 
   219   -2.807780E-01    1.000250E+00    1.000350E+00    3.178744E-04 
   220   -2.797772E-01    1.000233E+00    1.000326E+00    2.959269E-04 
   221   -2.787764E-01    1.000216E+00    1.000303E+00    2.750340E-04 
   222   -2.777756E-01    1.000201E+00    1.000281E+00    2.551859E-04 
   223   -2.767748E-01    1.000186E+00    1.000260E+00    2.363681E-04 
   224   -2.757740E-01    1.000172E+00    1.000241E+00    2.185616E-04 
   225   -2.747732E-01    1.000159E+00    1.000222E+00    2.017436E-04 
   226   -2.737723E-01    1.000147E+00    1.000205E+00    1.858879E-04 
   227   -2.727714E-01    1.000135E+00    1.000189E+00    1.709650E-04 
   228   -2.717706E-01    1.000124E+00    1.000174E+00    1.569430E-04 
   229   -2.707697E-01    1.000114E+00    1.000160E+00    1.437878E-04 
   230   -2.697688E-01    1.000105E+00    1.000147E+00    1.314631E-04 
   231   -2.687679E-01    1.000096E+00    1.000135E+00    1.199315E-04 
   232   -2.677670E-01    1.000088E+00    1.000124E+00    1.091542E-04 
   233   -2.667661E-01    1.000081E+00    1.000113E+00    9.909158E-05 
   234   -2.657651E-01    1.000074E+00    1.000104E+00    8.970341E-05 
   235   -2.647642E-01    1.000068E+00    1.000095E+00    8.094920E-05 
   236   -2.637633E-01    1.000062E+00    1.000087E+00    7.278830E-05 
   237   -2.627623E-01    1.000057E+00    1.000080E+00    6.518023E-05 
   238   -2.617614E-01    1.000052E+00    1.000073E+00    5.808477E-05 
   239   -2.607604E-01    1.000048E+00    1.000067E+00    5.146221E-05 
   240   -2.597595E-01    1.000044E+00    1.000062E+00    4.527344E-05 
   241   -2.587585E-01    1.000041E+00    1.000057E+00    3.948010E-05 
   242   -2.577575E-01    1.000038E+00    1.000053E+00    3.404469E-05 
   243   -2.567566E-01    1.000035E+00    1.000050E+00    2.893066E-05 
   244   -2.557556E-01    1.000033E+00    1.000047E+00    2.410252E-05 
   245   -2.547546E-01    1.000031E+00    1.000044E+00    1.952587E-05 
   246   -2.537537E-01    1.000030E+00    1.000042E+00    1.516751E-05 
   247   -2.527527E-01    1.000029E+00    1.000040E+00    1.099549E-05 
   248   -2.517517E-01    1.000028E+00    1.000039E+00    6.979127E-06 
   249   -2.507507E-01    1.000027E+00    1.000038E+00    3.089130E-06 
   250   -2.497498E-01    1.000027E+00    1.000038E+00   -7.024053E-07 
   251   -2.487488E-01    1.000027E+00    1.000038E+00   -4.421914E-06 
   252   -2.477478E-01    1.000027E+00    1.000038E+00   -8.094308E-06 
   253   -2.467468E-01    1.000028E+00    1.000039E+00   -1.174291E-05 
   254   -2.457459E-01    1.000028E+00    1.000040E+00   -1.538939E-05 
   255   -2.447449E-01    1.000029E+00    1.000041E+00   -1.905367E-05 
   256   -2.437439E-01    1.000030E+00    1.000043E+00   -2.275386E-05 
   257   -2.427430E-01    1.000032E+00    1.000045E+00   -2.650617E-05 
   258   -2.417420E-01    1.000033E+00    1.000047E+00   -3.032477E-05 
   259   -2.407410E-01    1.000035E+00    1.000049E+00   -3.422174E-05 
   260   -2.397401E-01    1.000037E+00    1.000052E+00   -3.820688E-05 
   261   -2.387391E-01    1.000040E+00    1.000056E+00   -4.228765E-05 
   262   -2.377381E-01    1.000042E+00    1.000059E+00   -4.646903E-05 
   263   -2.367372E-01    1.000045E+00    1.000063E+00   -5.075335E-05 
   264   -2.357362E-01    1.000048E+00    1.000067E+00   -5.514019E-05 
   265   -2.347353E-01    1.000051E+00    1.000071E+00   -5.962624E-05 
   266   -2.337343E-01    1.000054E+00    1.000075E+00   -6.420518E-05 
   267   -2.327334E-01    1.000057E+00    1.000080E+00   -6.886752E-05 
   268   -2.317324E-01    1.000061E+00    1.000085E+00   -7.360053E-05 
   269   -2.307315E-01    1.000064E+00    1.000090E+00   -7.838811E-05 
   270   -2.297305E-01    1.000068E+00    1.000095E+00   -8.321074E-05 
   271   -2.287296E-01    1.000071E+00    1.000100E+00   -8.804538E-05 
   272   -2.277287E-01    1.000075E+00    1.000105E+00   -9.286546E-05 
   273   -2.267278E-01    1.000079E+00    1.000110E+00   -9.764089E-05 
   274   -2.257268E-01    1.000083E+00    1.000116E+00   -1.023380E-04 
   275   -2.247259E-01    1.000086E+00    1.000121E+00   -1.069194E-04 
   276   -2.237250E-01    1.000090E+00    1.000126E+00   -1.113444E-04 
   277   -2.227241E-01    1.000093E+00    1.000131E+00   -1.155689E-04 
   278   -2.217232E-01    1.000097E+00    1.000135E+00   -1.195462E-04 
   279   -2.207223E-01    1.000100E+00    1.000140E+00   -1.232267E-04 
   280   -2.197214E-01    1.000103E+00    1.000144E+00   -1.265543E-04 
   281   -2.187205E-01    1.000105E+00    1.000147E+00   -1.294577E-04 
   282   -2.177196E-01    1.000107E+00    1.000150E+00   -1.318567E-04 
   283   -2.167187E-01    1.000109E+00    1.000152E+00   -1.336749E-04 
   284   -2.157178E-01    1.000109E+00    1.000153E+00   -1.348675E-04 
   285   -2.147169E-01    1.000108E+00    1.000152E+00   -1.353227E-04 
   286   -2.137161E-01    1.000106E+00    1.000148E+00   -1.348529E-04 
   287   -2.127152E-01    1.000101E+00    1.000141E+00   -1.327889E-04 
   288   -2.117143E-01    1.000092E+00    1.000129E+00   -1.280906E-04 
   289   -2.107134E-01    1.000079E+00    1.000110E+00   -1.190740E-04 
   290   -2.097125E-01    1.000059E+00    1.000083E+00   -1.040443E-04 
   291   -2.087116E-01    1.000032E+00    1.000045E+00   -8.111276E-05 
   292   -2.077106E-01    9.999944E-01    9.999921E-01   -4.796492E-05 
   293   -2.067096E-01    9.999440E-01    9.999216E-01   -1.724926E-06 
   294   -2.057086E-01    9.998779E-01    9.998290E-01    6.097654E-05 
   295   -2.047075E-01    9.997923E-01    9.997092E-01    1.441497E-04 
   296   -2.037064E-01    9.996833E-01    9.995566E-01    2.524395E-04 
   297   -2.027051E-01    9.995462E-01    9.993647E-01    3.912495E-04 
   298   -2.017037E-01    9.993757E-01    9.991260E-01    5.667443E-04 
   299   -2.007022E-01    9.991659E-01    9.988323E-01    7.859198E-04 
   300   -1.997004E-01    9.989103E-01    9.984744E-01    1.056637E-03 
   301   -1.986984E-01    9.986016E-01    9.980424E-01    1.387554E-03 
   302   -1.976961E-01    9.982323E-01    9.975255E-01    1.788212E-03 
   303   -1.966934E-01    9.977940E-01    9.969121E-01    2.268842E-03 
   304   -1.956903E-01    9.972781E-01    9.961903E-01    2.840415E-03 
   305   -1.946866E-01    9.966757E-01    9.953475E-01    3.514398E-03 
   306   -1.936823E-01    9.959775E-01    9.943710E-01    4.302682E-03 
   307   -1.926774E-01    9.951745E-01    9.932480E-01    5.217335E-03 
   308   -1.916716E-01    9.942575E-01    9.919662E-01    6.270400E-03 
   309   -1.906648E-01    9.932181E-01    9.905136E-01    7.473626E-03 
   310   -1.896569E-01    9.920480E-01    9.888792E-01    8.838178E-03 
   311   -1.886478E-01    9.907401E-01    9.870530E-01    1.037436E-02 
   312   -1.876374E-01    9.892881E-01    9.850266E-01    1.209130E-02 
   313   -1.866254E-01    9.876868E-01    9.827931E-01    1.399673E-02 
   314   -1.856117E-01    9.859324E-01    9.803478E-01    1.609664E-02 
   315   -1.845961E-01    9.840229E-01    9.776880E-01    1.839520E-02 
   316   -1.835784E-01    9.819574E-01    9.748132E-01    2.089442E-02 
   317   -1.825585E-01    9.797370E-01    9.717254E-01    2.359422E-02 
   318   -1.815362E-01    9.773643E-01    9.684288E-01    2.649222E-02 
   319   -1.805113E-01    9.748435E-01    9.649300E-01    2.958383E-02 
   320   -1.794836E-01    9.721805E-01    9.612375E-01    3.286234E-02 
   321   -1.784530E-01    9.693824E-01    9.573620E-01    3.631904E-02 
   322   -1.774193E-01    9.664575E-01    9.533158E-01    3.994357E-02 
   323   -1.763824E-01    9.634153E-01    9.491123E-01    4.372413E-02 
   324   -1.753421E-01    9.602658E-01    9.447662E-01    4.764784E-02 
   325   -1.742982E-01    9.570196E-01    9.402925E-01    5.170112E-02 
   326   -1.732507E-01    9.536873E-01    9.357066E-01    5.586998E-02 
   327   -1.721994E-01    9.502795E-01    9.310234E-01    6.014036E-02 
   328   -1.711443E-01    9.468063E-01    9.262573E-01    6.449859E-02 
   329   -1.700852E-01    9.432771E-01    9.214214E-01    6.893174E-02 
   330   -1.690221E-01    9.397002E-01    9.165275E-01    7.342810E-02 
   331   -1.679549E-01    9.360824E-01    9.115854E-01    7.797764E-02 
   332   -1.668835E-01    9.324293E-01    9.066026E-01    8.257235E-02 
   333   -1.658078E-01    9.287440E-01    9.015840E-01    8.720669E-02 
   334   -1.647279E-01    9.250277E-01    8.965310E-01    9.187785E-02 
   335   -1.636436E-01    9.212788E-01    8.914419E-01    9.658610E-02 
   336   -1.625548E-01    9.174931E-01    8.863111E-01    1.013350E-01 
   337   -1.614616E-01    9.136637E-01    8.811295E-01    1.061316E-01 
   338   -1.603638E-01    9.097814E-01    8.758850E-01    1.109904E-01 
   339   -1.592613E-01    9.058354E-01    8.705635E-01    1.159351E-01 
   340   -1.581540E-01    9.018139E-01    8.651495E-01    1.209889E-01 
   341   -1.570418E-01    8.977054E-01    8.596280E-01    1.261754E-01 
   342   -1.559244E-01    8.934990E-01    8.539853E-01    1.315163E-01 
   343   -1.548018E-01    8.891866E-01    8.482111E-01    1.370308E-01 
   344   -1.536736E-01    8.847625E-01    8.422991E-01    1.427335E-01 
   345   -1.525397E-01    8.802252E-01    8.362479E-01    1.486333E-01 
   346   -1.513998E-01    8.755774E-01    8.300622E-01    1.547324E-01 
   347   -1.502537E-01    8.708260E-01    8.237523E-01    1.610226E-01 
   348   -1.491012E-01    8.659823E-01    8.173341E-01    1.674847E-01 
   349   -1.479422E-01    8.610608E-01    8.108274E-01    1.740972E-01 
   350   -1.467763E-01    8.560782E-01    8.042553E-01    1.808347E-01 
   351   -1.456036E-01    8.510525E-01    7.976420E-01    1.876702E-01 
   352   -1.444238E-01    8.460014E-01    7.910111E-01    1.945757E-01 
   353   -1.432369E-01    8.409414E-01    7.843846E-01    2.015242E-01 
   354   -1.420427E-01    8.358871E-01    7.777815E-01    2.084905E-01 
   355   -1.408413E-01    8.308501E-01    7.712170E-01    2.154537E-01 
   356   -1.396326E-01    8.258386E-01    7.647016E-01    2.223992E-01 
   357   -1.384165E-01    8.208575E-01    7.582414E-01    2.293181E-01 
   358   -1.371931E-01    8.159081E-01    7.518380E-01    2.362078E-01 
   359   -1.359623E-01    8.109898E-01    7.454899E-01    2.430751E-01 
   360   -1.347240E-01    8.060996E-01    7.391936E-01    2.499452E-01 
   361   -1.334783E-01    8.012343E-01    7.329443E-01    2.568331E-01 
   362   -1.322249E-01    7.963903E-01    7.267375E-01    2.637339E-01 
   363   -1.309640E-01    7.915652E-01    7.205700E-01    2.706453E-01 
   364   -1.296954E-01    7.867578E-01    7.144401E-01    2.775631E-01 
   365   -1.284190E-01    7.819684E-01    7.083481E-01    2.844860E-01 
   366   -1.271348E-01    7.771991E-01    7.022967E-01    2.914279E-01 
   367   -1.258426E-01    7.724547E-01    6.962917E-01    2.983894E-01 
   368   -1.245425E-01    7.677420E-01    6.903416E-01    3.053522E-01 
   369   -1.232344E-01    7.630696E-01    6.844568E-01    3.122998E-01 
   370   -1.219182E-01    7.584464E-01    6.786484E-01    3.192126E-01 
   371   -1.205940E-01    7.538812E-01    6.729268E-01    3.260700E-01 
   372   -1.192617E-01    7.493814E-01    6.673009E-01    3.328516E-01 
   373   -1.179215E-01    7.449529E-01    6.617774E-01    3.395411E-01 
   374   -1.165733E-01    7.405993E-01    6.563602E-01    3.461270E-01 
   375   -1.152173E-01    7.363222E-01    6.510506E-01    3.526033E-01 
   376   -1.138534E-01    7.321200E-01    6.458461E-01    3.589712E-01 
   377   -1.124817E-01    7.279876E-01    6.407395E-01    3.652391E-01 
   378   -1.111024E-01    7.239148E-01    6.357180E-01    3.714212E-01 
   379   -1.097153E-01    7.198860E-01    6.307617E-01    3.775358E-01 
   380   -1.083206E-01    7.158789E-01    6.258428E-01    3.836078E-01 
   381   -1.069182E-01    7.118646E-01    6.209259E-01    3.896702E-01 
   382   -1.055080E-01    7.078086E-01    6.159690E-01    3.957739E-01 
   383   -1.040898E-01    7.036735E-01    6.109266E-01    4.019988E-01 
   384   -1.026633E-01    6.994214E-01    6.057536E-01    4.084268E-01 
   385   -1.012281E-01    6.950176E-01    6.004092E-01    4.151396E-01 
   386   -9.978362E-02    6.904346E-01    5.948613E-01    4.222100E-01 
   387   -9.832937E-02    6.856542E-01    5.890901E-01    4.296930E-01 
   388   -9.686472E-02    6.806706E-01    5.830906E-01    4.376199E-01 
   389   -9.538902E-02    6.754907E-01    5.768736E-01    4.459854E-01 
   390   -9.390163E-02    6.701350E-01    5.704659E-01    4.547389E-01 
   391   -9.240195E-02    6.646357E-01    5.639079E-01    4.638147E-01 
   392   -9.088947E-02    6.590341E-01    5.572506E-01    4.731375E-01 
   393   -8.936381E-02    6.533764E-01    5.505499E-01    4.826298E-01 
   394   -8.782468E-02    6.477089E-01    5.438612E-01    4.922136E-01 
   395   -8.627191E-02    6.420740E-01    5.372345E-01    5.018166E-01 
   396   -8.470541E-02    6.365068E-01    5.307103E-01    5.113743E-01 
   397   -8.312523E-02    6.310322E-01    5.243172E-01    5.208356E-01 
   398   -8.153141E-02    6.256636E-01    5.180693E-01    5.301582E-01 
   399   -7.992404E-02    6.204023E-01    5.119672E-01    5.393180E-01 
   400   -7.830321E-02    6.152393E-01    5.059991E-01    5.483120E-01 
   401   -7.666897E-02    6.101584E-01    5.001453E-01    5.571677E-01 
   402   -7.502127E-02    6.051410E-01    4.943837E-01    5.659650E-01 
   403   -7.335998E-02    6.001701E-01    4.886941E-01    5.747881E-01 
   404   -7.168496E-02    5.952327E-01    4.830616E-01    5.836591E-01 
   405   -6.999605E-02    5.903212E-01    4.774770E-01    5.925865E-01 
   406   -6.829307E-02    5.854335E-01    4.719382E-01    6.015635E-01 
   407   -6.657580E-02    5.805753E-01    4.664512E-01    6.105991E-01 
   408   -6.484406E-02    5.757627E-01    4.610340E-01    6.196388E-01 
   409   -6.309773E-02    5.710237E-01    4.557177E-01    6.286038E-01 
   410   -6.133679E-02    5.663966E-01    4.505442E-01    6.374138E-01 
   411   -5.956140E-02    5.619265E-01    4.455624E-01    6.459869E-01 
   412   -5.777194E-02    5.576606E-01    4.408231E-01    6.542424E-01 
   413   -5.596894E-02    5.536449E-01    4.363751E-01    6.620975E-01 
   414   -5.415310E-02    5.499238E-01    4.322649E-01    6.694548E-01 
   415   -5.232529E-02    5.465423E-01    4.285392E-01    6.762013E-01 
   416   -5.048657E-02    5.435505E-01    4.252502E-01    6.822094E-01 
   417   -4.863817E-02    5.410092E-01    4.224614E-01    6.873349E-01 
   418   -4.678159E-02    5.389923E-01    4.202505E-01    6.914085E-01 
   419   -4.491866E-02    5.375734E-01    4.186949E-01    6.942628E-01 
   420   -4.305163E-02    5.367902E-01    4.178333E-01    6.957371E-01 
   421   -4.118331E-02    5.366028E-01    4.176211E-01    6.954829E-01 
   422   -3.931625E-02    5.368853E-01    4.179208E-01    6.941515E-01 
   423   -3.745174E-02    5.374710E-01    4.185510E-01    6.926365E-01 
   424   -3.558992E-02    5.382160E-01    4.193553E-01    6.910020E-01 
   425   -3.373096E-02    5.390321E-01    4.202374E-01    6.892856E-01 
   426   -3.187491E-02    5.398751E-01    4.211492E-01    6.875463E-01 
   427   -3.002193E-02    5.407187E-01    4.220620E-01    6.858460E-01 
   428   -2.817196E-02    5.415412E-01    4.229521E-01    6.842373E-01 
   429   -2.632474E-02    5.423243E-01    4.237993E-01    6.827439E-01 
   430   -2.448018E-02    5.430540E-01    4.245882E-01    6.813820E-01 
   431   -2.263803E-02    5.437193E-01    4.253067E-01    6.801672E-01 
   432   -2.079809E-02    5.443117E-01    4.259453E-01    6.791097E-01 
   433   -1.896003E-02    5.448278E-01    4.265001E-01    6.782006E-01 
   434   -1.712355E-02    5.452699E-01    4.269737E-01    6.774269E-01 
   435   -1.528837E-02    5.456443E-01    4.273728E-01    6.767809E-01 
   436   -1.345437E-02    5.459574E-01    4.277044E-01    6.762550E-01 
   437   -1.162135E-02    5.462165E-01    4.279765E-01    6.758327E-01 
   438   -9.788978E-03    5.464298E-01    4.281981E-01    6.754907E-01 
   439   -7.957271E-03    5.466059E-01    4.283783E-01    6.752143E-01 
   440   -6.126094E-03    5.467515E-01    4.285248E-01    6.749912E-01 
   441   -4.295345E-03    5.468723E-01    4.286436E-01    6.748076E-01 
   442   -2.464935E-03    5.469741E-01    4.287412E-01    6.746511E-01 
   443   -6.347509E-04    5.470619E-01    4.288229E-01    6.745150E-01 
   444    1.195040E-03    5.471391E-01    4.288924E-01    6.743967E-01 
   445    3.024631E-03    5.472084E-01    4.289528E-01    6.742922E-01 
   446    4.854132E-03    5.472718E-01    4.290066E-01    6.741984E-01 
   447    6.683266E-03    5.473305E-01    4.290546E-01    6.741144E-01 
   448    8.512245E-03    5.473854E-01    4.290973E-01    6.740367E-01 
   449    1.034116E-02    5.474374E-01    4.291359E-01    6.739648E-01 
   450    1.216980E-02    5.474867E-01    4.291716E-01    6.738996E-01 
   451    1.399827E-02    5.475335E-01    4.292047E-01    6.738395E-01 
   452    1.582665E-02    5.475785E-01    4.292346E-01    6.737800E-01 
   453    1.765488E-02    5.476228E-01    4.292619E-01    6.737247E-01 
   454    1.948299E-02    5.476660E-01    4.292867E-01    6.736760E-01 
   455    2.131079E-02    5.477076E-01    4.293100E-01    6.736288E-01 
   456    2.313858E-02    5.477489E-01    4.293335E-01    6.735802E-01 
   457    2.496643E-02    5.477906E-01    4.293562E-01    6.735366E-01 
   458    2.679375E-02    5.478315E-01    4.293753E-01    6.734992E-01 
   459    2.862101E-02    5.478718E-01    4.293914E-01    6.734579E-01 
   460    3.044854E-02    5.479130E-01    4.294084E-01    6.734163E-01 
   461    3.227560E-02    5.479543E-01    4.294262E-01    6.733837E-01 
   462    3.410227E-02    5.479944E-01    4.294420E-01    6.733529E-01 
   463    3.592927E-02    5.480353E-01    4.294558E-01    6.733142E-01 
   464    3.775619E-02    5.480786E-01    4.294695E-01    6.732818E-01 
   465    3.958250E-02    5.481217E-01    4.294805E-01    6.732604E-01 
   466    4.140868E-02    5.481636E-01    4.294886E-01    6.732312E-01 
   467    4.323529E-02    5.482082E-01    4.294992E-01    6.731947E-01 
   468    4.506158E-02    5.482550E-01    4.295132E-01    6.731740E-01 
   469    4.688700E-02    5.483004E-01    4.295239E-01    6.731608E-01 
   470    4.871280E-02    5.483475E-01    4.295293E-01    6.731267E-01 
   471    5.053910E-02    5.484009E-01    4.295333E-01    6.730944E-01 
   472    5.236430E-02    5.484552E-01    4.295366E-01    6.730883E-01 
   473    5.418885E-02    5.485053E-01    4.295414E-01    6.730785E-01 
   474    5.601459E-02    5.485599E-01    4.295555E-01    6.730354E-01 
   475    5.783997E-02    5.486252E-01    4.295710E-01    6.730070E-01 
   476    5.966397E-02    5.486906E-01    4.295648E-01    6.730325E-01 
   477    6.148820E-02    5.487523E-01    4.295418E-01    6.730098E-01 
   478    6.331298E-02    5.488245E-01    4.295468E-01    6.729441E-01 
   479    6.513726E-02    5.489042E-01    4.295743E-01    6.729411E-01 
   480    6.696100E-02    5.489785E-01    4.295767E-01    6.730357E-01 
   481    6.878298E-02    5.490612E-01    4.295543E-01    6.729004E-01 
   482    7.060654E-02    5.491711E-01    4.295550E-01    6.728418E-01 
   483    7.243457E-02    5.492790E-01    4.295545E-01    6.730252E-01 
   484    7.424972E-02    5.493789E-01    4.295364E-01    6.729245E-01 
   485    7.606910E-02    5.495199E-01    4.295551E-01    6.727214E-01 
   486    7.790720E-02    5.496902E-01    4.296141E-01    6.729675E-01 
   487    7.971762E-02    5.498956E-01    4.296839E-01    6.730434E-01 
   488    8.151904E-02    5.501970E-01    4.297339E-01    6.725040E-01 
   489    8.337634E-02    5.506438E-01    4.297277E-01    6.730130E-01 
   490    8.519189E-02    5.510893E-01    4.294577E-01    6.731029E-01 
   491    8.693777E-02    5.513695E-01    4.287723E-01    6.722667E-01 
   492    8.884064E-02    5.512806E-01    4.277152E-01    6.731940E-01 
   493    9.066050E-02    5.498475E-01    4.256201E-01    6.729525E-01 
   494    9.232405E-02    5.467200E-01    4.231927E-01    6.722382E-01 
   495    9.432939E-02    5.401984E-01    4.221897E-01    6.733771E-01 
   496    9.614866E-02    5.318058E-01    4.253251E-01    6.723092E-01 
   497    9.788950E-02    5.221319E-01    4.305998E-01    6.730355E-01 
   498    1.000759E-01    5.099338E-01    4.357830E-01    6.727364E-01 
   499    1.025751E-01    4.949977E-01    4.483278E-01    6.744927E-01 
   500    1.010474E-01    5.039755E-01    3.509032E-01    6.698684E-01 
   501    1.030140E-01    4.922045E-01    3.725667E-01    6.684665E-01 
   502    1.042965E-01    4.839816E-01    3.948429E-01    6.718384E-01 
   503    1.049834E-01    4.795786E-01    4.162062E-01    6.730623E-01 
   504    1.052004E-01    4.782615E-01    4.336808E-01    6.724513E-01 
   505    1.056646E-01    4.756107E-01    4.426501E-01    6.707393E-01 
   506    1.066346E-01    4.705787E-01    4.437440E-01    6.722841E-01 
   507    1.072292E-01    4.677724E-01    4.430812E-01    6.747600E-01 
   508    1.074438E-01    4.668260E-01    4.421077E-01    6.747763E-01 
   509    1.076234E-01    4.660753E-01    4.407588E-01    6.734076E-01 
   510    1.081931E-01    4.639873E-01    4.382633E-01    6.711809E-01 
   511    1.089110E-01    4.618402E-01    4.358208E-01    6.721373E-01 
   512    1.095707E-01    4.602700E-01    4.339483E-01    6.722274E-01 
   513    1.102256E-01    4.590871E-01    4.324792E-01    6.720359E-01 
   514    1.107747E-01    4.583545E-01    4.314180E-01    6.717120E-01 
   515    1.113995E-01    4.577351E-01    4.304566E-01    6.736008E-01 
   516    1.118900E-01    4.573642E-01    4.297525E-01    6.737696E-01 
   517    1.123140E-01    4.571278E-01    4.292564E-01    6.732626E-01 
   518    1.127741E-01    4.569665E-01    4.288710E-01    6.726420E-01 
   519    1.133139E-01    4.568552E-01    4.285602E-01    6.725377E-01 
   520    1.138766E-01    4.568081E-01    4.283338E-01    6.723488E-01 
   521    1.144677E-01    4.568191E-01    4.281999E-01    6.721461E-01 
   522    1.151162E-01    4.568705E-01    4.281238E-01    6.723865E-01 
   523    1.157139E-01    4.569249E-01    4.280614E-01    6.728978E-01 
   524    1.162329E-01    4.569744E-01    4.279940E-01    6.731163E-01 
   525    1.167286E-01    4.570256E-01    4.279361E-01    6.729823E-01 
   526    1.172559E-01    4.570944E-01    4.278988E-01    6.725288E-01 
   527    1.177991E-01    4.571748E-01    4.278763E-01    6.725379E-01 
   528    1.183237E-01    4.572519E-01    4.278473E-01    6.725994E-01 
   529    1.188562E-01    4.573307E-01    4.278262E-01    6.725066E-01 
   530    1.194164E-01    4.574136E-01    4.278184E-01    6.725312E-01 
   531    1.199948E-01    4.574937E-01    4.278186E-01    6.728466E-01 
   532    1.205619E-01    4.575612E-01    4.278148E-01    6.730156E-01 
   533    1.211091E-01    4.576211E-01    4.278103E-01    6.728405E-01 
   534    1.216467E-01    4.576870E-01    4.278188E-01    6.725118E-01 
   535    1.221955E-01    4.577592E-01    4.278358E-01    6.724164E-01 
   536    1.227471E-01    4.578276E-01    4.278472E-01    6.725435E-01 
   537    1.232832E-01    4.578888E-01    4.278501E-01    6.725789E-01 
   538    1.238148E-01    4.579463E-01    4.278480E-01    6.726144E-01 
   539    1.243522E-01    4.580003E-01    4.278456E-01    6.727234E-01 
   540    1.248951E-01    4.580495E-01    4.278386E-01    6.727975E-01 
   541    1.254440E-01    4.580957E-01    4.278364E-01    6.727732E-01 
   542    1.260004E-01    4.581421E-01    4.278361E-01    6.726779E-01 
   543    1.265601E-01    4.581899E-01    4.278468E-01    6.725818E-01 
   544    1.271154E-01    4.582371E-01    4.278548E-01    6.725573E-01 
   545    1.276648E-01    4.582812E-01    4.278663E-01    6.726046E-01 
   546    1.282076E-01    4.583211E-01    4.278673E-01    6.726375E-01 
   547    1.287451E-01    4.583580E-01    4.278712E-01    6.726432E-01 
   548    1.292799E-01    4.583926E-01    4.278664E-01    6.726336E-01 
   549    1.298162E-01    4.584261E-01    4.278672E-01    6.726079E-01 
   550    1.303581E-01    4.584594E-01    4.278640E-01    6.725855E-01 
   551    1.309083E-01    4.584920E-01    4.278666E-01    6.725952E-01 
   552    1.314639E-01    4.585225E-01    4.278657E-01    6.726432E-01 
   553    1.320184E-01    4.585500E-01    4.278662E-01    6.726714E-01 
   554    1.325684E-01    4.585754E-01    4.278649E-01    6.726649E-01 
   555    1.331150E-01    4.585994E-01    4.278636E-01    6.726422E-01 
   556    1.336586E-01    4.586230E-01    4.278642E-01    6.726103E-01 
   557    1.341996E-01    4.586467E-01    4.278626E-01    6.725686E-01 
   558    1.347395E-01    4.586709E-01    4.278666E-01    6.725288E-01 
   559    1.352804E-01    4.586951E-01    4.278655E-01    6.725129E-01 
   560    1.358245E-01    4.587182E-01    4.278702E-01    6.725414E-01 
   561    1.363715E-01    4.587392E-01    4.278664E-01    6.725983E-01 
   562    1.369205E-01    4.587579E-01    4.278681E-01    6.726378E-01 
   563    1.374691E-01    4.587747E-01    4.278618E-01    6.726441E-01 
   564    1.380174E-01    4.587906E-01    4.278625E-01    6.726281E-01 
   565    1.385643E-01    4.588063E-01    4.278579E-01    6.726033E-01 
   566    1.391100E-01    4.588222E-01    4.278597E-01    6.725772E-01 
   567    1.396540E-01    4.588384E-01    4.278583E-01    6.725520E-01 
   568    1.401973E-01    4.588547E-01    4.278605E-01    6.725316E-01 
   569    1.407401E-01    4.588706E-01    4.278612E-01    6.725245E-01 
   570    1.412835E-01    4.588857E-01    4.278614E-01    6.725338E-01 
   571    1.418282E-01    4.588996E-01    4.278623E-01    6.725529E-01 
   572    1.423741E-01    4.589121E-01    4.278592E-01    6.725701E-01 
   573    1.429211E-01    4.589236E-01    4.278599E-01    6.725767E-01 
   574    1.434681E-01    4.589341E-01    4.278547E-01    6.725753E-01 
   575    1.440151E-01    4.589440E-01    4.278559E-01    6.725686E-01 
   576    1.445609E-01    4.589535E-01    4.278501E-01    6.725584E-01 
   577    1.451063E-01    4.589628E-01    4.278518E-01    6.725448E-01 
   578    1.456505E-01    4.589723E-01    4.278470E-01    6.725306E-01 
   579    1.461945E-01    4.589818E-01    4.278493E-01    6.725166E-01 
   580    1.467384E-01    4.589913E-01    4.278462E-01    6.725065E-01 
   581    1.472828E-01    4.590005E-01    4.278478E-01    6.725054E-01 
   582    1.478278E-01    4.590090E-01    4.278453E-01    6.725127E-01 
   583    1.483735E-01    4.590166E-01    4.278447E-01    6.725222E-01 
   584    1.489196E-01    4.590234E-01    4.278426E-01    6.725280E-01 
   585    1.494656E-01    4.590295E-01    4.278396E-01    6.725277E-01 
   586    1.500116E-01    4.590353E-01    4.278388E-01    6.725217E-01 
   587    1.505568E-01    4.590408E-01    4.278343E-01    6.725126E-01 
   588    1.511020E-01    4.590463E-01    4.278353E-01    6.725017E-01 
   589    1.516465E-01    4.590520E-01    4.278306E-01    6.724915E-01 
   590    1.521911E-01    4.590578E-01    4.278331E-01    6.724830E-01 
   591    1.527356E-01    4.590635E-01    4.278286E-01    6.724778E-01 
   592    1.532805E-01    4.590689E-01    4.278312E-01    6.724766E-01 
   593    1.538255E-01    4.590739E-01    4.278267E-01    6.724786E-01 
   594    1.543710E-01    4.590783E-01    4.278279E-01    6.724808E-01 
   595    1.549164E-01    4.590822E-01    4.278237E-01    6.724820E-01 
   596    1.554619E-01    4.590856E-01    4.278232E-01    6.724803E-01 
   597    1.560074E-01    4.590888E-01    4.278201E-01    6.724765E-01 
   598    1.565525E-01    4.590918E-01    4.278181E-01    6.724717E-01 
   599    1.570976E-01    4.590947E-01    4.278168E-01    6.724652E-01 
   600    1.576423E-01    4.590976E-01    4.278136E-01    6.724589E-01 
   601    1.581872E-01    4.591005E-01    4.278142E-01    6.724530E-01 
   602    1.587320E-01    4.591032E-01    4.278099E-01    6.724484E-01 
   603    1.592770E-01    4.591058E-01    4.278115E-01    6.724456E-01 
   604    1.598220E-01    4.591082E-01    4.278063E-01    6.724439E-01 
   605    1.603673E-01    4.591102E-01    4.278079E-01    6.724423E-01 
   606    1.609125E-01    4.591118E-01    4.278023E-01    6.724408E-01 
   607    1.614578E-01    4.591132E-01    4.278030E-01    6.724378E-01 
   608    1.620030E-01    4.591143E-01    4.277978E-01    6.724341E-01 
   609    1.625480E-01    4.591152E-01    4.277975E-01    6.724295E-01 
   610    1.630931E-01    4.591161E-01    4.277934E-01    6.724238E-01 
   611    1.636380E-01    4.591168E-01    4.277919E-01    6.724183E-01 
   612    1.641830E-01    4.591175E-01    4.277894E-01    6.724128E-01 
   613    1.647279E-01    4.591180E-01    4.277865E-01    6.724078E-01 
   614    1.652730E-01    4.591184E-01    4.277855E-01    6.724035E-01 
   615    1.658180E-01    4.591185E-01    4.277809E-01    6.723995E-01 
   616    1.663632E-01    4.591185E-01    4.277809E-01    6.723956E-01 
   617    1.669082E-01    4.591182E-01    4.277750E-01    6.723916E-01 
   618    1.674535E-01    4.591178E-01    4.277755E-01    6.723866E-01 
   619    1.679985E-01    4.591172E-01    4.277690E-01    6.723817E-01 
   620    1.685437E-01    4.591165E-01    4.277693E-01    6.723759E-01 
   621    1.690887E-01    4.591157E-01    4.277631E-01    6.723700E-01 
   622    1.696337E-01    4.591147E-01    4.277626E-01    6.723643E-01 
   623    1.701787E-01    4.591137E-01    4.277573E-01    6.723584E-01 
   624    1.707237E-01    4.591125E-01    4.277556E-01    6.723529E-01 
   625    1.712688E-01    4.591111E-01    4.277515E-01    6.723475E-01 
   626    1.718138E-01    4.591095E-01    4.277481E-01    6.723421E-01 
   627    1.723590E-01    4.591077E-01    4.277452E-01    6.723368E-01 
   628    1.729040E-01    4.591057E-01    4.277400E-01    6.723311E-01 
   629    1.734493E-01    4.591034E-01    4.277381E-01    6.723249E-01 
   630    1.739943E-01    4.591009E-01    4.277311E-01    6.723186E-01 
   631    1.745395E-01    4.590982E-01    4.277297E-01    6.723109E-01 
   632    1.750844E-01    4.590953E-01    4.277217E-01    6.723033E-01 
   633    1.756295E-01    4.590922E-01    4.277202E-01    6.722947E-01 
   634    1.761746E-01    4.590890E-01    4.277119E-01    6.722856E-01 
   635    1.767197E-01    4.590856E-01    4.277098E-01    6.722762E-01 
   636    1.772648E-01    4.590821E-01    4.277020E-01    6.722658E-01 
   637    1.778099E-01    4.590786E-01    4.276990E-01    6.722552E-01 
   638    1.783551E-01    4.590752E-01    4.276926E-01    6.722438E-01 
   639    1.789002E-01    4.590719E-01    4.276888E-01    6.722321E-01 
   640    1.794453E-01    4.590688E-01    4.276845E-01    6.722206E-01 
   641    1.799904E-01    4.590661E-01    4.276800E-01    6.722086E-01 
   642    1.805356E-01    4.590638E-01    4.276784E-01    6.721970E-01 
   643    1.810807E-01    4.590619E-01    4.276735E-01    6.721869E-01 
   644    1.816260E-01    4.590604E-01    4.276743E-01    6.721779E-01 
   645    1.821710E-01    4.590592E-01    4.276696E-01    6.721742E-01 
   646    1.827162E-01    4.590583E-01    4.276718E-01    6.721736E-01 
   647    1.832613E-01    4.590575E-01    4.276673E-01    6.721780E-01 
   648    1.838065E-01    4.590565E-01    4.276693E-01    6.721860E-01 
   649    1.843516E-01    4.590549E-01    4.276644E-01    6.721947E-01 
   650    1.848967E-01    4.590524E-01    4.276638E-01    6.722045E-01 
   651    1.854419E-01    4.590485E-01    4.276570E-01    6.722122E-01 
   652    1.859870E-01    4.590429E-01    4.276513E-01    6.722180E-01 
   653    1.865321E-01    4.590349E-01    4.276405E-01    6.722211E-01 
   654    1.870772E-01    4.590241E-01    4.276268E-01    6.722194E-01 
   655    1.876224E-01    4.590102E-01    4.276099E-01    6.722129E-01 
   656    1.881674E-01    4.589928E-01    4.275861E-01    6.721998E-01 
   657    1.887127E-01    4.589719E-01    4.275616E-01    6.721752E-01 
   658    1.892577E-01    4.589476E-01    4.275276E-01    6.721385E-01 
   659    1.898030E-01    4.589203E-01    4.274956E-01    6.720861E-01 
   660    1.903482E-01    4.588906E-01    4.274541E-01    6.720186E-01 
   661    1.908935E-01    4.588596E-01    4.274175E-01    6.719343E-01 
   662    1.914388E-01    4.588284E-01    4.273741E-01    6.718337E-01 
   663    1.919842E-01    4.587984E-01    4.273386E-01    6.717183E-01 
   664    1.925297E-01    4.587714E-01    4.273014E-01    6.715894E-01 
   665    1.930753E-01    4.587490E-01    4.272749E-01    6.714499E-01 
   666    1.936209E-01    4.587328E-01    4.272530E-01    6.713090E-01 
   667    1.941667E-01    4.587241E-01    4.272430E-01    6.711816E-01 
   668    1.947125E-01    4.587239E-01    4.272435E-01    6.710944E-01 
   669    1.952582E-01    4.587326E-01    4.272549E-01    6.710661E-01 
   670    1.958042E-01    4.587502E-01    4.272802E-01    6.711101E-01 
   671    1.963498E-01    4.587757E-01    4.273120E-01    6.712268E-01 
   672    1.968957E-01    4.588075E-01    4.273571E-01    6.713964E-01 
   673    1.974411E-01    4.588432E-01    4.274012E-01    6.716060E-01 
   674    1.979867E-01    4.588795E-01    4.274527E-01    6.718318E-01 
   675    1.985319E-01    4.589125E-01    4.274931E-01    6.720584E-01 
   676    1.990771E-01    4.589378E-01    4.275302E-01    6.722723E-01 
   677    1.996222E-01    4.589507E-01    4.275447E-01    6.724603E-01 
   678    2.001670E-01    4.589459E-01    4.275419E-01    6.726111E-01 
   679    2.007119E-01    4.589188E-01    4.275053E-01    6.727197E-01 
   680    2.012567E-01    4.588647E-01    4.274369E-01    6.727751E-01 
   681    2.018014E-01    4.587799E-01    4.273264E-01    6.727712E-01 
   682    2.023463E-01    4.586619E-01    4.271733E-01    6.726977E-01 
   683    2.028912E-01    4.585096E-01    4.269763E-01    6.725415E-01 
   684    2.034361E-01    4.583241E-01    4.267336E-01    6.722832E-01 
   685    2.039815E-01    4.581083E-01    4.264552E-01    6.718975E-01 
   686    2.045269E-01    4.578682E-01    4.261402E-01    6.713643E-01 
   687    2.050731E-01    4.576116E-01    4.258096E-01    6.706793E-01 
   688    2.056194E-01    4.573496E-01    4.254655E-01    6.698420E-01 
   689    2.061665E-01    4.570946E-01    4.251375E-01    6.688642E-01 
   690    2.067142E-01    4.568609E-01    4.248307E-01    6.677691E-01 
   691    2.072626E-01    4.566635E-01    4.245773E-01    6.665545E-01 
   692    2.078118E-01    4.565165E-01    4.243841E-01    6.653056E-01 
   693    2.083616E-01    4.564324E-01    4.242776E-01    6.641524E-01 
   694    2.089121E-01    4.564206E-01    4.242617E-01    6.633151E-01 
   695    2.094629E-01    4.564856E-01    4.243481E-01    6.629789E-01 
   696    2.100138E-01    4.566261E-01    4.245321E-01    6.632844E-01 
   697    2.105643E-01    4.568335E-01    4.248026E-01    6.642393E-01 
   698    2.111142E-01    4.570915E-01    4.251411E-01    6.657096E-01 
   699    2.116630E-01    4.573754E-01    4.255098E-01    6.675074E-01 
   700    2.122107E-01    4.576534E-01    4.258756E-01    6.694994E-01 
   701    2.127570E-01    4.578859E-01    4.261760E-01    6.714880E-01 
   702    2.133022E-01    4.580273E-01    4.263637E-01    6.733899E-01 
   703    2.138461E-01    4.580265E-01    4.263583E-01    6.750666E-01 
   704    2.143892E-01    4.578283E-01    4.261006E-01    6.764145E-01 
   705    2.149314E-01    4.573746E-01    4.255006E-01    6.773771E-01 
   706    2.154733E-01    4.566052E-01    4.244905E-01    6.779094E-01 
   707    2.160150E-01    4.554598E-01    4.229803E-01    6.778966E-01 
   708    2.165572E-01    4.538798E-01    4.209010E-01    6.771671E-01 
   709    2.171003E-01    4.518093E-01    4.181732E-01    6.756912E-01 
   710    2.176450E-01    4.491949E-01    4.147300E-01    6.732006E-01 
   711    2.181920E-01    4.459877E-01    4.105109E-01    6.692484E-01 
   712    2.187424E-01    4.421463E-01    4.054616E-01    6.636597E-01 
   713    2.192974E-01    4.376319E-01    3.995429E-01    6.562143E-01 
   714    2.198584E-01    4.324155E-01    3.927201E-01    6.465294E-01 
   715    2.204269E-01    4.264765E-01    3.849878E-01    6.344808E-01 
   716    2.210046E-01    4.198051E-01    3.763366E-01    6.196466E-01 
   717    2.215936E-01    4.123979E-01    3.667971E-01    6.017179E-01 
   718    2.221955E-01    4.042730E-01    3.564011E-01    5.810191E-01 
   719    2.228128E-01    3.954578E-01    3.452236E-01    5.572695E-01 
   720    2.234471E-01    3.860144E-01    3.333637E-01    5.299096E-01 
   721    2.241011E-01    3.760159E-01    3.209489E-01    4.988422E-01 
   722    2.247766E-01    3.655659E-01    3.081307E-01    4.647516E-01 
   723    2.254759E-01    3.547901E-01    2.950967E-01    4.281175E-01 
   724    2.262005E-01    3.438572E-01    2.820680E-01    3.888051E-01 
   725    2.269517E-01    3.329497E-01    2.692743E-01    3.472422E-01 
   726    2.277305E-01    3.222624E-01    2.569449E-01    3.047929E-01 
   727    2.285374E-01    3.119970E-01    2.453025E-01    2.625799E-01 
   728    2.293719E-01    3.023474E-01    2.345439E-01    2.215812E-01 
   729    2.302328E-01    2.934793E-01    2.248197E-01    1.828396E-01 
   730    2.311185E-01    2.855181E-01    2.162291E-01    1.477017E-01 
   731    2.320265E-01    2.785428E-01    2.088120E-01    1.169072E-01 
   732    2.329540E-01    2.725769E-01    2.025505E-01    9.084589E-02 
   733    2.338978E-01    2.675909E-01    1.973754E-01    6.938020E-02 
   734    2.348552E-01    2.635150E-01    1.931834E-01    5.216952E-02 
   735    2.358235E-01    2.602503E-01    1.898503E-01    3.876475E-02 
   736    2.368001E-01    2.576849E-01    1.872453E-01    2.849707E-02 
   737    2.377832E-01    2.557024E-01    1.852398E-01    2.073659E-02 
   738    2.387712E-01    2.541924E-01    1.837166E-01    1.496374E-02 
   739    2.397628E-01    2.530576E-01    1.825738E-01    1.072431E-02 
   740    2.407570E-01    2.522144E-01    1.817256E-01    7.642817E-03 
   741    2.417532E-01    2.515939E-01    1.811018E-01    5.421578E-03 
   742    2.427508E-01    2.511412E-01    1.806468E-01    3.831172E-03 
   743    2.437494E-01    2.508132E-01    1.803172E-01    2.698632E-03 
   744    2.447487E-01    2.505771E-01    1.800800E-01    1.895780E-03 
   745    2.457485E-01    2.504082E-01    1.799102E-01    1.328827E-03 
   746    2.467487E-01    2.502878E-01    1.797892E-01    9.297102E-04 
   747    2.477491E-01    2.502024E-01    1.797034E-01    6.494626E-04 
   748    2.487497E-01    2.501420E-01    1.796427E-01    4.530988E-04 
   749    2.497504E-01    2.500994E-01    1.796000E-01    3.157542E-04 
   750    2.507512E-01    2.500695E-01    1.795699E-01    2.198328E-04 
   751    2.517521E-01    2.500486E-01    1.795488E-01    1.529251E-04 
   752    2.527530E-01    2.500339E-01    1.795340E-01    1.063042E-04 
   753    2.537539E-01    2.500236E-01    1.795237E-01    7.384767E-05 
   754    2.547549E-01    2.500164E-01    1.795165E-01    5.126855E-05 
   755    2.557558E-01    2.500114E-01    1.795115E-01    3.557032E-05 
   756    2.567568E-01    2.500079E-01    1.795080E-01    2.466107E-05 
   757    2.577578E-01    2.500055E-01    1.795056E-01    1.708214E-05 
   758    2.587588E-01    2.500038E-01    1.795039E-01    1.181730E-05 
   759    2.597598E-01    2.500027E-01    1.795027E-01    8.159137E-06 
   760    2.607608E-01    2.500019E-01    1.795019E-01    5.615416E-06 
   761    2.617618E-01    2.500013E-01    1.795013E-01    3.843779E-06 
   762    2.627628E-01    2.500009E-01    1.795009E-01    2.606103E-06 
   763    2.637638E-01    2.500007E-01    1.795007E-01    1.736708E-06 
   764    2.647648E-01    2.500005E-01    1.795005E-01    1.120203E-06 
   765    2.657658E-01    2.500003E-01    1.795004E-01    6.760602E-07 
   766    2.667668E-01    2.500003E-01    1.795003E-01    3.478815E-07 
   767    2.677678E-01    2.500002E-01    1.795002E-01    9.592097E-08 
   768    2.687688E-01    2.500002E-01    1.795002E-01   -1.081204E-07 
   769    2.697698E-01    2.500002E-01    1.795002E-01   -2.847260E-07 
   770    2.707708E-01    2.500002E-01    1.795002E-01   -4.491020E-07 
   771    2.717718E-01    2.500002E-01    1.795002E-01   -6.129585E-07 
   772    2.727728E-01    2.500002E-01    1.795002E-01   -7.857675E-07 
   773    2.737738E-01    2.500003E-01    1.795003E-01   -9.756598E-07 
   774    2.747748E-01    2.500003E-01    1.795003E-01   -1.190074E-06 
   775    2.757758E-01    2.500004E-01    1.795004E-01   -1.436237E-06 
   776    2.767768E-01    2.500004E-01    1.795004E-01   -1.721528E-06 
   777    2.777778E-01    2.500005E-01    1.795005E-01   -2.053767E-06 
   778    2.787788E-01    2.500006E-01    1.795006E-01   -2.441457E-06 
   779    2.797798E-01    2.500007E-01    1.795007E-01   -2.893983E-06 
   780    2.807808E-01    2.500008E-01    1.795008E-01   -3.421806E-06 
   781    2.817818E-01    2.500010E-01    1.795010E-01   -4.036634E-06 
   782    2.827828E-01    2.500011E-01    1.795011E-01   -4.751595E-06 
   783    2.837838E-01    2.500013E-01    1.795013E-01   -5.581409E-06 
   784    2.847848E-01    2.500016E-01    1.795016E-01   -6.542552E-06 
   785    2.857857E-01    2.500018E-01    1.795018E-01   -7.653433E-06 
   786    2.867867E-01    2.500021E-01    1.795021E-01   -8.934569E-06 
   787    2.877877E-01    2.500025E-01    1.795025E-01   -1.040875E-05 
   788    2.887887E-01    2.500029E-01    1.795029E-01   -1.210123E-05 
   789    2.897897E-01    2.500033E-01    1.795033E-01   -1.403986E-05 
   790    2.907907E-01    2.500039E-01    1.795039E-01   -1.625533E-05 
   791    2.917917E-01    2.500045E-01    1.795045E-01   -1.878122E-05 
   792    2.927927E-01    2.500051E-01    1.795052E-01   -2.165423E-05 
   793    2.937937E-01    2.500059E-01    1.795059E-01   -2.491427E-05 
   794    2.947946E-01    2.500068E-01    1.795068E-01   -2.860457E-05 
   795    2.957956E-01    2.500077E-01    1.795078E-01   -3.277176E-05 
   796    2.967966E-01    2.500089E-01    1.795089E-01   -3.746589E-05 
   797    2.977975E-01    2.500101E-01    1.795102E-01   -4.274046E-05 
   798    2.987985E-01    2.500115E-01    1.795116E-01   -4.865238E-05 
   799    2.997995E-01    2.500130E-01    1.795131E-01   -5.526182E-05 
   800    3.008004E-01    2.500148E-01    1.795149E-01   -6.263211E-05 
   801    3.018013E-01    2.500167E-01    1.795168E-01   -7.082946E-05 
   802    3.028023E-01    2.500189E-01    1.795190E-01   -7.992270E-05 
   803    3.038032E-01    2.500212E-01    1.795213E-01   -8.998284E-05 
   804    3.048041E-01    2.500238E-01    1.795240E-01   -1.010826E-04 
   805    3.058050E-01    2.500267E-01    1.795269E-01   -1.132959E-04 
   806    3.068059E-01    2.500299E-01    1.795300E-01   -1.266971E-04 
   807    3.078068E-01    2.500333E-01    1.795335E-01   -1.413603E-04 
   808    3.088077E-01    2.500371E-01    1.795373E-01   -1.573583E-04 
   809    3.098085E-01    2.500412E-01    1.795414E-01   -1.747618E-04 
   810    3.108093E-01    2.500457E-01    1.795459E-01   -1.936382E-04 
   811    3.118102E-01    2.500505E-01    1.795508E-01   -2.140506E-04 
   812    3.128110E-01    2.500557E-01    1.795560E-01   -2.360561E-04 
   813    3.138117E-01    2.500613E-01    1.795616E-01   -2.597049E-04 
   814    3.148125E-01    2.500673E-01    1.795677E-01   -2.850387E-04 
   815    3.158132E-01    2.500737E-01    1.795741E-01   -3.120890E-04 
   816    3.168139E-01    2.500805E-01    1.795810E-01   -3.408760E-04 
   817    3.178146E-01    2.500878E-01    1.795883E-01   -3.714068E-04 
   818    3.188152E-01    2.500955E-01    1.795960E-01   -4.036741E-04 
   819    3.198158E-01    2.501036E-01    1.796041E-01   -4.376545E-04 
   820    3.208164E-01    2.501121E-01    1.796126E-01   -4.733074E-04 
   821    3.218169E-01    2.501210E-01    1.796216E-01   -5.105736E-04 
   822    3.228174E-01    2.501302E-01    1.796309E-01   -5.493743E-04 
   823    3.238179E-01    2.501399E-01    1.796406E-01   -5.896100E-04 
   824    3.248183E-01    2.501499E-01    1.796507E-01   -6.311601E-04 
   825    3.258187E-01    2.501601E-01    1.796610E-01   -6.738823E-04 
   826    3.268191E-01    2.501707E-01    1.796716E-01   -7.176126E-04 
   827    3.278194E-01    2.501815E-01    1.796824E-01   -7.621651E-04 
   828    3.288196E-01    2.501924E-01    1.796934E-01   -8.073332E-04 
   829    3.298198E-01    2.502035E-01    1.797046E-01   -8.528900E-04 
   830    3.308200E-01    2.502146E-01    1.797158E-01   -8.985898E-04 
   831    3.318201E-01    2.502258E-01    1.797270E-01   -9.441701E-04 
   832    3.328202E-01    2.502369E-01    1.797382E-01   -9.893529E-04 
   833    3.338202E-01    2.502479E-01    1.797492E-01   -1.033848E-03 
   834    3.348202E-01    2.502587E-01    1.797601E-01   -1.077357E-03 
   835    3.358201E-01    2.502692E-01    1.797707E-01   -1.119572E-03 
   836    3.368200E-01    2.502794E-01    1.797810E-01   -1.160185E-03 
   837    3.378199E-01    2.502892E-01    1.797908E-01   -1.198889E-03 
   838    3.388197E-01    2.502985E-01    1.798001E-01   -1.235378E-03 
   839    3.398195E-01    2.503073E-01    1.798089E-01   -1.269359E-03 
   840    3.408192E-01    2.503154E-01    1.798171E-01   -1.300549E-03 
   841    3.418190E-01    2.503228E-01    1.798246E-01   -1.328686E-03 
   842    3.428186E-01    2.503294E-01    1.798313E-01   -1.353529E-03 
   843    3.438183E-01    2.503353E-01    1.798371E-01   -1.374843E-03 
   844    3.448179E-01    2.503402E-01    1.798420E-01   -1.392373E-03 
   845    3.458175E-01    2.503440E-01    1.798459E-01   -1.405877E-03 
   846    3.468171E-01    2.503468E-01    1.798487E-01   -1.415273E-03 
   847    3.478167E-01    2.503482E-01    1.798501E-01   -1.420547E-03 
   848    3.488163E-01    2.503480E-01    1.798499E-01   -1.421642E-03 
   849    3.498159E-01    2.503460E-01    1.798479E-01   -1.417763E-03 
   850    3.508155E-01    2.503419E-01    1.798438E-01   -1.406987E-03 
   851    3.518151E-01    2.503352E-01    1.798371E-01   -1.386594E-03 
   852    3.528147E-01    2.503257E-01    1.798275E-01   -1.353897E-03 
   853    3.538144E-01    2.503131E-01    1.798148E-01   -1.307051E-03 
   854    3.548141E-01    2.502971E-01    1.797987E-01   -1.244883E-03 
   855    3.558139E-01    2.502776E-01    1.797791E-01   -1.166594E-03 
   856    3.568138E-01    2.502548E-01    1.797561E-01   -1.072039E-03 
   857    3.578137E-01    2.502287E-01    1.797299E-01   -9.621107E-04 
   858    3.588138E-01    2.501998E-01    1.797009E-01   -8.384664E-04 
   859    3.598140E-01    2.501686E-01    1.796695E-01   -7.036056E-04 
   860    3.608144E-01    2.501360E-01    1.796367E-01   -5.605328E-04 
   861    3.618149E-01    2.501026E-01    1.796031E-01   -4.126531E-04 
   862    3.628156E-01    2.500696E-01    1.795699E-01   -2.641156E-04 
   863    3.638164E-01    2.500379E-01    1.795381E-01   -1.197475E-04 
   864    3.648174E-01    2.500085E-01    1.795086E-01    1.470574E-05 
   865    3.658185E-01    2.499825E-01    1.794824E-01    1.333595E-04 
   866    3.668197E-01    2.499607E-01    1.794605E-01    2.312140E-04 
   867    3.678210E-01    2.499436E-01    1.794433E-01    3.050328E-04 
   868    3.688223E-01    2.499317E-01    1.794314E-01    3.526550E-04 
   869    3.698237E-01    2.499249E-01    1.794245E-01    3.700037E-04 
   870    3.708251E-01    2.499227E-01    1.794223E-01    3.570642E-04 
   871    3.718265E-01    2.499244E-01    1.794240E-01    3.224170E-04 
   872    3.728278E-01    2.499292E-01    1.794288E-01    2.788779E-04 
   873    3.738291E-01    2.499360E-01    1.794356E-01    2.343406E-04 
   874    3.748303E-01    2.499440E-01    1.794437E-01    1.918906E-04 
   875    3.758315E-01    2.499524E-01    1.794522E-01    1.523451E-04 
   876    3.768327E-01    2.499608E-01    1.794606E-01    1.169210E-04 
   877    3.778339E-01    2.499688E-01    1.794686E-01    8.617173E-05 
   878    3.788350E-01    2.499760E-01    1.794758E-01    6.005437E-05 
   879    3.798360E-01    2.499823E-01    1.794822E-01    3.806151E-05 
   880    3.808370E-01    2.499878E-01    1.794878E-01    1.957185E-05 
   881    3.818380E-01    2.499925E-01    1.794924E-01    4.175177E-06 
   882    3.828391E-01    2.499964E-01    1.794963E-01   -8.138196E-06 
   883    3.838401E-01    2.499995E-01    1.794995E-01   -1.736426E-05 
   884    3.848411E-01    2.500020E-01    1.795020E-01   -2.374811E-05 
   885    3.858420E-01    2.500039E-01    1.795039E-01   -2.799161E-05 
   886    3.868430E-01    2.500052E-01    1.795052E-01   -3.102888E-05 
   887    3.878440E-01    2.500061E-01    1.795061E-01   -3.349253E-05 
   888    3.888450E-01    2.500066E-01    1.795066E-01   -3.520079E-05 
   889    3.898460E-01    2.500068E-01    1.795068E-01   -3.538832E-05 
   890    3.908469E-01    2.500066E-01    1.795067E-01   -3.302137E-05 
   891    3.918479E-01    2.500062E-01    1.795062E-01   -2.765694E-05 
   892    3.928488E-01    2.500055E-01    1.795055E-01   -2.128364E-05 
   893    3.938498E-01    2.500046E-01    1.795046E-01   -1.736684E-05 
   894    3.948508E-01    2.500036E-01    1.795036E-01   -1.695620E-05 
   895    3.958518E-01    2.500027E-01    1.795028E-01   -1.760829E-05 
   896    3.968528E-01    2.500021E-01    1.795021E-01   -1.523583E-05 
   897    3.978538E-01    2.500017E-01    1.795017E-01   -7.782494E-06 
   898    3.988548E-01    2.500016E-01    1.795016E-01   -1.386960E-06 
   899    3.998558E-01    2.500017E-01    1.795017E-01   -2.249296E-06 
   900    4.008568E-01    2.500020E-01    1.795020E-01   -7.120024E-06 
   901    4.018578E-01    2.500024E-01    1.795024E-01   -1.220882E-05 
   902    4.028588E-01    2.500029E-01    1.795029E-01   -1.609054E-05 
   903    4.038598E-01    2.500034E-01    1.795034E-01   -1.869309E-05 
   904    4.048608E-01    2.500039E-01    1.795039E-01   -2.079962E-05 
   905    4.058617E-01    2.500044E-01    1.795044E-01   -2.332052E-05 
   906    4.068627E-01    2.500048E-01    1.795048E-01   -2.618767E-05 
   907    4.078637E-01    2.500052E-01    1.795052E-01   -2.816568E-05 
   908    4.088647E-01    2.500055E-01    1.795055E-01   -2.783573E-05 
   909    4.098657E-01    2.500055E-01    1.795056E-01   -2.605706E-05 
   910    4.108666E-01    2.500054E-01    1.795054E-01   -2.346144E-05 
   911    4.118675E-01    2.500051E-01    1.795051E-01   -2.111521E-05 
   912    4.128685E-01    2.500046E-01    1.795046E-01   -2.203198E-05 
   913    4.138695E-01    2.500041E-01    1.795041E-01   -2.432727E-05 
   914    4.148706E-01    2.500038E-01    1.795038E-01   -2.397330E-05 
   915    4.158716E-01    2.500034E-01    1.795035E-01   -1.955984E-05 
   916    4.168726E-01    2.500032E-01    1.795032E-01   -1.116915E-05 
   917    4.178735E-01    2.500029E-01    1.795029E-01   -5.708321E-06 
   918    4.188744E-01    2.500027E-01    1.795027E-01   -7.867507E-06 
   919    4.198754E-01    2.500026E-01    1.795026E-01   -1.303437E-05 
   920    4.208765E-01    2.500027E-01    1.795027E-01   -1.626648E-05 
   921    4.218776E-01    2.500029E-01    1.795029E-01   -1.791322E-05 
   922    4.228786E-01    2.500031E-01    1.795031E-01   -1.637890E-05 
   923    4.238794E-01    2.500032E-01    1.795033E-01   -1.460970E-05 
   924    4.248803E-01    2.500034E-01    1.795034E-01   -1.796284E-05 
   925    4.258813E-01    2.500037E-01    1.795037E-01   -2.296365E-05 
   926    4.268824E-01    2.500040E-01    1.795040E-01   -2.492410E-05 
   927    4.278836E-01    2.500042E-01    1.795042E-01   -2.372448E-05 
   928    4.288846E-01    2.500042E-01    1.795042E-01   -1.977166E-05 
   929    4.298854E-01    2.500040E-01    1.795040E-01   -1.246860E-05 
   930    4.308861E-01    2.500035E-01    1.795035E-01   -1.310446E-05 
   931    4.318871E-01    2.500031E-01    1.795031E-01   -2.070337E-05 
   932    4.328883E-01    2.500029E-01    1.795029E-01   -2.551398E-05 
   933    4.338895E-01    2.500028E-01    1.795028E-01   -2.389756E-05 
   934    4.348907E-01    2.500027E-01    1.795027E-01   -1.575852E-05 
   935    4.358914E-01    2.500025E-01    1.795025E-01   -1.016268E-06 
   936    4.368920E-01    2.500021E-01    1.795021E-01   -1.111806E-06 
   937    4.378929E-01    2.500019E-01    1.795019E-01   -1.368610E-05 
   938    4.388941E-01    2.500020E-01    1.795020E-01   -2.316657E-05 
   939    4.398955E-01    2.500023E-01    1.795023E-01   -2.537156E-05 
   940    4.408968E-01    2.500025E-01    1.795025E-01   -1.939689E-05 
   941    4.418976E-01    2.500024E-01    1.795024E-01   -8.246197E-07 
   942    4.428979E-01    2.500020E-01    1.795020E-01   -7.587682E-07 
   943    4.438985E-01    2.500017E-01    1.795017E-01   -2.017962E-05 
   944    4.448998E-01    2.500020E-01    1.795020E-01   -3.420902E-05 
   945    4.459015E-01    2.500024E-01    1.795025E-01   -3.427277E-05 
   946    4.469033E-01    2.500026E-01    1.795026E-01   -1.656730E-05 
   947    4.479040E-01    2.500021E-01    1.795021E-01    1.089635E-05 
   948    4.489035E-01    2.500011E-01    1.795011E-01    9.014411E-06 
   949    4.499037E-01    2.500004E-01    1.795004E-01   -1.743849E-05 
   950    4.509053E-01    2.500005E-01    1.795005E-01   -3.592028E-05 
   951    4.519078E-01    2.500009E-01    1.795009E-01   -3.994205E-05 
   952    4.529100E-01    2.500012E-01    1.795011E-01   -2.311619E-05 
   953    4.539105E-01    2.500006E-01    1.795006E-01    2.666067E-05 
   954    4.549092E-01    2.499993E-01    1.794993E-01    2.703256E-05 
   955    4.559091E-01    2.499984E-01    1.794984E-01   -9.562663E-06 
   956    4.569104E-01    2.499989E-01    1.794989E-01   -6.331853E-05 
   957    4.579134E-01    2.500004E-01    1.795004E-01   -7.150774E-05 
   958    4.589179E-01    2.500008E-01    1.795008E-01   -6.631294E-07 
   959    4.599186E-01    2.499993E-01    1.794993E-01    6.829559E-05 
   960    4.609152E-01    2.499971E-01    1.794971E-01    3.189155E-05 
   961    4.619113E-01    2.499968E-01    1.794968E-01   -5.162730E-05 
   962    4.629130E-01    2.499985E-01    1.794985E-01   -1.004361E-04 
   963    4.639226E-01    2.500000E-01    1.795000E-01   -5.110742E-05 
   964    4.649306E-01    2.499994E-01    1.794994E-01    6.246930E-05 
   965    4.659236E-01    2.499978E-01    1.794978E-01    2.306103E-05 
   966    4.669164E-01    2.499960E-01    1.794960E-01    3.981968E-05 
   967    4.679130E-01    2.499948E-01    1.794948E-01   -3.517127E-05 
   968    4.689210E-01    2.499962E-01    1.794962E-01   -1.077168E-04 
   969    4.699374E-01    2.499968E-01    1.794968E-01   -4.976266E-05 
   970    4.709290E-01    2.499963E-01    1.794963E-01   -5.311833E-05 
   971    4.719352E-01    2.499928E-01    1.794928E-01    1.739660E-04 
   972    4.729242E-01    2.499866E-01    1.794866E-01    1.315399E-04 
   973    4.739129E-01    2.499846E-01    1.794846E-01   -1.241711E-04 
   974    4.749219E-01    2.499881E-01    1.794882E-01   -2.978553E-04 
   975    4.759315E-01    2.499911E-01    1.794911E-01   -6.731771E-05 
   976    4.769678E-01    2.499869E-01    1.794870E-01    2.309762E-04 
   977    4.779585E-01    2.499777E-01    1.794779E-01    2.817759E-04 
   978    4.789118E-01    2.499705E-01    1.794706E-01    2.041626E-05 
   979    4.798608E-01    2.499786E-01    1.794791E-01   -6.045073E-04 
   980    4.809415E-01    2.499838E-01    1.794840E-01   -2.571085E-06 
   981    4.820020E-01    2.499755E-01    1.794763E-01    1.832311E-04 
   982    4.830071E-01    2.499593E-01    1.794604E-01    2.898361E-04 
   983    4.839461E-01    2.499370E-01    1.794376E-01    2.153473E-04 
   984    4.847554E-01    2.499232E-01    1.794243E-01   -6.891461E-04 
   985    4.859664E-01    2.498913E-01    1.793925E-01    1.847198E-05 
   986    4.870158E-01    2.498154E-01    1.793186E-01    8.560448E-05 
   987    4.880339E-01    2.496820E-01    1.791867E-01    1.580771E-04 
   988    4.890054E-01    2.494530E-01    1.789552E-01    1.947159E-04 
   989    4.897073E-01    2.491882E-01    1.786528E-01   -3.813545E-04 
   990    4.909910E-01    2.486779E-01    1.785507E-01    0.000000E+00 
   991    4.919920E-01    2.483711E-01    1.783305E-01    0.000000E+00 
   992    4.929930E-01    2.477487E-01    1.778836E-01    0.000000E+00 
   993    4.939940E-01    2.460606E-01    1.766715E-01    0.000000E+00 
   994    4.949950E-01    2.421557E-01    1.738678E-01    0.000000E+00 
   995    4.959960E-01    2.342318E-01    1.681784E-01    0.000000E+00 
   996    4.969970E-01    2.204275E-01    1.582670E-01    0.000000E+00 
   997    4.979980E-01    1.999412E-01    1.435578E-01    0.000000E+00 
   998    4.989990E-01    1.731580E-01    1.243274E-01    0.000000E+00 
   999    5.000000E-01    1.416667E-01    1.017167E-01    0.000000E+00 
