     0   -5.000000E-01    5.666667E-01    5.666667E-01    0.000000E+00 
     1   -4.989990E-01    6.926498E-01    6.926498E-01    0.000000E+00 
     2   -4.979980E-01    7.998476E-01    7.998476E-01    0.000000E+00 
     3   -4.969970E-01    8.818773E-01    8.818773E-01    0.000000E+00 
     4   -4.959960E-01    9.371775E-01    9.371775E-01    0.000000E+00 
     5   -4.949950E-01    9.689459E-01    9.689459E-01    0.000000E+00 
     6   -4.939940E-01    9.845885E-01    9.845885E-01    0.000000E+00 
     7   -4.929930E-01    9.912570E-01    9.912570E-01    0.000000E+00 
     8   -4.919920E-01    9.936313E-01    9.936313E-01    0.000000E+00 
     9   -4.909910E-01    9.947542E-01    9.947542E-01    0.000000E+00 
    10   -4.897485E-01    9.966426E-01    9.951555E-01    6.244219E-04 
    11   -4.889849E-01    9.977887E-01    9.969216E-01   -3.071726E-04 
    12   -4.880177E-01    9.987033E-01    9.982153E-01   -2.445281E-04 
    13   -4.870060E-01    9.992390E-01    9.989563E-01   -1.411939E-04 
    14   -4.859640E-01    9.995425E-01    9.993691E-01   -3.418622E-05 
    15   -4.848226E-01    9.996418E-01    9.995056E-01    9.329397E-04 
    16   -4.839297E-01    9.996748E-01    9.995484E-01   -1.795200E-04 
    17   -4.829786E-01    9.997830E-01    9.997015E-01   -4.041987E-04 
    18   -4.819827E-01    9.998730E-01    9.998263E-01   -2.763328E-04 
    19   -4.809438E-01    9.999182E-01    9.998868E-01    6.303613E-05 
    20   -4.799093E-01    9.998965E-01    9.998566E-01    5.648326E-04 
    21   -4.789159E-01    9.998624E-01    9.998080E-01    1.149768E-04 
    22   -4.779365E-01    9.998911E-01    9.998481E-01   -2.453628E-04 
    23   -4.769475E-01    9.999413E-01    9.999185E-01   -2.648991E-04 
    24   -4.759374E-01    9.999680E-01    9.999554E-01    7.904572E-05 
    25   -4.749392E-01    9.999677E-01    9.999551E-01    1.443903E-04 
    26   -4.739251E-01    9.999587E-01    9.999424E-01    1.637639E-04 
    27   -4.729202E-01    9.999527E-01    9.999340E-01    2.305293E-05 
    28   -4.719241E-01    9.999673E-01    9.999543E-01   -7.049140E-05 
    29   -4.709302E-01    9.999835E-01    9.999770E-01   -2.935760E-05 
    30   -4.699363E-01    9.999939E-01    9.999915E-01   -6.173164E-05 
    31   -4.689288E-01    9.999963E-01    9.999950E-01    9.189677E-05 
    32   -4.679202E-01    9.999860E-01    9.999806E-01    1.246008E-04 
    33   -4.669177E-01    9.999771E-01    9.999680E-01    5.502723E-05 
    34   -4.659206E-01    9.999814E-01    9.999740E-01   -4.136912E-05 
    35   -4.649242E-01    9.999957E-01    9.999940E-01   -8.375239E-05 
    36   -4.639245E-01    1.000006E+00    1.000008E+00    1.196322E-05 
    37   -4.629206E-01    1.000004E+00    1.000006E+00    9.344604E-05 
    38   -4.619170E-01    9.999965E-01    9.999952E-01    8.562917E-05 
    39   -4.609149E-01    9.999936E-01    9.999911E-01    3.169610E-05 
    40   -4.599149E-01    9.999989E-01    9.999984E-01   -9.059625E-06 
    41   -4.589164E-01    1.000007E+00    1.000009E+00   -1.886535E-05 
    42   -4.579166E-01    1.000011E+00    1.000015E+00    2.777374E-05 
    43   -4.569147E-01    1.000009E+00    1.000013E+00    5.452482E-05 
    44   -4.559120E-01    1.000006E+00    1.000008E+00    5.099352E-05 
    45   -4.549099E-01    1.000003E+00    1.000004E+00    2.612785E-05 
    46   -4.539093E-01    1.000005E+00    1.000007E+00   -3.212445E-06 
    47   -4.529099E-01    1.000009E+00    1.000013E+00   -1.260034E-05 
    48   -4.519098E-01    1.000012E+00    1.000017E+00    2.079605E-05 
    49   -4.509084E-01    1.000013E+00    1.000018E+00    4.958561E-05 
    50   -4.499064E-01    1.000012E+00    1.000017E+00    5.032779E-05 
    51   -4.489046E-01    1.000013E+00    1.000018E+00    3.369728E-05 
    52   -4.479037E-01    1.000017E+00    1.000023E+00    1.546469E-05 
    53   -4.469036E-01    1.000022E+00    1.000031E+00    1.357453E-05 
    54   -4.459033E-01    1.000025E+00    1.000035E+00    3.406582E-05 
    55   -4.449023E-01    1.000025E+00    1.000035E+00    5.015988E-05 
    56   -4.439008E-01    1.000023E+00    1.000033E+00    5.357162E-05 
    57   -4.428992E-01    1.000021E+00    1.000030E+00    4.483179E-05 
    58   -4.418981E-01    1.000021E+00    1.000029E+00    3.453639E-05 
    59   -4.408977E-01    1.000021E+00    1.000029E+00    2.866670E-05 
    60   -4.398972E-01    1.000021E+00    1.000029E+00    3.173038E-05 
    61   -4.388962E-01    1.000020E+00    1.000027E+00    3.674373E-05 
    62   -4.378949E-01    1.000018E+00    1.000025E+00    3.291213E-05 
    63   -4.368935E-01    1.000017E+00    1.000024E+00    2.436045E-05 
    64   -4.358924E-01    1.000017E+00    1.000024E+00    1.403683E-05 
    65   -4.348917E-01    1.000019E+00    1.000027E+00    9.632890E-06 
    66   -4.338911E-01    1.000021E+00    1.000029E+00    2.262381E-05 
    67   -4.328902E-01    1.000022E+00    1.000031E+00    4.708593E-05 
    68   -4.318891E-01    1.000024E+00    1.000034E+00    4.991307E-05 
    69   -4.308877E-01    1.000027E+00    1.000037E+00    4.524862E-05 
    70   -4.298866E-01    1.000030E+00    1.000042E+00    4.048544E-05 
    71   -4.288858E-01    1.000033E+00    1.000047E+00    4.012318E-05 
    72   -4.278851E-01    1.000035E+00    1.000050E+00    4.613311E-05 
    73   -4.268843E-01    1.000036E+00    1.000050E+00    5.329024E-05 
    74   -4.258833E-01    1.000033E+00    1.000047E+00    5.529277E-05 
    75   -4.248821E-01    1.000030E+00    1.000042E+00    5.179953E-05 
    76   -4.238809E-01    1.000025E+00    1.000036E+00    4.644134E-05 
    77   -4.228800E-01    1.000020E+00    1.000028E+00    4.093556E-05 
    78   -4.218792E-01    1.000013E+00    1.000019E+00    3.588387E-05 
    79   -4.208784E-01    1.000004E+00    1.000006E+00    3.028758E-05 
    80   -4.198774E-01    9.999928E-01    9.999898E-01    2.193072E-05 
    81   -4.188762E-01    9.999789E-01    9.999704E-01    9.739045E-06 
    82   -4.178750E-01    9.999630E-01    9.999481E-01   -5.837647E-06 
    83   -4.168740E-01    9.999450E-01    9.999230E-01   -2.434333E-05 
    84   -4.158731E-01    9.999247E-01    9.998945E-01   -4.485603E-05 
    85   -4.148722E-01    9.999016E-01    9.998623E-01   -6.803871E-05 
    86   -4.138711E-01    9.998761E-01    9.998265E-01   -9.467209E-05 
    87   -4.128698E-01    9.998489E-01    9.997884E-01   -1.247848E-04 
    88   -4.118685E-01    9.998217E-01    9.997504E-01   -1.612002E-04 
    89   -4.108673E-01    9.997966E-01    9.997153E-01   -2.033805E-04 
    90   -4.098662E-01    9.997763E-01    9.996868E-01   -2.472857E-04 
    91   -4.088650E-01    9.997641E-01    9.996697E-01   -2.964858E-04 
    92   -4.078638E-01    9.997639E-01    9.996695E-01   -3.420759E-04 
    93   -4.068624E-01    9.997802E-01    9.996922E-01   -3.518293E-04 
    94   -4.058610E-01    9.998164E-01    9.997430E-01   -3.141860E-04 
    95   -4.048597E-01    9.998749E-01    9.998248E-01   -2.427986E-04 
    96   -4.038585E-01    9.999554E-01    9.999375E-01   -1.436735E-04 
    97   -4.028575E-01    1.000056E+00    1.000078E+00   -1.380613E-05 
    98   -4.018565E-01    1.000172E+00    1.000241E+00    1.452407E-04 
    99   -4.008557E-01    1.000299E+00    1.000419E+00    3.253879E-04 
   100   -3.998551E-01    1.000433E+00    1.000607E+00    5.147270E-04 
   101   -3.988546E-01    1.000569E+00    1.000796E+00    7.017207E-04 
   102   -3.978542E-01    1.000701E+00    1.000982E+00    8.782203E-04 
   103   -3.968540E-01    1.000827E+00    1.001158E+00    1.039826E-03 
   104   -3.958540E-01    1.000942E+00    1.001319E+00    1.184239E-03 
   105   -3.948540E-01    1.001044E+00    1.001462E+00    1.309657E-03 
   106   -3.938542E-01    1.001131E+00    1.001584E+00    1.414340E-03 
   107   -3.928544E-01    1.001202E+00    1.001683E+00    1.497128E-03 
   108   -3.918547E-01    1.001258E+00    1.001762E+00    1.558036E-03 
   109   -3.908551E-01    1.001299E+00    1.001819E+00    1.598234E-03 
   110   -3.898555E-01    1.001328E+00    1.001859E+00    1.621255E-03 
   111   -3.888558E-01    1.001345E+00    1.001883E+00    1.632244E-03 
   112   -3.878562E-01    1.001353E+00    1.001894E+00    1.635507E-03 
   113   -3.868566E-01    1.001353E+00    1.001894E+00    1.633451E-03 
   114   -3.858570E-01    1.001346E+00    1.001885E+00    1.626991E-03 
   115   -3.848573E-01    1.001334E+00    1.001869E+00    1.616245E-03 
   116   -3.838577E-01    1.001318E+00    1.001846E+00    1.600913E-03 
   117   -3.828580E-01    1.001299E+00    1.001819E+00    1.581149E-03 
   118   -3.818583E-01    1.001275E+00    1.001786E+00    1.557243E-03 
   119   -3.808585E-01    1.001249E+00    1.001749E+00    1.529484E-03 
   120   -3.798588E-01    1.001220E+00    1.001708E+00    1.498115E-03 
   121   -3.788590E-01    1.001188E+00    1.001664E+00    1.463383E-03 
   122   -3.778592E-01    1.001155E+00    1.001617E+00    1.425557E-03 
   123   -3.768593E-01    1.001119E+00    1.001567E+00    1.384929E-03 
   124   -3.758594E-01    1.001081E+00    1.001514E+00    1.341810E-03 
   125   -3.748595E-01    1.001042E+00    1.001459E+00    1.296520E-03 
   126   -3.738595E-01    1.001002E+00    1.001403E+00    1.249387E-03 
   127   -3.728595E-01    1.000960E+00    1.001345E+00    1.200741E-03 
   128   -3.718594E-01    1.000918E+00    1.001286E+00    1.150910E-03 
   129   -3.708593E-01    1.000876E+00    1.001227E+00    1.100216E-03 
   130   -3.698592E-01    1.000833E+00    1.001167E+00    1.048975E-03 
   131   -3.688590E-01    1.000791E+00    1.001107E+00    9.974908E-04 
   132   -3.678588E-01    1.000748E+00    1.001048E+00    9.460520E-04 
   133   -3.668585E-01    1.000707E+00    1.000989E+00    8.949314E-04 
   134   -3.658582E-01    1.000665E+00    1.000932E+00    8.443829E-04 
   135   -3.648578E-01    1.000625E+00    1.000875E+00    7.946400E-04 
   136   -3.638574E-01    1.000586E+00    1.000820E+00    7.459149E-04 
   137   -3.628570E-01    1.000547E+00    1.000767E+00    6.983973E-04 
   138   -3.618565E-01    1.000510E+00    1.000715E+00    6.522539E-04 
   139   -3.608560E-01    1.000475E+00    1.000665E+00    6.076289E-04 
   140   -3.598554E-01    1.000441E+00    1.000617E+00    5.646434E-04 
   141   -3.588549E-01    1.000408E+00    1.000571E+00    5.233965E-04 
   142   -3.578542E-01    1.000377E+00    1.000527E+00    4.839657E-04 
   143   -3.568536E-01    1.000347E+00    1.000486E+00    4.464082E-04 
   144   -3.558529E-01    1.000319E+00    1.000446E+00    4.107618E-04 
   145   -3.548522E-01    1.000292E+00    1.000409E+00    3.770461E-04 
   146   -3.538515E-01    1.000267E+00    1.000374E+00    3.452645E-04 
   147   -3.528507E-01    1.000244E+00    1.000341E+00    3.154049E-04 
   148   -3.518500E-01    1.000222E+00    1.000311E+00    2.874421E-04 
   149   -3.508492E-01    1.000202E+00    1.000282E+00    2.613387E-04 
   150   -3.498484E-01    1.000183E+00    1.000256E+00    2.370470E-04 
   151   -3.488475E-01    1.000165E+00    1.000231E+00    2.145105E-04 
   152   -3.478467E-01    1.000149E+00    1.000209E+00    1.936652E-04 
   153   -3.468458E-01    1.000134E+00    1.000188E+00    1.744412E-04 
   154   -3.458449E-01    1.000120E+00    1.000169E+00    1.567642E-04 
   155   -3.448440E-01    1.000108E+00    1.000151E+00    1.405563E-04 
   156   -3.438431E-01    1.000097E+00    1.000135E+00    1.257374E-04 
   157   -3.428422E-01    1.000086E+00    1.000121E+00    1.122263E-04 
   158   -3.418413E-01    1.000077E+00    1.000107E+00    9.994144E-05 
   159   -3.408404E-01    1.000068E+00    1.000095E+00    8.880198E-05 
   160   -3.398394E-01    1.000060E+00    1.000084E+00    7.872821E-05 
   161   -3.388385E-01    1.000053E+00    1.000075E+00    6.964236E-05 
   162   -3.378375E-01    1.000047E+00    1.000066E+00    6.146904E-05 
   163   -3.368366E-01    1.000041E+00    1.000058E+00    5.413570E-05 
   164   -3.358356E-01    1.000036E+00    1.000051E+00    4.757289E-05 
   165   -3.348346E-01    1.000032E+00    1.000045E+00    4.171460E-05 
   166   -3.338337E-01    1.000028E+00    1.000039E+00    3.649836E-05 
   167   -3.328327E-01    1.000024E+00    1.000034E+00    3.186540E-05 
   168   -3.318317E-01    1.000021E+00    1.000030E+00    2.776065E-05 
   169   -3.308307E-01    1.000018E+00    1.000026E+00    2.413283E-05 
   170   -3.298297E-01    1.000016E+00    1.000022E+00    2.093429E-05 
   171   -3.288287E-01    1.000014E+00    1.000019E+00    1.812105E-05 
   172   -3.278278E-01    1.000012E+00    1.000017E+00    1.565262E-05 
   173   -3.268268E-01    1.000010E+00    1.000014E+00    1.349186E-05 
   174   -3.258258E-01    1.000009E+00    1.000012E+00    1.160490E-05 
   175   -3.248248E-01    1.000008E+00    1.000011E+00    9.960905E-06 
   176   -3.238238E-01    1.000007E+00    1.000009E+00    8.531912E-06 
   177   -3.228228E-01    1.000006E+00    1.000008E+00    7.292678E-06 
   178   -3.218218E-01    1.000005E+00    1.000007E+00    6.220473E-06 
   179   -3.208208E-01    1.000004E+00    1.000006E+00    5.294903E-06 
   180   -3.198198E-01    1.000003E+00    1.000005E+00    4.497728E-06 
   181   -3.188188E-01    1.000003E+00    1.000004E+00    3.812688E-06 
   182   -3.178178E-01    1.000002E+00    1.000003E+00    3.225331E-06 
   183   -3.168168E-01    1.000002E+00    1.000003E+00    2.722855E-06 
   184   -3.158158E-01    1.000002E+00    1.000002E+00    2.293948E-06 
   185   -3.148148E-01    1.000001E+00    1.000002E+00    1.928650E-06 
   186   -3.138138E-01    1.000001E+00    1.000002E+00    1.618214E-06 
   187   -3.128128E-01    1.000001E+00    1.000001E+00    1.354979E-06 
   188   -3.118118E-01    1.000001E+00    1.000001E+00    1.132256E-06 
   189   -3.108108E-01    1.000001E+00    1.000001E+00    9.442215E-07 
   190   -3.098098E-01    1.000001E+00    1.000001E+00    7.858170E-07 
   191   -3.088088E-01    1.000001E+00    1.000001E+00    6.526620E-07 
   192   -3.078078E-01    1.000000E+00    1.000001E+00    5.409732E-07 
   193   -3.068068E-01    1.000000E+00    1.000000E+00    4.474913E-07 
   194   -3.058058E-01    1.000000E+00    1.000000E+00    3.694160E-07 
   195   -3.048048E-01    1.000000E+00    1.000000E+00    3.043475E-07 
   196   -3.038038E-01    1.000000E+00    1.000000E+00    2.502346E-07 
   197   -3.028028E-01    1.000000E+00    1.000000E+00    2.053283E-07 
   198   -3.018018E-01    1.000000E+00    1.000000E+00    1.681415E-07 
   199   -3.008008E-01    1.000000E+00    1.000000E+00    1.374123E-07 
   200   -2.997998E-01    1.000000E+00    1.000000E+00    1.120730E-07 
   201   -2.987988E-01    1.000000E+00    1.000000E+00    9.122234E-08 
   202   -2.977978E-01    1.000000E+00    1.000000E+00    7.410134E-08 
   203   -2.967968E-01    1.000000E+00    1.000000E+00    6.007245E-08 
   204   -2.957958E-01    1.000000E+00    1.000000E+00    4.860139E-08 
   205   -2.947948E-01    1.000000E+00    1.000000E+00    3.924150E-08 
   206   -2.937938E-01    1.000000E+00    1.000000E+00    3.162027E-08 
   207   -2.927928E-01    1.000000E+00    1.000000E+00    2.542773E-08 
   208   -2.917918E-01    1.000000E+00    1.000000E+00    2.040662E-08 
   209   -2.907908E-01    1.000000E+00    1.000000E+00    1.634387E-08 
   210   -2.897898E-01    1.000000E+00    1.000000E+00    1.306345E-08 
   211   -2.887888E-01    1.000000E+00    1.000000E+00    1.042026E-08 
   212   -2.877878E-01    1.000000E+00    1.000000E+00    8.294992E-09 
   213   -2.867868E-01    1.000000E+00    1.000000E+00    6.589737E-09 
   214   -2.857858E-01    1.000000E+00    1.000000E+00    5.224364E-09 
   215   -2.847848E-01    1.000000E+00    1.000000E+00    4.133422E-09 
   216   -2.837838E-01    1.000000E+00    1.000000E+00    3.263587E-09 
   217   -2.827828E-01    1.000000E+00    1.000000E+00    2.571507E-09 
   218   -2.817818E-01    1.000000E+00    1.000000E+00    2.022017E-09 
   219   -2.807808E-01    1.000000E+00    1.000000E+00    1.586656E-09 
   220   -2.797798E-01    1.000000E+00    1.000000E+00    1.242456E-09 
   221   -2.787788E-01    1.000000E+00    1.000000E+00    9.709035E-10 
   222   -2.777778E-01    1.000000E+00    1.000000E+00    7.571167E-10 
   223   -2.767768E-01    1.000000E+00    1.000000E+00    5.891677E-10 
   224   -2.757758E-01    1.000000E+00    1.000000E+00    4.575144E-10 
   225   -2.747748E-01    1.000000E+00    1.000000E+00    3.545285E-10 
   226   -2.737738E-01    1.000000E+00    1.000000E+00    2.741399E-10 
   227   -2.727728E-01    1.000000E+00    1.000000E+00    2.115298E-10 
   228   -2.717718E-01    1.000000E+00    1.000000E+00    1.628714E-10 
   229   -2.707708E-01    1.000000E+00    1.000000E+00    1.251342E-10 
   230   -2.697698E-01    1.000000E+00    1.000000E+00    9.593369E-11 
   231   -2.687688E-01    1.000000E+00    1.000000E+00    7.338939E-11 
   232   -2.677678E-01    1.000000E+00    1.000000E+00    5.601926E-11 
   233   -2.667668E-01    1.000000E+00    1.000000E+00    4.266397E-11 
   234   -2.657658E-01    1.000000E+00    1.000000E+00    3.242024E-11 
   235   -2.647648E-01    1.000000E+00    1.000000E+00    2.457956E-11 
   236   -2.637638E-01    1.000000E+00    1.000000E+00    1.859010E-11 
   237   -2.627628E-01    1.000000E+00    1.000000E+00    1.402624E-11 
   238   -2.617618E-01    1.000000E+00    1.000000E+00    1.055642E-11 
   239   -2.607608E-01    1.000000E+00    1.000000E+00    7.922629E-12 
   240   -2.597598E-01    1.000000E+00    1.000000E+00    5.924764E-12 
   241   -2.587588E-01    1.000000E+00    1.000000E+00    4.410756E-12 
   242   -2.577578E-01    1.000000E+00    1.000000E+00    3.260873E-12 
   243   -2.567568E-01    1.000000E+00    1.000000E+00    2.385196E-12 
   244   -2.557558E-01    1.000000E+00    1.000000E+00    1.711336E-12 
   245   -2.547548E-01    1.000000E+00    1.000000E+00    1.186576E-12 
   246   -2.537538E-01    1.000000E+00    1.000000E+00    7.645315E-13 
   247   -2.527528E-01    1.000000E+00    1.000000E+00    4.096908E-13 
   248   -2.517518E-01    1.000000E+00    1.000000E+00    8.904489E-14 
   249   -2.507508E-01    1.000000E+00    1.000000E+00   -2.241745E-13 
   250   -2.497497E-01    1.000000E+00    1.000000E+00   -5.597594E-13 
   251   -2.487487E-01    1.000000E+00    1.000000E+00   -9.465276E-13 
   252   -2.477477E-01    1.000000E+00    1.000000E+00   -1.420804E-12 
   253   -2.467467E-01    1.000000E+00    1.000000E+00   -2.022384E-12 
   254   -2.457457E-01    1.000000E+00    1.000000E+00   -2.804077E-12 
   255   -2.447447E-01    1.000000E+00    1.000000E+00   -3.830431E-12 
   256   -2.437437E-01    1.000000E+00    1.000000E+00   -5.187704E-12 
   257   -2.427427E-01    1.000000E+00    1.000000E+00   -6.983479E-12 
   258   -2.417417E-01    1.000000E+00    1.000000E+00   -9.360464E-12 
   259   -2.407407E-01    1.000000E+00    1.000000E+00   -1.250428E-11 
   260   -2.397397E-01    1.000000E+00    1.000000E+00   -1.665568E-11 
   261   -2.387387E-01    1.000000E+00    1.000000E+00   -2.212527E-11 
   262   -2.377377E-01    1.000000E+00    1.000000E+00   -2.931670E-11 
   263   -2.367367E-01    1.000000E+00    1.000000E+00   -3.875119E-11 
   264   -2.357357E-01    1.000000E+00    1.000000E+00   -5.109930E-11 
   265   -2.347347E-01    1.000000E+00    1.000000E+00   -6.722287E-11 
   266   -2.337337E-01    1.000000E+00    1.000000E+00   -8.822839E-11 
   267   -2.327327E-01    1.000000E+00    1.000000E+00   -1.155297E-10 
   268   -2.317317E-01    1.000000E+00    1.000000E+00   -1.509295E-10 
   269   -2.307307E-01    1.000000E+00    1.000000E+00   -1.967233E-10 
   270   -2.297297E-01    1.000000E+00    1.000000E+00   -2.558263E-10 
   271   -2.287287E-01    1.000000E+00    1.000000E+00   -3.319280E-10 
   272   -2.277277E-01    1.000000E+00    1.000000E+00   -4.296931E-10 
   273   -2.267267E-01    1.000000E+00    1.000000E+00   -5.550008E-10 
   274   -2.257257E-01    1.000000E+00    1.000000E+00   -7.152433E-10 
   275   -2.247247E-01    1.000000E+00    1.000000E+00   -9.196881E-10 
   276   -2.237237E-01    1.000000E+00    1.000000E+00   -1.179936E-09 
   277   -2.227227E-01    1.000000E+00    1.000000E+00   -1.510461E-09 
   278   -2.217217E-01    1.000000E+00    1.000000E+00   -1.929284E-09 
   279   -2.207207E-01    1.000000E+00    1.000000E+00   -2.458788E-09 
   280   -2.197197E-01    1.000000E+00    1.000000E+00   -3.126702E-09 
   281   -2.187187E-01    1.000000E+00    1.000000E+00   -3.967290E-09 
   282   -2.177177E-01    1.000000E+00    1.000000E+00   -5.022792E-09 
   283   -2.167167E-01    1.000000E+00    1.000000E+00   -6.345146E-09 
   284   -2.157157E-01    1.000000E+00    1.000000E+00   -7.998055E-09 
   285   -2.147147E-01    1.000000E+00    1.000000E+00   -1.005945E-08 
   286   -2.137137E-01    1.000000E+00    1.000000E+00   -1.262445E-08 
   287   -2.127127E-01    1.000000E+00    1.000000E+00   -1.580880E-08 
   288   -2.117117E-01    1.000000E+00    1.000000E+00   -1.975305E-08 
   289   -2.107107E-01    1.000000E+00    1.000000E+00   -2.462740E-08 
   290   -2.097097E-01    1.000000E+00    1.000000E+00   -3.063737E-08 
   291   -2.087087E-01    1.000000E+00    1.000000E+00   -3.803059E-08 
   292   -2.077077E-01    1.000000E+00    1.000000E+00   -4.710451E-08 
   293   -2.067067E-01    1.000000E+00    1.000000E+00   -5.821555E-08 
   294   -2.057057E-01    1.000000E+00    1.000000E+00   -7.178964E-08 
   295   -2.047047E-01    1.000000E+00    1.000000E+00   -8.833434E-08 
   296   -2.037037E-01    1.000000E+00    1.000000E+00   -1.084529E-07 
   297   -2.027027E-01    1.000000E+00    1.000000E+00   -1.328601E-07 
   298   -2.017017E-01    1.000000E+00    1.000000E+00   -1.624008E-07 
   299   -2.007007E-01    1.000000E+00    1.000000E+00   -1.980706E-07 
   300   -1.996997E-01    1.000000E+00    1.000000E+00   -2.410393E-07 
   301   -1.986987E-01    1.000000E+00    1.000000E+00   -2.926773E-07 
   302   -1.976977E-01    1.000000E+00    1.000000E+00   -3.545855E-07 
   303   -1.966967E-01    1.000000E+00    1.000000E+00   -4.286281E-07 
   304   -1.956957E-01    1.000000E+00    1.000001E+00   -5.169695E-07 
   305   -1.946947E-01    1.000000E+00    1.000001E+00   -6.221146E-07 
   306   -1.936937E-01    1.000001E+00    1.000001E+00   -7.469530E-07 
   307   -1.926927E-01    1.000001E+00    1.000001E+00   -8.948076E-07 
   308   -1.916917E-01    1.000001E+00    1.000001E+00   -1.069487E-06 
   309   -1.906907E-01    1.000001E+00    1.000001E+00   -1.275340E-06 
   310   -1.896897E-01    1.000001E+00    1.000002E+00   -1.517318E-06 
   311   -1.886887E-01    1.000001E+00    1.000002E+00   -1.801035E-06 
   312   -1.876877E-01    1.000002E+00    1.000002E+00   -2.132835E-06 
   313   -1.866867E-01    1.000002E+00    1.000003E+00   -2.519861E-06 
   314   -1.856857E-01    1.000002E+00    1.000003E+00   -2.970118E-06 
   315   -1.846847E-01    1.000003E+00    1.000004E+00   -3.492549E-06 
   316   -1.836837E-01    1.000003E+00    1.000004E+00   -4.097097E-06 
   317   -1.826827E-01    1.000004E+00    1.000005E+00   -4.794771E-06 
   318   -1.816817E-01    1.000004E+00    1.000006E+00   -5.597702E-06 
   319   -1.806807E-01    1.000005E+00    1.000007E+00   -6.519199E-06 
   320   -1.796797E-01    1.000006E+00    1.000008E+00   -7.573784E-06 
   321   -1.786787E-01    1.000007E+00    1.000009E+00   -8.777220E-06 
   322   -1.776777E-01    1.000008E+00    1.000011E+00   -1.014652E-05 
   323   -1.766767E-01    1.000009E+00    1.000012E+00   -1.169995E-05 
   324   -1.756757E-01    1.000010E+00    1.000014E+00   -1.345695E-05 
   325   -1.746747E-01    1.000012E+00    1.000016E+00   -1.543813E-05 
   326   -1.736738E-01    1.000013E+00    1.000019E+00   -1.766512E-05 
   327   -1.726728E-01    1.000015E+00    1.000022E+00   -2.016044E-05 
   328   -1.716718E-01    1.000018E+00    1.000025E+00   -2.294734E-05 
   329   -1.706708E-01    1.000020E+00    1.000028E+00   -2.604952E-05 
   330   -1.696698E-01    1.000023E+00    1.000032E+00   -2.949089E-05 
   331   -1.686688E-01    1.000025E+00    1.000036E+00   -3.329520E-05 
   332   -1.676679E-01    1.000029E+00    1.000040E+00   -3.748562E-05 
   333   -1.666669E-01    1.000032E+00    1.000045E+00   -4.208428E-05 
   334   -1.656659E-01    1.000036E+00    1.000050E+00   -4.711172E-05 
   335   -1.646650E-01    1.000040E+00    1.000056E+00   -5.258626E-05 
   336   -1.636640E-01    1.000045E+00    1.000063E+00   -5.852334E-05 
   337   -1.626630E-01    1.000050E+00    1.000070E+00   -6.493475E-05 
   338   -1.616621E-01    1.000055E+00    1.000077E+00   -7.182783E-05 
   339   -1.606612E-01    1.000061E+00    1.000085E+00   -7.920456E-05 
   340   -1.596602E-01    1.000067E+00    1.000094E+00   -8.706070E-05 
   341   -1.586593E-01    1.000074E+00    1.000103E+00   -9.538476E-05 
   342   -1.576584E-01    1.000080E+00    1.000113E+00   -1.041571E-04 
   343   -1.566574E-01    1.000088E+00    1.000123E+00   -1.133488E-04 
   344   -1.556565E-01    1.000095E+00    1.000133E+00   -1.229209E-04 
   345   -1.546556E-01    1.000103E+00    1.000144E+00   -1.328234E-04 
   346   -1.536547E-01    1.000111E+00    1.000156E+00   -1.429941E-04 
   347   -1.526538E-01    1.000119E+00    1.000167E+00   -1.533583E-04 
   348   -1.516530E-01    1.000128E+00    1.000179E+00   -1.638277E-04 
   349   -1.506521E-01    1.000136E+00    1.000191E+00   -1.742995E-04 
   350   -1.496512E-01    1.000145E+00    1.000203E+00   -1.846563E-04 
   351   -1.486504E-01    1.000153E+00    1.000214E+00   -1.947665E-04 
   352   -1.476495E-01    1.000161E+00    1.000226E+00   -2.044850E-04 
   353   -1.466487E-01    1.000169E+00    1.000236E+00   -2.136515E-04 
   354   -1.456479E-01    1.000176E+00    1.000246E+00   -2.220794E-04 
   355   -1.446471E-01    1.000182E+00    1.000255E+00   -2.295292E-04 
   356   -1.436462E-01    1.000187E+00    1.000262E+00   -2.357353E-04 
   357   -1.426454E-01    1.000190E+00    1.000266E+00   -2.404227E-04 
   358   -1.416446E-01    1.000191E+00    1.000267E+00   -2.434715E-04 
   359   -1.406438E-01    1.000187E+00    1.000262E+00   -2.443968E-04 
   360   -1.396430E-01    1.000178E+00    1.000250E+00   -2.424243E-04 
   361   -1.386423E-01    1.000161E+00    1.000226E+00   -2.354594E-04 
   362   -1.376414E-01    1.000133E+00    1.000186E+00   -2.199391E-04 
   363   -1.366406E-01    1.000090E+00    1.000126E+00   -1.905933E-04 
   364   -1.356398E-01    1.000026E+00    1.000037E+00   -1.418731E-04 
   365   -1.346389E-01    9.999369E-01    9.999116E-01   -6.750477E-05 
   366   -1.336379E-01    9.998140E-01    9.997395E-01    4.042147E-05 
   367   -1.326368E-01    9.996491E-01    9.995086E-01    1.916601E-04 
   368   -1.316356E-01    9.994322E-01    9.992050E-01    3.976354E-04 
   369   -1.306341E-01    9.991522E-01    9.988128E-01    6.717933E-04 
   370   -1.296324E-01    9.987959E-01    9.983140E-01    1.029632E-03 
   371   -1.286304E-01    9.983491E-01    9.976885E-01    1.488604E-03 
   372   -1.276280E-01    9.977961E-01    9.969144E-01    2.068329E-03 
   373   -1.266250E-01    9.971199E-01    9.959680E-01    2.790142E-03 
   374   -1.256213E-01    9.963027E-01    9.948246E-01    3.677119E-03 
   375   -1.246168E-01    9.953262E-01    9.934585E-01    4.753764E-03 
   376   -1.236113E-01    9.941715E-01    9.918438E-01    6.045421E-03 
   377   -1.226046E-01    9.928202E-01    9.899549E-01    7.577985E-03 
   378   -1.215966E-01    9.912547E-01    9.877676E-01    9.376666E-03 
   379   -1.205868E-01    9.894583E-01    9.852593E-01    1.146522E-02 
   380   -1.195752E-01    9.874165E-01    9.824101E-01    1.386513E-02 
   381   -1.185614E-01    9.851169E-01    9.792039E-01    1.659472E-02 
   382   -1.175451E-01    9.825502E-01    9.756285E-01    1.966902E-02 
   383   -1.165261E-01    9.797105E-01    9.716768E-01    2.309928E-02 
   384   -1.155039E-01    9.765951E-01    9.673467E-01    2.689239E-02 
   385   -1.144782E-01    9.732054E-01    9.626412E-01    3.105059E-02 
   386   -1.134488E-01    9.695460E-01    9.575686E-01    3.557035E-02 
   387   -1.124153E-01    9.656248E-01    9.521413E-01    4.044193E-02 
   388   -1.113774E-01    9.614525E-01    9.463760E-01    4.564977E-02 
   389   -1.103348E-01    9.570424E-01    9.402930E-01    5.117356E-02 
   390   -1.092872E-01    9.524097E-01    9.339147E-01    5.699076E-02 
   391   -1.082342E-01    9.475705E-01    9.272654E-01    6.307878E-02 
   392   -1.071756E-01    9.425411E-01    9.203690E-01    6.941653E-02 
   393   -1.061112E-01    9.373360E-01    9.132472E-01    7.598515E-02 
   394   -1.050406E-01    9.319670E-01    9.059174E-01    8.276763E-02 
   395   -1.039638E-01    9.264414E-01    8.983911E-01    8.974836E-02 
   396   -1.028804E-01    9.207617E-01    8.906734E-01    9.691329E-02 
   397   -1.017903E-01    9.149264E-01    8.827637E-01    1.042631E-01 
   398   -1.006931E-01    9.089312E-01    8.746576E-01    1.118195E-01 
   399   -9.958859E-02    9.027699E-01    8.663489E-01    1.196070E-01 
   400   -9.847641E-02    8.964370E-01    8.578320E-01    1.276566E-01 
   401   -9.735622E-02    8.899285E-01    8.491039E-01    1.359999E-01 
   402   -9.622767E-02    8.832433E-01    8.401648E-01    1.446633E-01 
   403   -9.509041E-02    8.763829E-01    8.310197E-01    1.536608E-01 
   404   -9.394407E-02    8.693531E-01    8.216783E-01    1.629899E-01 
   405   -9.278826E-02    8.621642E-01    8.121571E-01    1.726324E-01 
   406   -9.162258E-02    8.548328E-01    8.024798E-01    1.825519E-01 
   407   -9.044664E-02    8.473806E-01    7.926774E-01    1.926979E-01 
   408   -8.926007E-02    8.398339E-01    7.827861E-01    2.030321E-01 
   409   -8.806257E-02    8.322208E-01    7.728442E-01    2.135224E-01 
   410   -8.685393E-02    8.245683E-01    7.628877E-01    2.241415E-01 
   411   -8.563396E-02    8.169006E-01    7.529482E-01    2.348759E-01 
   412   -8.440245E-02    8.092368E-01    7.430512E-01    2.457396E-01 
   413   -8.315921E-02    8.015917E-01    7.332159E-01    2.567073E-01 
   414   -8.190405E-02    7.939781E-01    7.234586E-01    2.677061E-01 
   415   -8.063677E-02    7.864085E-01    7.137952E-01    2.786793E-01 
   416   -7.935720E-02    7.788977E-01    7.042441E-01    2.895823E-01 
   417   -7.806521E-02    7.714619E-01    6.948253E-01    3.004025E-01 
   418   -7.676071E-02    7.641183E-01    6.855593E-01    3.111809E-01 
   419   -7.544359E-02    7.568827E-01    6.764646E-01    3.219362E-01 
   420   -7.411386E-02    7.497656E-01    6.675528E-01    3.326392E-01 
   421   -7.277155E-02    7.427677E-01    6.588234E-01    3.432590E-01 
   422   -7.141677E-02    7.358777E-01    6.502604E-01    3.537567E-01 
   423   -7.004948E-02    7.290707E-01    6.418320E-01    3.641017E-01 
   424   -6.866959E-02    7.223113E-01    6.334933E-01    3.742910E-01 
   425   -6.727689E-02    7.155572E-01    6.251916E-01    3.843673E-01 
   426   -6.587115E-02    7.087629E-01    6.168714E-01    3.944732E-01 
   427   -6.445199E-02    7.018812E-01    6.084758E-01    4.047890E-01 
   428   -6.301891E-02    6.948648E-01    5.999490E-01    4.154928E-01 
   429   -6.157125E-02    6.876694E-01    5.912400E-01    4.267279E-01 
   430   -6.010827E-02    6.802582E-01    5.823077E-01    4.385730E-01 
   431   -5.862910E-02    6.726088E-01    5.731293E-01    4.510364E-01 
   432   -5.713269E-02    6.647217E-01    5.637097E-01    4.640711E-01 
   433   -5.561791E-02    6.566276E-01    5.540904E-01    4.775521E-01 
   434   -5.408372E-02    6.483873E-01    5.443469E-01    4.913547E-01 
   435   -5.252936E-02    6.400820E-01    5.345775E-01    5.053796E-01 
   436   -5.095434E-02    6.317948E-01    5.248805E-01    5.195496E-01 
   437   -4.935844E-02    6.235922E-01    5.153327E-01    5.338014E-01 
   438   -4.774160E-02    6.155125E-01    5.059768E-01    5.480639E-01 
   439   -4.610376E-02    6.075692E-01    4.968267E-01    5.623425E-01 
   440   -4.444466E-02    5.997605E-01    4.878785E-01    5.765932E-01 
   441   -4.276398E-02    5.920873E-01    4.791313E-01    5.906458E-01 
   442   -4.106149E-02    5.845686E-01    4.706046E-01    6.043658E-01 
   443   -3.933701E-02    5.772483E-01    4.623458E-01    6.177104E-01 
   444   -3.759049E-02    5.701975E-01    4.544316E-01    6.307584E-01 
   445   -3.582225E-02    5.635104E-01    4.469625E-01    6.434480E-01 
   446   -3.403320E-02    5.572894E-01    4.400459E-01    6.556295E-01 
   447   -3.222467E-02    5.516310E-01    4.337810E-01    6.670794E-01 
   448   -3.039826E-02    5.466245E-01    4.282583E-01    6.774591E-01 
   449   -2.855593E-02    5.423652E-01    4.235741E-01    6.863204E-01 
   450   -2.670004E-02    5.389702E-01    4.198485E-01    6.931907E-01 
   451   -2.483343E-02    5.365738E-01    4.172193E-01    6.977259E-01 
   452   -2.295959E-02    5.352710E-01    4.157825E-01    6.997030E-01 
   453   -2.108351E-02    5.350279E-01    4.154969E-01    6.987072E-01 
   454   -1.920988E-02    5.356302E-01    4.161299E-01    6.962473E-01 
   455   -1.734154E-02    5.367452E-01    4.173221E-01    6.937558E-01 
   456   -1.547877E-02    5.380599E-01    4.187334E-01    6.912300E-01 
   457   -1.362066E-02    5.393811E-01    4.201521E-01    6.886911E-01 
   458   -1.176705E-02    5.406361E-01    4.214969E-01    6.861136E-01 
   459   -9.917290E-03    5.418042E-01    4.227457E-01    6.836860E-01 
   460   -8.071708E-03    5.428600E-01    4.238723E-01    6.816384E-01 
   461   -6.230241E-03    5.437784E-01    4.248501E-01    6.800043E-01 
   462   -4.391161E-03    5.445602E-01    4.256780E-01    6.786905E-01 
   463   -2.553499E-03    5.452181E-01    4.263678E-01    6.776695E-01 
   464   -7.189042E-04    5.457492E-01    4.269158E-01    6.769607E-01 
   465    1.113337E-03    5.461520E-01    4.273212E-01    6.764563E-01 
   466    2.945890E-03    5.464538E-01    4.276140E-01    6.760150E-01 
   467    4.778329E-03    5.466916E-01    4.278366E-01    6.756337E-01 
   468    6.608475E-03    5.468829E-01    4.280090E-01    6.753483E-01 
   469    8.437723E-03    5.470413E-01    4.281436E-01    6.751104E-01 
   470    1.026881E-02    5.471897E-01    4.282601E-01    6.748828E-01 
   471    1.209880E-02    5.473345E-01    4.283644E-01    6.747186E-01 
   472    1.392593E-02    5.474652E-01    4.284514E-01    6.745877E-01 
   473    1.575419E-02    5.475868E-01    4.285347E-01    6.744184E-01 
   474    1.758444E-02    5.477118E-01    4.286260E-01    6.742770E-01 
   475    1.941137E-02    5.478258E-01    4.286950E-01    6.742024E-01 
   476    2.123592E-02    5.479249E-01    4.287258E-01    6.740894E-01 
   477    2.306526E-02    5.480353E-01    4.287563E-01    6.739029E-01 
   478    2.489398E-02    5.481574E-01    4.288159E-01    6.738509E-01 
   479    2.671650E-02    5.482559E-01    4.288642E-01    6.738663E-01 
   480    2.854074E-02    5.483466E-01    4.288847E-01    6.737370E-01 
   481    3.037205E-02    5.484788E-01    4.289165E-01    6.735284E-01 
   482    3.219627E-02    5.486165E-01    4.289476E-01    6.736420E-01 
   483    3.401487E-02    5.487197E-01    4.289424E-01    6.736958E-01 
   484    3.584231E-02    5.488423E-01    4.289491E-01    6.733630E-01 
   485    3.767071E-02    5.490267E-01    4.290152E-01    6.732448E-01 
   486    3.949278E-02    5.492055E-01    4.290841E-01    6.736093E-01 
   487    4.130516E-02    5.494027E-01    4.291451E-01    6.733300E-01 
   488    4.313439E-02    5.497666E-01    4.292621E-01    6.729032E-01 
   489    4.497057E-02    5.502175E-01    4.292623E-01    6.732693E-01 
   490    4.676786E-02    5.506324E-01    4.289603E-01    6.736711E-01 
   491    4.857299E-02    5.509567E-01    4.283207E-01    6.724822E-01 
   492    5.042997E-02    5.508452E-01    4.272392E-01    6.729904E-01 
   493    5.224417E-02    5.494863E-01    4.252185E-01    6.737791E-01 
   494    5.396773E-02    5.461632E-01    4.226188E-01    6.720726E-01 
   495    5.589924E-02    5.399437E-01    4.218846E-01    6.733959E-01 
   496    5.779101E-02    5.311366E-01    4.246940E-01    6.723489E-01 
   497    5.947268E-02    5.217393E-01    4.302072E-01    6.734053E-01 
   498    6.168270E-02    5.093731E-01    4.351936E-01    6.730337E-01 
   499    6.406456E-02    4.954308E-01    4.485798E-01    6.756275E-01 
   500    6.294307E-02    5.017953E-01    3.492829E-01    6.637701E-01 
   501    6.487620E-02    4.903846E-01    3.710495E-01    6.681593E-01 
   502    6.595139E-02    4.836867E-01    3.944926E-01    6.719943E-01 
   503    6.657384E-02    4.797620E-01    4.162696E-01    6.730026E-01 
   504    6.684797E-02    4.781240E-01    4.334664E-01    6.713293E-01 
   505    6.741813E-02    4.749488E-01    4.419587E-01    6.697489E-01 
   506    6.826738E-02    4.705659E-01    4.436651E-01    6.728414E-01 
   507    6.872155E-02    4.683873E-01    4.435982E-01    6.748683E-01 
   508    6.892866E-02    4.674398E-01    4.426233E-01    6.749518E-01 
   509    6.920713E-02    4.662467E-01    4.408599E-01    6.728027E-01 
   510    6.987182E-02    4.637762E-01    4.380005E-01    6.720808E-01 
   511    7.055744E-02    4.617008E-01    4.356220E-01    6.722023E-01 
   512    7.122203E-02    4.601043E-01    4.337256E-01    6.718821E-01 
   513    7.189326E-02    4.588986E-01    4.322399E-01    6.716231E-01 
   514    7.244145E-02    4.581660E-01    4.311781E-01    6.721157E-01 
   515    7.295597E-02    4.576322E-01    4.302929E-01    6.736665E-01 
   516    7.343616E-02    4.572266E-01    4.295484E-01    6.739336E-01 
   517    7.391277E-02    4.569445E-01    4.290091E-01    6.725413E-01 
   518    7.440744E-02    4.567719E-01    4.286153E-01    6.720346E-01 
   519    7.493913E-02    4.566597E-01    4.283031E-01    6.722823E-01 
   520    7.550871E-02    4.565989E-01    4.280590E-01    6.724102E-01 
   521    7.610973E-02    4.565917E-01    4.279009E-01    6.724137E-01 
   522    7.673447E-02    4.566130E-01    4.277859E-01    6.729019E-01 
   523    7.731058E-02    4.566347E-01    4.276814E-01    6.730315E-01 
   524    7.783089E-02    4.566674E-01    4.275921E-01    6.726603E-01 
   525    7.834389E-02    4.567233E-01    4.275398E-01    6.721342E-01 
   526    7.889077E-02    4.568008E-01    4.275129E-01    6.719560E-01 
   527    7.943003E-02    4.568772E-01    4.274856E-01    6.720748E-01 
   528    7.995295E-02    4.569524E-01    4.274544E-01    6.720321E-01 
   529    8.048398E-02    4.570282E-01    4.274297E-01    6.721672E-01 
   530    8.103453E-02    4.571021E-01    4.274107E-01    6.724886E-01 
   531    8.159794E-02    4.571706E-01    4.273963E-01    6.727036E-01 
   532    8.216250E-02    4.572345E-01    4.273880E-01    6.726394E-01 
   533    8.272370E-02    4.573014E-01    4.273922E-01    6.723645E-01 
   534    8.328012E-02    4.573776E-01    4.274133E-01    6.720844E-01 
   535    8.383218E-02    4.574571E-01    4.274398E-01    6.720707E-01 
   536    8.437614E-02    4.575307E-01    4.274584E-01    6.721803E-01 
   537    8.491040E-02    4.575978E-01    4.274693E-01    6.721960E-01 
   538    8.544065E-02    4.576611E-01    4.274748E-01    6.721829E-01 
   539    8.597356E-02    4.577208E-01    4.274803E-01    6.722103E-01 
   540    8.651376E-02    4.577767E-01    4.274822E-01    6.722535E-01 
   541    8.706394E-02    4.578291E-01    4.274880E-01    6.722879E-01 
   542    8.762318E-02    4.578774E-01    4.274900E-01    6.723363E-01 
   543    8.818469E-02    4.579197E-01    4.274936E-01    6.723899E-01 
   544    8.874055E-02    4.579561E-01    4.274875E-01    6.724025E-01 
   545    8.928963E-02    4.579883E-01    4.274835E-01    6.723762E-01 
   546    8.983287E-02    4.580179E-01    4.274710E-01    6.723256E-01 
   547    9.037208E-02    4.580464E-01    4.274641E-01    6.722565E-01 
   548    9.090913E-02    4.580752E-01    4.274516E-01    6.721801E-01 
   549    9.144766E-02    4.581044E-01    4.274468E-01    6.721106E-01 
   550    9.198999E-02    4.581330E-01    4.274374E-01    6.720731E-01 
   551    9.253767E-02    4.581590E-01    4.274315E-01    6.720879E-01 
   552    9.308928E-02    4.581812E-01    4.274200E-01    6.721244E-01 
   553    9.364203E-02    4.582002E-01    4.274094E-01    6.721194E-01 
   554    9.419296E-02    4.582176E-01    4.273977E-01    6.720698E-01 
   555    9.474169E-02    4.582351E-01    4.273878E-01    6.720046E-01 
   556    9.528779E-02    4.582537E-01    4.273820E-01    6.719272E-01 
   557    9.583172E-02    4.582741E-01    4.273760E-01    6.718444E-01 
   558    9.637420E-02    4.582962E-01    4.273773E-01    6.717682E-01 
   559    9.691637E-02    4.583196E-01    4.273752E-01    6.717159E-01 
   560    9.745972E-02    4.583433E-01    4.273808E-01    6.717040E-01 
   561    9.800446E-02    4.583663E-01    4.273794E-01    6.717422E-01 
   562    9.855158E-02    4.583877E-01    4.273848E-01    6.718170E-01 
   563    9.909962E-02    4.584073E-01    4.273823E-01    6.718932E-01 
   564    9.964839E-02    4.584254E-01    4.273857E-01    6.719417E-01 
   565    1.001965E-01    4.584420E-01    4.273824E-01    6.719612E-01 
   566    1.007437E-01    4.584574E-01    4.273835E-01    6.719595E-01 
   567    1.012892E-01    4.584713E-01    4.273792E-01    6.719466E-01 
   568    1.018338E-01    4.584836E-01    4.273762E-01    6.719280E-01 
   569    1.023777E-01    4.584939E-01    4.273695E-01    6.719077E-01 
   570    1.029216E-01    4.585014E-01    4.273599E-01    6.718899E-01 
   571    1.034663E-01    4.585054E-01    4.273478E-01    6.718755E-01 
   572    1.040116E-01    4.585049E-01    4.273276E-01    6.718615E-01 
   573    1.045579E-01    4.584992E-01    4.273061E-01    6.718422E-01 
   574    1.051048E-01    4.584884E-01    4.272730E-01    6.718111E-01 
   575    1.056519E-01    4.584728E-01    4.272410E-01    6.717629E-01 
   576    1.061984E-01    4.584535E-01    4.271976E-01    6.716934E-01 
   577    1.067448E-01    4.584316E-01    4.271586E-01    6.716010E-01 
   578    1.072902E-01    4.584087E-01    4.271117E-01    6.714888E-01 
   579    1.078355E-01    4.583863E-01    4.270724E-01    6.713591E-01 
   580    1.083806E-01    4.583660E-01    4.270303E-01    6.712160E-01 
   581    1.089259E-01    4.583492E-01    4.269980E-01    6.710658E-01 
   582    1.094715E-01    4.583370E-01    4.269687E-01    6.709173E-01 
   583    1.100178E-01    4.583307E-01    4.269498E-01    6.707871E-01 
   584    1.105643E-01    4.583309E-01    4.269392E-01    6.706954E-01 
   585    1.111111E-01    4.583383E-01    4.269378E-01    6.706557E-01 
   586    1.116580E-01    4.583528E-01    4.269484E-01    6.706750E-01 
   587    1.122043E-01    4.583737E-01    4.269641E-01    6.707477E-01 
   588    1.127508E-01    4.583997E-01    4.269918E-01    6.708572E-01 
   589    1.132966E-01    4.584286E-01    4.270174E-01    6.709961E-01 
   590    1.138424E-01    4.584574E-01    4.270499E-01    6.711518E-01 
   591    1.143878E-01    4.584822E-01    4.270703E-01    6.713154E-01 
   592    1.149333E-01    4.584985E-01    4.270871E-01    6.714767E-01 
   593    1.154786E-01    4.585014E-01    4.270799E-01    6.716222E-01 
   594    1.160241E-01    4.584856E-01    4.270547E-01    6.717404E-01 
   595    1.165695E-01    4.584460E-01    4.269939E-01    6.718213E-01 
   596    1.171151E-01    4.583781E-01    4.269002E-01    6.718516E-01 
   597    1.176607E-01    4.582778E-01    4.267620E-01    6.718238E-01 
   598    1.182061E-01    4.581425E-01    4.265796E-01    6.717261E-01 
   599    1.187517E-01    4.579708E-01    4.263506E-01    6.715408E-01 
   600    1.192972E-01    4.577637E-01    4.260735E-01    6.712396E-01 
   601    1.198432E-01    4.575239E-01    4.257575E-01    6.707991E-01 
   602    1.203892E-01    4.572570E-01    4.254015E-01    6.702054E-01 
   603    1.209359E-01    4.569706E-01    4.250264E-01    6.694545E-01 
   604    1.214829E-01    4.566754E-01    4.246335E-01    6.685471E-01 
   605    1.220308E-01    4.563839E-01    4.242527E-01    6.674955E-01 
   606    1.225792E-01    4.561107E-01    4.238893E-01    6.663179E-01 
   607    1.231287E-01    4.558710E-01    4.235762E-01    6.650311E-01 
   608    1.236787E-01    4.556799E-01    4.233209E-01    6.636711E-01 
   609    1.242295E-01    4.555509E-01    4.231515E-01    6.623488E-01 
   610    1.247811E-01    4.554943E-01    4.230728E-01    6.612855E-01 
   611    1.253329E-01    4.555162E-01    4.230989E-01    6.606591E-01 
   612    1.258851E-01    4.556166E-01    4.232262E-01    6.606803E-01 
   613    1.264370E-01    4.557881E-01    4.234459E-01    6.613872E-01 
   614    1.269883E-01    4.560156E-01    4.237408E-01    6.626861E-01 
   615    1.275386E-01    4.562755E-01    4.240743E-01    6.644012E-01 
   616    1.280878E-01    4.565363E-01    4.244137E-01    6.663487E-01 
   617    1.286356E-01    4.567585E-01    4.246973E-01    6.683418E-01 
   618    1.291824E-01    4.568967E-01    4.248775E-01    6.702641E-01 
   619    1.297277E-01    4.568995E-01    4.248737E-01    6.719595E-01 
   620    1.302723E-01    4.567110E-01    4.246261E-01    6.733414E-01 
   621    1.308159E-01    4.562726E-01    4.240440E-01    6.743477E-01 
   622    1.313591E-01    4.555232E-01    4.230586E-01    6.749217E-01 
   623    1.319022E-01    4.544019E-01    4.215791E-01    6.749398E-01 
   624    1.324457E-01    4.528491E-01    4.195353E-01    6.742543E-01 
   625    1.329900E-01    4.508083E-01    4.168470E-01    6.728277E-01 
   626    1.335360E-01    4.482251E-01    4.134463E-01    6.703899E-01 
   627    1.340842E-01    4.450504E-01    4.092722E-01    6.665029E-01 
   628    1.346357E-01    4.412422E-01    4.042694E-01    6.609957E-01 
   629    1.351920E-01    4.367612E-01    3.983985E-01    6.536242E-01 
   630    1.357540E-01    4.315784E-01    3.916245E-01    6.440036E-01 
   631    1.363237E-01    4.256730E-01    3.839417E-01    6.320240E-01 
   632    1.369025E-01    4.190350E-01    3.753403E-01    6.172523E-01 
   633    1.374924E-01    4.116609E-01    3.658508E-01    5.993943E-01 
   634    1.380954E-01    4.035691E-01    3.555052E-01    5.787739E-01 
   635    1.387138E-01    3.947869E-01    3.443782E-01    5.550820E-01 
   636    1.393491E-01    3.853769E-01    3.325698E-01    5.277681E-01 
   637    1.400041E-01    3.754123E-01    3.202063E-01    4.967636E-01 
   638    1.406807E-01    3.649963E-01    3.074399E-01    4.627561E-01 
   639    1.413811E-01    3.542560E-01    2.944584E-01    4.262030E-01 
   640    1.421067E-01    3.433595E-01    2.814829E-01    3.869602E-01 
   641    1.428589E-01    3.324900E-01    2.687426E-01    3.454857E-01 
   642    1.436388E-01    3.218414E-01    2.564664E-01    3.031559E-01 
   643    1.444467E-01    3.116161E-01    2.448768E-01    2.610672E-01 
   644    1.452821E-01    3.020069E-01    2.341697E-01    2.202039E-01 
   645    1.461438E-01    2.931791E-01    2.244949E-01    1.816080E-01 
   646    1.470303E-01    2.852571E-01    2.159510E-01    1.466312E-01 
   647    1.479390E-01    2.783192E-01    2.085768E-01    1.159926E-01 
   648    1.488670E-01    2.723880E-01    2.023539E-01    9.007989E-02 
   649    1.498114E-01    2.674333E-01    1.972130E-01    6.874322E-02 
   650    1.507693E-01    2.633849E-01    1.930502E-01    5.164861E-02 
   651    1.517378E-01    2.601439E-01    1.897420E-01    3.834338E-02 
   652    1.527148E-01    2.575985E-01    1.871577E-01    2.815510E-02 
   653    1.536981E-01    2.556326E-01    1.851693E-01    2.046053E-02 
   654    1.546863E-01    2.541363E-01    1.836599E-01    1.474162E-02 
   655    1.556780E-01    2.530126E-01    1.825284E-01    1.054592E-02 
   656    1.566724E-01    2.521783E-01    1.816893E-01    7.499725E-03 
   657    1.576687E-01    2.515650E-01    1.810728E-01    5.306920E-03 
   658    1.586664E-01    2.511181E-01    1.806236E-01    3.739401E-03 
   659    1.596651E-01    2.507948E-01    1.802987E-01    2.625277E-03 
   660    1.606644E-01    2.505624E-01    1.800653E-01    1.837248E-03 
   661    1.616643E-01    2.503965E-01    1.798985E-01    1.282219E-03 
   662    1.626645E-01    2.502785E-01    1.797799E-01    8.926841E-04 
   663    1.636649E-01    2.501950E-01    1.796960E-01    6.201248E-04 
   664    1.646655E-01    2.501362E-01    1.796369E-01    4.299190E-04 
   665    1.656663E-01    2.500948E-01    1.795953E-01    2.974958E-04 
   666    1.666671E-01    2.500659E-01    1.795662E-01    2.054974E-04 
   667    1.676679E-01    2.500457E-01    1.795459E-01    1.417079E-04 
   668    1.686689E-01    2.500316E-01    1.795318E-01    9.755813E-05 
   669    1.696698E-01    2.500218E-01    1.795220E-01    6.705377E-05 
   670    1.706708E-01    2.500151E-01    1.795151E-01    4.601227E-05 
   671    1.716717E-01    2.500104E-01    1.795104E-01    3.152155E-05 
   672    1.726727E-01    2.500071E-01    1.795072E-01    2.155815E-05 
   673    1.736737E-01    2.500049E-01    1.795049E-01    1.471859E-05 
   674    1.746747E-01    2.500033E-01    1.795034E-01    1.003105E-05 
   675    1.756757E-01    2.500023E-01    1.795023E-01    6.823742E-06 
   676    1.766767E-01    2.500016E-01    1.795016E-01    4.632979E-06 
   677    1.776777E-01    2.500011E-01    1.795011E-01    3.139213E-06 
   678    1.786787E-01    2.500007E-01    1.795007E-01    2.122562E-06 
   679    1.796797E-01    2.500005E-01    1.795005E-01    1.431961E-06 
   680    1.806807E-01    2.500003E-01    1.795003E-01    9.637872E-07 
   681    1.816817E-01    2.500002E-01    1.795002E-01    6.470720E-07 
   682    1.826827E-01    2.500002E-01    1.795002E-01    4.332946E-07 
   683    1.836837E-01    2.500001E-01    1.795001E-01    2.893377E-07 
   684    1.846847E-01    2.500001E-01    1.795001E-01    1.926387E-07 
   685    1.856857E-01    2.500000E-01    1.795000E-01    1.278550E-07 
   686    1.866867E-01    2.500000E-01    1.795000E-01    8.457440E-08 
   687    1.876877E-01    2.500000E-01    1.795000E-01    5.574538E-08 
   688    1.886887E-01    2.500000E-01    1.795000E-01    3.660322E-08 
   689    1.896897E-01    2.500000E-01    1.795000E-01    2.393592E-08 
   690    1.906907E-01    2.500000E-01    1.795000E-01    1.558356E-08 
   691    1.916917E-01    2.500000E-01    1.795000E-01    1.009758E-08 
   692    1.926927E-01    2.500000E-01    1.795000E-01    6.509241E-09 
   693    1.936937E-01    2.500000E-01    1.795000E-01    4.172619E-09 
   694    1.946947E-01    2.500000E-01    1.795000E-01    2.658431E-09 
   695    1.956957E-01    2.500000E-01    1.795000E-01    1.682344E-09 
   696    1.966967E-01    2.500000E-01    1.795000E-01    1.056728E-09 
   697    1.976977E-01    2.500000E-01    1.795000E-01    6.582593E-10 
   698    1.986987E-01    2.500000E-01    1.795000E-01    4.062144E-10 
   699    1.996997E-01    2.500000E-01    1.795000E-01    2.480149E-10 
   700    2.007007E-01    2.500000E-01    1.795000E-01    1.495751E-10 
   701    2.017017E-01    2.500000E-01    1.795000E-01    8.891362E-11 
   702    2.027027E-01    2.500000E-01    1.795000E-01    5.195193E-11 
   703    2.037037E-01    2.500000E-01    1.795000E-01    2.971866E-11 
   704    2.047047E-01    2.500000E-01    1.795000E-01    1.654947E-11 
   705    2.057057E-01    2.500000E-01    1.795000E-01    8.897801E-12 
   706    2.067067E-01    2.500000E-01    1.795000E-01    4.555838E-12 
   707    2.077077E-01    2.500000E-01    1.795000E-01    2.165017E-12 
   708    2.087087E-01    2.500000E-01    1.795000E-01    8.901028E-13 
   709    2.097097E-01    2.500000E-01    1.795000E-01    2.427012E-13 
   710    2.107107E-01    2.500000E-01    1.795000E-01   -4.098261E-14 
   711    2.117117E-01    2.500000E-01    1.795000E-01   -1.324068E-13 
   712    2.127127E-01    2.500000E-01    1.795000E-01   -1.353521E-13 
   713    2.137137E-01    2.500000E-01    1.795000E-01   -1.071758E-13 
   714    2.147147E-01    2.500000E-01    1.795000E-01   -7.430559E-14 
   715    2.157157E-01    2.500000E-01    1.795000E-01   -4.722501E-14 
   716    2.167167E-01    2.500000E-01    1.795000E-01   -2.758477E-14 
   717    2.177177E-01    2.500000E-01    1.795000E-01   -1.518389E-14 
   718    2.187187E-01    2.500000E-01    1.795000E-01   -7.535950E-15 
   719    2.197197E-01    2.500000E-01    1.795000E-01   -3.243281E-15 
   720    2.207207E-01    2.500000E-01    1.795000E-01   -9.699993E-16 
   721    2.217217E-01    2.500000E-01    1.795000E-01   -1.602496E-16 
   722    2.227227E-01    2.500000E-01    1.795000E-01    7.044478E-16 
   723    2.237237E-01    2.500000E-01    1.795000E-01    4.760973E-16 
   724    2.247247E-01    2.500000E-01    1.795000E-01    2.850206E-16 
   725    2.257257E-01    2.500000E-01    1.795000E-01   -7.701772E-17 
   726    2.267267E-01    2.500000E-01    1.795000E-01   -9.525354E-16 
   727    2.277277E-01    2.500000E-01    1.795000E-01   -1.096395E-15 
   728    2.287287E-01    2.500000E-01    1.795000E-01   -1.529715E-15 
   729    2.297297E-01    2.500000E-01    1.795000E-01   -1.611613E-15 
   730    2.307307E-01    2.500000E-01    1.795000E-01    7.109593E-16 
   731    2.317317E-01    2.500000E-01    1.795000E-01    2.226019E-15 
   732    2.327327E-01    2.500000E-01    1.795000E-01    8.162311E-16 
   733    2.337337E-01    2.500000E-01    1.795000E-01    1.129268E-16 
   734    2.347347E-01    2.500000E-01    1.795000E-01   -3.966892E-16 
   735    2.357357E-01    2.500000E-01    1.795000E-01   -1.039910E-15 
   736    2.367367E-01    2.500000E-01    1.795000E-01   -2.501783E-15 
   737    2.377377E-01    2.500000E-01    1.795000E-01   -8.085222E-16 
   738    2.387387E-01    2.500000E-01    1.795000E-01    4.160253E-16 
   739    2.397397E-01    2.500000E-01    1.795000E-01    6.128613E-16 
   740    2.407407E-01    2.500000E-01    1.795000E-01    5.166058E-17 
   741    2.417417E-01    2.500000E-01    1.795000E-01    3.393799E-16 
   742    2.427427E-01    2.500000E-01    1.795000E-01   -6.879708E-16 
   743    2.437437E-01    2.500000E-01    1.795000E-01   -8.970871E-16 
   744    2.447447E-01    2.500000E-01    1.795000E-01   -1.092437E-15 
   745    2.457457E-01    2.500000E-01    1.795000E-01   -1.148680E-15 
   746    2.467467E-01    2.500000E-01    1.795000E-01   -1.196505E-16 
   747    2.477477E-01    2.500000E-01    1.795000E-01    1.314855E-16 
   748    2.487487E-01    2.500000E-01    1.795000E-01   -1.606972E-16 
   749    2.497497E-01    2.500000E-01    1.795000E-01   -3.744433E-17 
   750    2.507508E-01    2.500000E-01    1.795000E-01   -1.737258E-16 
   751    2.517518E-01    2.500000E-01    1.795000E-01   -2.977936E-16 
   752    2.527528E-01    2.500000E-01    1.795000E-01   -3.856539E-16 
   753    2.537538E-01    2.500000E-01    1.795000E-01   -5.095890E-16 
   754    2.547548E-01    2.500000E-01    1.795000E-01   -4.552711E-16 
   755    2.557558E-01    2.500000E-01    1.795000E-01   -5.983275E-16 
   756    2.567568E-01    2.500000E-01    1.795000E-01   -4.015296E-16 
   757    2.577578E-01    2.500000E-01    1.795000E-01   -6.863822E-16 
   758    2.587588E-01    2.500000E-01    1.795000E-01   -1.151382E-16 
   759    2.597598E-01    2.500000E-01    1.795000E-01   -5.048651E-16 
   760    2.607608E-01    2.500000E-01    1.795000E-01   -6.884699E-16 
   761    2.617618E-01    2.500000E-01    1.795000E-01   -1.527165E-16 
   762    2.627628E-01    2.500000E-01    1.795000E-01   -6.143399E-16 
   763    2.637638E-01    2.500000E-01    1.795000E-01   -7.655056E-17 
   764    2.647648E-01    2.500000E-01    1.795000E-01   -5.904474E-16 
   765    2.657658E-01    2.500000E-01    1.795000E-01   -6.524046E-16 
   766    2.667668E-01    2.500000E-01    1.795000E-01   -1.261098E-16 
   767    2.677678E-01    2.500000E-01    1.795000E-01   -6.503742E-16 
   768    2.687688E-01    2.500000E-01    1.795000E-01    1.819236E-17 
   769    2.697698E-01    2.500000E-01    1.795000E-01   -5.187924E-16 
   770    2.707708E-01    2.500000E-01    1.795000E-01   -6.495894E-16 
   771    2.717718E-01    2.500000E-01    1.795000E-01    3.240065E-17 
   772    2.727728E-01    2.500000E-01    1.795000E-01   -5.126996E-16 
   773    2.737738E-01    2.500000E-01    1.795000E-01    5.337002E-16 
   774    2.747748E-01    2.500000E-01    1.795000E-01    4.401673E-17 
   775    2.757758E-01    2.500000E-01    1.795000E-01   -1.216585E-17 
   776    2.767768E-01    2.500000E-01    1.795000E-01    7.934021E-16 
   777    2.777778E-01    2.500000E-01    1.795000E-01    2.881487E-16 
   778    2.787788E-01    2.500000E-01    1.795000E-01    1.573346E-16 
   779    2.797798E-01    2.500000E-01    1.795000E-01    3.322245E-16 
   780    2.807808E-01    2.500000E-01    1.795000E-01   -5.703022E-16 
   781    2.817818E-01    2.500000E-01    1.795000E-01   -1.427178E-15 
   782    2.827828E-01    2.500000E-01    1.795000E-01   -4.033032E-15 
   783    2.837838E-01    2.500000E-01    1.795000E-01   -8.549929E-15 
   784    2.847848E-01    2.500000E-01    1.795000E-01   -1.462316E-14 
   785    2.857858E-01    2.500000E-01    1.795000E-01   -2.442366E-14 
   786    2.867868E-01    2.500000E-01    1.795000E-01   -3.770312E-14 
   787    2.877878E-01    2.500000E-01    1.795000E-01   -5.824479E-14 
   788    2.887888E-01    2.500000E-01    1.795000E-01   -8.629656E-14 
   789    2.897898E-01    2.500000E-01    1.795000E-01   -1.290480E-13 
   790    2.907908E-01    2.500000E-01    1.795000E-01   -1.897149E-13 
   791    2.917918E-01    2.500000E-01    1.795000E-01   -2.808036E-13 
   792    2.927928E-01    2.500000E-01    1.795000E-01   -4.110678E-13 
   793    2.937938E-01    2.500000E-01    1.795000E-01   -6.027877E-13 
   794    2.947948E-01    2.500000E-01    1.795000E-01   -8.782468E-13 
   795    2.957958E-01    2.500000E-01    1.795000E-01   -1.277659E-12 
   796    2.967968E-01    2.500000E-01    1.795000E-01   -1.845124E-12 
   797    2.977978E-01    2.500000E-01    1.795000E-01   -2.657387E-12 
   798    2.987988E-01    2.500000E-01    1.795000E-01   -3.808701E-12 
   799    2.997998E-01    2.500000E-01    1.795000E-01   -5.438179E-12 
   800    3.008008E-01    2.500000E-01    1.795000E-01   -7.731143E-12 
   801    3.018018E-01    2.500000E-01    1.795000E-01   -1.095615E-11 
   802    3.028028E-01    2.500000E-01    1.795000E-01   -1.546428E-11 
   803    3.038038E-01    2.500000E-01    1.795000E-01   -2.174837E-11 
   804    3.048048E-01    2.500000E-01    1.795000E-01   -3.047113E-11 
   805    3.058058E-01    2.500000E-01    1.795000E-01   -4.254154E-11 
   806    3.068068E-01    2.500000E-01    1.795000E-01   -5.917634E-11 
   807    3.078078E-01    2.500000E-01    1.795000E-01   -8.203041E-11 
   808    3.088088E-01    2.500000E-01    1.795000E-01   -1.133188E-10 
   809    3.098098E-01    2.500000E-01    1.795000E-01   -1.560173E-10 
   810    3.108108E-01    2.500000E-01    1.795000E-01   -2.140884E-10 
   811    3.118118E-01    2.500000E-01    1.795000E-01   -2.928134E-10 
   812    3.128128E-01    2.500000E-01    1.795000E-01   -3.991888E-10 
   813    3.138138E-01    2.500000E-01    1.795000E-01   -5.424670E-10 
   814    3.148148E-01    2.500000E-01    1.795000E-01   -7.348289E-10 
   815    3.158158E-01    2.500000E-01    1.795000E-01   -9.922711E-10 
   816    3.168168E-01    2.500000E-01    1.795000E-01   -1.335731E-09 
   817    3.178178E-01    2.500000E-01    1.795000E-01   -1.792516E-09 
   818    3.188188E-01    2.500000E-01    1.795000E-01   -2.398129E-09 
   819    3.198198E-01    2.500000E-01    1.795000E-01   -3.198585E-09 
   820    3.208208E-01    2.500000E-01    1.795000E-01   -4.253324E-09 
   821    3.218218E-01    2.500000E-01    1.795000E-01   -5.638865E-09 
   822    3.228228E-01    2.500000E-01    1.795000E-01   -7.453418E-09 
   823    3.238238E-01    2.500000E-01    1.795000E-01   -9.822606E-09 
   824    3.248248E-01    2.500000E-01    1.795000E-01   -1.290658E-08 
   825    3.258258E-01    2.500000E-01    1.795000E-01   -1.690888E-08 
   826    3.268268E-01    2.500000E-01    1.795000E-01   -2.208730E-08 
   827    3.278278E-01    2.500000E-01    1.795000E-01   -2.876730E-08 
   828    3.288288E-01    2.500000E-01    1.795000E-01   -3.735839E-08 
   829    3.298298E-01    2.500000E-01    1.795000E-01   -4.837418E-08 
   830    3.308308E-01    2.500000E-01    1.795000E-01   -6.245663E-08 
   831    3.318318E-01    2.500000E-01    1.795000E-01   -8.040542E-08 
   832    3.328328E-01    2.500000E-01    1.795000E-01   -1.032135E-07 
   833    3.338338E-01    2.500000E-01    1.795000E-01   -1.321093E-07 
   834    3.348348E-01    2.500000E-01    1.795000E-01   -1.686078E-07 
   835    3.358358E-01    2.500001E-01    1.795001E-01   -2.145706E-07 
   836    3.368368E-01    2.500001E-01    1.795001E-01   -2.722773E-07 
   837    3.378378E-01    2.500001E-01    1.795001E-01   -3.445100E-07 
   838    3.388388E-01    2.500001E-01    1.795001E-01   -4.346512E-07 
   839    3.398398E-01    2.500001E-01    1.795001E-01   -5.467998E-07 
   840    3.408408E-01    2.500002E-01    1.795002E-01   -6.859037E-07 
   841    3.418418E-01    2.500002E-01    1.795002E-01   -8.579146E-07 
   842    3.428428E-01    2.500003E-01    1.795003E-01   -1.069965E-06 
   843    3.438438E-01    2.500003E-01    1.795003E-01   -1.330570E-06 
   844    3.448448E-01    2.500004E-01    1.795004E-01   -1.649856E-06 
   845    3.458458E-01    2.500005E-01    1.795005E-01   -2.039822E-06 
   846    3.468468E-01    2.500006E-01    1.795006E-01   -2.514625E-06 
   847    3.478478E-01    2.500008E-01    1.795008E-01   -3.090906E-06 
   848    3.488488E-01    2.500009E-01    1.795009E-01   -3.788142E-06 
   849    3.498498E-01    2.500011E-01    1.795011E-01   -4.629040E-06 
   850    3.508508E-01    2.500014E-01    1.795014E-01   -5.639951E-06 
   851    3.518518E-01    2.500017E-01    1.795017E-01   -6.851333E-06 
   852    3.528528E-01    2.500020E-01    1.795020E-01   -8.298224E-06 
   853    3.538538E-01    2.500024E-01    1.795024E-01   -1.002075E-05 
   854    3.548548E-01    2.500029E-01    1.795029E-01   -1.206466E-05 
   855    3.558558E-01    2.500035E-01    1.795035E-01   -1.448184E-05 
   856    3.568568E-01    2.500041E-01    1.795042E-01   -1.733084E-05 
   857    3.578578E-01    2.500049E-01    1.795050E-01   -2.067742E-05 
   858    3.588587E-01    2.500059E-01    1.795059E-01   -2.459501E-05 
   859    3.598597E-01    2.500069E-01    1.795070E-01   -2.916516E-05 
   860    3.608607E-01    2.500082E-01    1.795082E-01   -3.447789E-05 
   861    3.618617E-01    2.500096E-01    1.795097E-01   -4.063198E-05 
   862    3.628626E-01    2.500113E-01    1.795114E-01   -4.773510E-05 
   863    3.638636E-01    2.500132E-01    1.795133E-01   -5.590383E-05 
   864    3.648645E-01    2.500154E-01    1.795155E-01   -6.526344E-05 
   865    3.658655E-01    2.500179E-01    1.795180E-01   -7.594750E-05 
   866    3.668664E-01    2.500208E-01    1.795209E-01   -8.809722E-05 
   867    3.678673E-01    2.500240E-01    1.795241E-01   -1.018605E-04 
   868    3.688682E-01    2.500277E-01    1.795278E-01   -1.173907E-04 
   869    3.698691E-01    2.500317E-01    1.795319E-01   -1.348448E-04 
   870    3.708700E-01    2.500363E-01    1.795365E-01   -1.543819E-04 
   871    3.718708E-01    2.500414E-01    1.795416E-01   -1.761603E-04 
   872    3.728717E-01    2.500471E-01    1.795473E-01   -2.003350E-04 
   873    3.738725E-01    2.500533E-01    1.795536E-01   -2.270543E-04 
   874    3.748733E-01    2.500602E-01    1.795605E-01   -2.564564E-04 
   875    3.758740E-01    2.500678E-01    1.795681E-01   -2.886653E-04 
   876    3.768748E-01    2.500760E-01    1.795764E-01   -3.237867E-04 
   877    3.778754E-01    2.500849E-01    1.795854E-01   -3.619028E-04 
   878    3.788761E-01    2.500946E-01    1.795951E-01   -4.030684E-04 
   879    3.798767E-01    2.501050E-01    1.796055E-01   -4.473053E-04 
   880    3.808773E-01    2.501161E-01    1.796167E-01   -4.945977E-04 
   881    3.818778E-01    2.501280E-01    1.796286E-01   -5.448877E-04 
   882    3.828783E-01    2.501405E-01    1.796413E-01   -5.980703E-04 
   883    3.838787E-01    2.501537E-01    1.796546E-01   -6.539902E-04 
   884    3.848791E-01    2.501676E-01    1.796685E-01   -7.124379E-04 
   885    3.858794E-01    2.501820E-01    1.796830E-01   -7.731474E-04 
   886    3.868796E-01    2.501969E-01    1.796980E-01   -8.357948E-04 
   887    3.878798E-01    2.502123E-01    1.797134E-01   -8.999976E-04 
   888    3.888800E-01    2.502279E-01    1.797292E-01   -9.653161E-04 
   889    3.898800E-01    2.502438E-01    1.797451E-01   -1.031256E-03 
   890    3.908800E-01    2.502598E-01    1.797612E-01   -1.097273E-03 
   891    3.918799E-01    2.502757E-01    1.797772E-01   -1.162777E-03 
   892    3.928798E-01    2.502915E-01    1.797931E-01   -1.227142E-03 
   893    3.938796E-01    2.503069E-01    1.798086E-01   -1.289709E-03 
   894    3.948793E-01    2.503218E-01    1.798236E-01   -1.349798E-03 
   895    3.958790E-01    2.503361E-01    1.798379E-01   -1.406721E-03 
   896    3.968786E-01    2.503495E-01    1.798515E-01   -1.459797E-03 
   897    3.978782E-01    2.503620E-01    1.798640E-01   -1.508370E-03 
   898    3.988777E-01    2.503734E-01    1.798754E-01   -1.551833E-03 
   899    3.998772E-01    2.503834E-01    1.798855E-01   -1.589607E-03 
   900    4.008766E-01    2.503919E-01    1.798941E-01   -1.621083E-03 
   901    4.018760E-01    2.503988E-01    1.799010E-01   -1.645657E-03 
   902    4.028753E-01    2.504038E-01    1.799060E-01   -1.662900E-03 
   903    4.038747E-01    2.504065E-01    1.799087E-01   -1.672597E-03 
   904    4.048740E-01    2.504064E-01    1.799087E-01   -1.674650E-03 
   905    4.058734E-01    2.504033E-01    1.799055E-01   -1.667810E-03 
   906    4.068727E-01    2.503963E-01    1.798985E-01   -1.649336E-03 
   907    4.078720E-01    2.503852E-01    1.798874E-01   -1.615588E-03 
   908    4.088714E-01    2.503695E-01    1.798716E-01   -1.562265E-03 
   909    4.098709E-01    2.503490E-01    1.798509E-01   -1.485398E-03 
   910    4.108705E-01    2.503235E-01    1.798253E-01   -1.380752E-03 
   911    4.118702E-01    2.502931E-01    1.797947E-01   -1.246507E-03 
   912    4.128700E-01    2.502580E-01    1.797594E-01   -1.085948E-03 
   913    4.138700E-01    2.502188E-01    1.797199E-01   -9.084800E-04 
   914    4.148701E-01    2.501765E-01    1.796775E-01   -7.258296E-04 
   915    4.158704E-01    2.501330E-01    1.796337E-01   -5.455520E-04 
   916    4.168709E-01    2.500901E-01    1.795906E-01   -3.668226E-04 
   917    4.178717E-01    2.500499E-01    1.795502E-01   -1.834230E-04 
   918    4.188728E-01    2.500141E-01    1.795141E-01    5.164128E-06 
   919    4.198741E-01    2.499836E-01    1.794835E-01    1.850653E-04 
   920    4.208754E-01    2.499590E-01    1.794587E-01    3.277918E-04 
   921    4.218765E-01    2.499406E-01    1.794403E-01    4.028092E-04 
   922    4.228777E-01    2.499289E-01    1.794285E-01    3.997024E-04 
   923    4.238789E-01    2.499239E-01    1.794235E-01    3.492436E-04 
   924    4.248806E-01    2.499253E-01    1.794249E-01    2.904614E-04 
   925    4.258824E-01    2.499321E-01    1.794317E-01    2.379596E-04 
   926    4.268839E-01    2.499423E-01    1.794420E-01    1.885937E-04 
   927    4.278849E-01    2.499541E-01    1.794539E-01    1.380209E-04 
   928    4.288855E-01    2.499660E-01    1.794658E-01    8.733839E-05 
   929    4.298862E-01    2.499771E-01    1.794770E-01    3.873894E-05 
   930    4.308874E-01    2.499872E-01    1.794871E-01   -5.625677E-06 
   931    4.318891E-01    2.499962E-01    1.794962E-01   -4.102280E-05 
   932    4.328906E-01    2.500037E-01    1.795037E-01   -6.225674E-05 
   933    4.338913E-01    2.500092E-01    1.795092E-01   -7.044535E-05 
   934    4.348915E-01    2.500126E-01    1.795127E-01   -7.390204E-05 
   935    4.358918E-01    2.500144E-01    1.795145E-01   -8.069972E-05 
   936    4.368929E-01    2.500152E-01    1.795153E-01   -9.265580E-05 
   937    4.378946E-01    2.500156E-01    1.795157E-01   -1.039674E-04 
   938    4.388963E-01    2.500154E-01    1.795154E-01   -9.909153E-05 
   939    4.398972E-01    2.500140E-01    1.795140E-01   -6.080662E-05 
   940    4.408972E-01    2.500109E-01    1.795110E-01   -1.193721E-05 
   941    4.418973E-01    2.500067E-01    1.795068E-01    4.898785E-06 
   942    4.428981E-01    2.500025E-01    1.795025E-01   -9.196477E-06 
   943    4.439001E-01    2.499992E-01    1.794992E-01   -3.633290E-05 
   944    4.449022E-01    2.499974E-01    1.794974E-01   -5.282440E-05 
   945    4.459035E-01    2.499966E-01    1.794966E-01   -2.584220E-06 
   946    4.469037E-01    2.499962E-01    1.794962E-01    6.138077E-05 
   947    4.479034E-01    2.499960E-01    1.794960E-01    5.938692E-05 
   948    4.489038E-01    2.499966E-01    1.794965E-01    2.295478E-05 
   949    4.499058E-01    2.499983E-01    1.794983E-01   -1.944830E-05 
   950    4.509083E-01    2.500009E-01    1.795009E-01   -5.133109E-05 
   951    4.519103E-01    2.500033E-01    1.795033E-01   -3.864025E-05 
   952    4.529104E-01    2.500046E-01    1.795046E-01   -7.315601E-06 
   953    4.539091E-01    2.500048E-01    1.795048E-01   -1.686553E-05 
   954    4.549089E-01    2.500050E-01    1.795050E-01   -5.164195E-05 
   955    4.559111E-01    2.500060E-01    1.795060E-01   -8.597172E-05 
   956    4.569145E-01    2.500075E-01    1.795075E-01   -1.029337E-04 
   957    4.579172E-01    2.500080E-01    1.795081E-01   -6.558882E-05 
   958    4.589170E-01    2.500064E-01    1.795064E-01    2.905197E-05 
   959    4.599147E-01    2.500024E-01    1.795024E-01    5.383183E-05 
   960    4.609137E-01    2.499982E-01    1.794982E-01    1.103891E-05 
   961    4.619154E-01    2.499966E-01    1.794966E-01   -8.629383E-05 
   962    4.629198E-01    2.499978E-01    1.794978E-01   -1.304574E-04 
   963    4.639251E-01    2.499988E-01    1.794988E-01   -3.107249E-05 
   964    4.649260E-01    2.499974E-01    1.794974E-01    1.260543E-04 
   965    4.659211E-01    2.499949E-01    1.794949E-01    8.455896E-05 
   966    4.669161E-01    2.499945E-01    1.794945E-01   -2.209056E-05 
   967    4.679176E-01    2.499971E-01    1.794972E-01   -1.214850E-04 
   968    4.689277E-01    2.500006E-01    1.795006E-01   -1.216630E-04 
   969    4.699383E-01    2.500012E-01    1.795012E-01    2.596916E-05 
   970    4.709313E-01    2.499998E-01    1.794998E-01   -1.543459E-05 
   971    4.719252E-01    2.499955E-01    1.794955E-01    1.303427E-04 
   972    4.729187E-01    2.499894E-01    1.794894E-01    2.143175E-05 
   973    4.739219E-01    2.499890E-01    1.794890E-01   -1.960186E-04 
   974    4.749373E-01    2.499916E-01    1.794916E-01   -2.311950E-04 
   975    4.759364E-01    2.499927E-01    1.794927E-01   -1.162677E-04 
   976    4.769528E-01    2.499869E-01    1.794870E-01    3.215687E-04 
   977    4.779412E-01    2.499752E-01    1.794752E-01    3.354882E-04 
   978    4.789128E-01    2.499674E-01    1.794674E-01   -6.179292E-05 
   979    4.798982E-01    2.499762E-01    1.794764E-01   -6.940656E-04 
   980    4.809427E-01    2.499822E-01    1.794824E-01   -3.928207E-05 
   981    4.819890E-01    2.499724E-01    1.794731E-01    2.789602E-04 
   982    4.829871E-01    2.499528E-01    1.794537E-01    4.205781E-04 
   983    4.839330E-01    2.499275E-01    1.794278E-01    2.334966E-04 
   984    4.848026E-01    2.499168E-01    1.794178E-01   -1.007396E-03 
   985    4.859647E-01    2.498892E-01    1.793903E-01    4.076672E-05 
   986    4.870096E-01    2.498135E-01    1.793164E-01    1.356884E-04 
   987    4.880229E-01    2.496802E-01    1.791843E-01    2.406631E-04 
   988    4.889915E-01    2.494519E-01    1.789529E-01    3.133382E-04 
   989    4.897348E-01    2.491722E-01    1.786402E-01   -6.137353E-04 
   990    4.909910E-01    2.486861E-01    1.785566E-01    0.000000E+00 
   991    4.919920E-01    2.483955E-01    1.783479E-01    0.000000E+00 
   992    4.929930E-01    2.477912E-01    1.779141E-01    0.000000E+00 
   993    4.939940E-01    2.461166E-01    1.767117E-01    0.000000E+00 
   994    4.949950E-01    2.422081E-01    1.739054E-01    0.000000E+00 
   995    4.959960E-01    2.342725E-01    1.682077E-01    0.000000E+00 
   996    4.969970E-01    2.204549E-01    1.582866E-01    0.000000E+00 
   997    4.979980E-01    1.999548E-01    1.435675E-01    0.000000E+00 
   998    4.989990E-01    1.731609E-01    1.243295E-01    0.000000E+00 
   999    5.000000E-01    1.416667E-01    1.017167E-01    0.000000E+00 
