     0   -5.000000E-01    5.666667E-01    5.666667E-01    0.000000E+00 
     1   -4.989990E-01    6.926270E-01    6.926270E-01    0.000000E+00 
     2   -4.979980E-01    7.997414E-01    7.997414E-01    0.000000E+00 
     3   -4.969970E-01    8.816639E-01    8.816639E-01    0.000000E+00 
     4   -4.959960E-01    9.368592E-01    9.368592E-01    0.000000E+00 
     5   -4.949950E-01    9.685366E-01    9.685366E-01    0.000000E+00 
     6   -4.939940E-01    9.841512E-01    9.841512E-01    0.000000E+00 
     7   -4.929930E-01    9.909265E-01    9.909265E-01    0.000000E+00 
     8   -4.919920E-01    9.934463E-01    9.934463E-01    0.000000E+00 
     9   -4.909910E-01    9.946988E-01    9.946988E-01    0.000000E+00 
    10   -4.896952E-01    9.967803E-01    9.953102E-01    2.462309E-04 
    11   -4.890117E-01    9.978121E-01    9.969679E-01   -1.276388E-04 
    12   -4.880392E-01    9.987315E-01    9.982613E-01   -1.031140E-04 
    13   -4.870184E-01    9.992665E-01    9.989973E-01   -5.520234E-05 
    14   -4.859670E-01    9.995714E-01    9.994104E-01   -1.148137E-05 
    15   -4.847325E-01    9.997043E-01    9.995938E-01    4.580743E-04 
    16   -4.839539E-01    9.997616E-01    9.996722E-01   -1.531709E-04 
    17   -4.830169E-01    9.998453E-01    9.997914E-01   -1.933496E-04 
    18   -4.820079E-01    9.999059E-01    9.998738E-01   -1.211850E-04 
    19   -4.809417E-01    9.999371E-01    9.999140E-01   -5.348119E-06 
    20   -4.798391E-01    9.999195E-01    9.998912E-01    4.304760E-04 
    21   -4.789136E-01    9.998903E-01    9.998479E-01   -3.269972E-05 
    22   -4.779687E-01    9.999168E-01    9.998855E-01   -2.009446E-04 
    23   -4.769756E-01    9.999485E-01    9.999295E-01   -1.551398E-04 
    24   -4.759297E-01    9.999632E-01    9.999490E-01    3.196552E-05 
    25   -4.749096E-01    9.999506E-01    9.999316E-01    2.422678E-04 
    26   -4.739092E-01    9.999367E-01    9.999119E-01    6.913767E-05 
    27   -4.729300E-01    9.999463E-01    9.999254E-01   -1.145928E-04 
    28   -4.719418E-01    9.999691E-01    9.999571E-01   -1.281204E-04 
    29   -4.709272E-01    9.999812E-01    9.999738E-01    3.569456E-05 
    30   -4.699342E-01    9.999806E-01    9.999730E-01    6.388006E-05 
    31   -4.689169E-01    9.999767E-01    9.999675E-01    7.604259E-05 
    32   -4.679128E-01    9.999738E-01    9.999635E-01    1.718615E-06 
    33   -4.669190E-01    9.999819E-01    9.999748E-01   -5.496188E-05 
    34   -4.659240E-01    9.999894E-01    9.999852E-01   -1.039101E-07 
    35   -4.649323E-01    9.999934E-01    9.999908E-01   -2.995037E-05 
    36   -4.639203E-01    9.999946E-01    9.999925E-01    4.211226E-05 
    37   -4.629098E-01    9.999892E-01    9.999850E-01    5.449952E-05 
    38   -4.619102E-01    9.999848E-01    9.999788E-01    1.825526E-05 
    39   -4.609166E-01    9.999865E-01    9.999812E-01   -2.236205E-05 
    40   -4.599214E-01    9.999931E-01    9.999904E-01   -5.007365E-05 
    41   -4.589176E-01    9.999975E-01    9.999965E-01    5.455834E-06 
    42   -4.579102E-01    9.999948E-01    9.999927E-01    5.286897E-05 
    43   -4.569080E-01    9.999892E-01    9.999849E-01    3.960094E-05 
    44   -4.559094E-01    9.999884E-01    9.999838E-01   -6.434587E-06 
    45   -4.549108E-01    9.999932E-01    9.999905E-01   -3.026021E-05 
    46   -4.539113E-01    9.999980E-01    9.999971E-01   -1.271313E-05 
    47   -4.529085E-01    9.999989E-01    9.999984E-01    2.502052E-05 
    48   -4.519061E-01    9.999969E-01    9.999956E-01    2.813740E-05 
    49   -4.509043E-01    9.999954E-01    9.999936E-01    1.394077E-05 
    50   -4.499036E-01    9.999963E-01    9.999949E-01   -8.047017E-07 
    51   -4.489042E-01    9.999990E-01    9.999986E-01   -1.222355E-05 
    52   -4.479041E-01    1.000001E+00    1.000002E+00    1.347508E-06 
    53   -4.469024E-01    1.000001E+00    1.000002E+00    1.334035E-05 
    54   -4.459002E-01    1.000001E+00    1.000001E+00    1.783402E-05 
    55   -4.448988E-01    9.999994E-01    9.999991E-01    1.349208E-05 
    56   -4.438982E-01    9.999995E-01    9.999993E-01    1.816474E-06 
    57   -4.428982E-01    1.000001E+00    1.000001E+00   -5.473390E-06 
    58   -4.418975E-01    1.000002E+00    1.000003E+00    2.346519E-06 
    59   -4.408959E-01    1.000002E+00    1.000003E+00    1.275709E-05 
    60   -4.398945E-01    1.000002E+00    1.000002E+00    1.436685E-05 
    61   -4.388933E-01    1.000001E+00    1.000001E+00    1.021592E-05 
    62   -4.378925E-01    1.000001E+00    1.000002E+00    1.830059E-06 
    63   -4.368919E-01    1.000002E+00    1.000003E+00   -3.512862E-07 
    64   -4.358910E-01    1.000003E+00    1.000004E+00    6.509368E-06 
    65   -4.348899E-01    1.000003E+00    1.000004E+00    1.023631E-05 
    66   -4.338886E-01    1.000003E+00    1.000004E+00    1.070379E-05 
    67   -4.328875E-01    1.000002E+00    1.000003E+00    8.420441E-06 
    68   -4.318866E-01    1.000003E+00    1.000004E+00    4.476015E-06 
    69   -4.308858E-01    1.000003E+00    1.000005E+00    3.356661E-06 
    70   -4.298849E-01    1.000004E+00    1.000005E+00    6.489584E-06 
    71   -4.288838E-01    1.000004E+00    1.000005E+00    8.903198E-06 
    72   -4.278827E-01    1.000004E+00    1.000005E+00    9.522275E-06 
    73   -4.268816E-01    1.000003E+00    1.000005E+00    8.178950E-06 
    74   -4.258807E-01    1.000004E+00    1.000005E+00    5.735227E-06 
    75   -4.248798E-01    1.000004E+00    1.000006E+00    4.992999E-06 
    76   -4.238789E-01    1.000004E+00    1.000006E+00    7.016375E-06 
    77   -4.228778E-01    1.000004E+00    1.000006E+00    8.525079E-06 
    78   -4.218768E-01    1.000004E+00    1.000006E+00    8.786062E-06 
    79   -4.208757E-01    1.000004E+00    1.000006E+00    8.007571E-06 
    80   -4.198747E-01    1.000004E+00    1.000006E+00    6.707478E-06 
    81   -4.188738E-01    1.000004E+00    1.000006E+00    6.250227E-06 
    82   -4.178728E-01    1.000005E+00    1.000006E+00    7.374446E-06 
    83   -4.168718E-01    1.000005E+00    1.000006E+00    8.287091E-06 
    84   -4.158708E-01    1.000005E+00    1.000006E+00    8.480865E-06 
    85   -4.148698E-01    1.000005E+00    1.000006E+00    8.086770E-06 
    86   -4.138688E-01    1.000005E+00    1.000007E+00    7.373401E-06 
    87   -4.128678E-01    1.000005E+00    1.000007E+00    7.030829E-06 
    88   -4.118668E-01    1.000005E+00    1.000007E+00    7.653128E-06 
    89   -4.108658E-01    1.000005E+00    1.000007E+00    8.292336E-06 
    90   -4.098648E-01    1.000005E+00    1.000007E+00    8.433181E-06 
    91   -4.088638E-01    1.000005E+00    1.000007E+00    8.223160E-06 
    92   -4.078628E-01    1.000005E+00    1.000007E+00    7.829272E-06 
    93   -4.068618E-01    1.000005E+00    1.000007E+00    7.578713E-06 
    94   -4.058609E-01    1.000005E+00    1.000007E+00    7.928648E-06 
    95   -4.048599E-01    1.000005E+00    1.000007E+00    8.384690E-06 
    96   -4.038588E-01    1.000005E+00    1.000007E+00    8.467063E-06 
    97   -4.028578E-01    1.000005E+00    1.000007E+00    8.338929E-06 
    98   -4.018568E-01    1.000005E+00    1.000007E+00    8.113514E-06 
    99   -4.008559E-01    1.000005E+00    1.000008E+00    7.967826E-06 
   100   -3.998549E-01    1.000006E+00    1.000008E+00    8.224623E-06 
   101   -3.988539E-01    1.000006E+00    1.000008E+00    8.552409E-06 
   102   -3.978529E-01    1.000006E+00    1.000008E+00    8.630752E-06 
   103   -3.968519E-01    1.000006E+00    1.000008E+00    8.569996E-06 
   104   -3.958509E-01    1.000006E+00    1.000008E+00    8.425314E-06 
   105   -3.948499E-01    1.000006E+00    1.000008E+00    8.324396E-06 
   106   -3.938489E-01    1.000006E+00    1.000008E+00    8.486433E-06 
   107   -3.928479E-01    1.000006E+00    1.000008E+00    8.678716E-06 
   108   -3.918469E-01    1.000006E+00    1.000008E+00    8.655606E-06 
   109   -3.908459E-01    1.000006E+00    1.000009E+00    8.570751E-06 
   110   -3.898449E-01    1.000006E+00    1.000009E+00    8.453546E-06 
   111   -3.888439E-01    1.000006E+00    1.000009E+00    8.408909E-06 
   112   -3.878429E-01    1.000006E+00    1.000009E+00    8.603907E-06 
   113   -3.868419E-01    1.000007E+00    1.000009E+00    8.667495E-06 
   114   -3.858409E-01    1.000007E+00    1.000009E+00    8.631993E-06 
   115   -3.848399E-01    1.000007E+00    1.000010E+00    8.543273E-06 
   116   -3.838389E-01    1.000007E+00    1.000010E+00    8.445032E-06 
   117   -3.828379E-01    1.000007E+00    1.000010E+00    8.367240E-06 
   118   -3.818370E-01    1.000007E+00    1.000010E+00    8.317973E-06 
   119   -3.808360E-01    1.000008E+00    1.000011E+00    8.202085E-06 
   120   -3.798350E-01    1.000008E+00    1.000011E+00    8.049417E-06 
   121   -3.788340E-01    1.000008E+00    1.000011E+00    7.856243E-06 
   122   -3.778330E-01    1.000008E+00    1.000011E+00    7.654387E-06 
   123   -3.768320E-01    1.000008E+00    1.000012E+00    7.473515E-06 
   124   -3.758310E-01    1.000009E+00    1.000012E+00    7.301831E-06 
   125   -3.748300E-01    1.000009E+00    1.000013E+00    7.082088E-06 
   126   -3.738290E-01    1.000009E+00    1.000013E+00    6.825477E-06 
   127   -3.728280E-01    1.000010E+00    1.000014E+00    6.529288E-06 
   128   -3.718270E-01    1.000010E+00    1.000014E+00    6.223215E-06 
   129   -3.708260E-01    1.000011E+00    1.000015E+00    5.923631E-06 
   130   -3.698250E-01    1.000011E+00    1.000015E+00    5.605757E-06 
   131   -3.688241E-01    1.000011E+00    1.000016E+00    5.230252E-06 
   132   -3.678231E-01    1.000012E+00    1.000017E+00    4.784261E-06 
   133   -3.668221E-01    1.000012E+00    1.000017E+00    4.277578E-06 
   134   -3.658211E-01    1.000013E+00    1.000018E+00    3.730845E-06 
   135   -3.648201E-01    1.000014E+00    1.000019E+00    3.158229E-06 
   136   -3.638191E-01    1.000014E+00    1.000020E+00    2.554598E-06 
   137   -3.628181E-01    1.000015E+00    1.000021E+00    1.888736E-06 
   138   -3.618171E-01    1.000016E+00    1.000022E+00    1.132991E-06 
   139   -3.608162E-01    1.000016E+00    1.000023E+00    3.100400E-07 
   140   -3.598152E-01    1.000017E+00    1.000024E+00   -5.579638E-07 
   141   -3.588142E-01    1.000018E+00    1.000025E+00   -1.463235E-06 
   142   -3.578132E-01    1.000019E+00    1.000026E+00   -2.403842E-06 
   143   -3.568122E-01    1.000020E+00    1.000028E+00   -3.402229E-06 
   144   -3.558112E-01    1.000021E+00    1.000029E+00   -4.490664E-06 
   145   -3.548103E-01    1.000022E+00    1.000031E+00   -5.657686E-06 
   146   -3.538093E-01    1.000023E+00    1.000032E+00   -6.887151E-06 
   147   -3.528083E-01    1.000024E+00    1.000034E+00   -8.170085E-06 
   148   -3.518073E-01    1.000025E+00    1.000036E+00   -9.502868E-06 
   149   -3.508064E-01    1.000027E+00    1.000037E+00   -1.090035E-05 
   150   -3.498054E-01    1.000028E+00    1.000039E+00   -1.238526E-05 
   151   -3.488044E-01    1.000029E+00    1.000041E+00   -1.394808E-05 
   152   -3.478034E-01    1.000031E+00    1.000043E+00   -1.557553E-05 
   153   -3.468025E-01    1.000032E+00    1.000045E+00   -1.725512E-05 
   154   -3.458015E-01    1.000034E+00    1.000047E+00   -1.897253E-05 
   155   -3.448005E-01    1.000035E+00    1.000050E+00   -2.073169E-05 
   156   -3.437996E-01    1.000037E+00    1.000052E+00   -2.254323E-05 
   157   -3.427986E-01    1.000039E+00    1.000054E+00   -2.439681E-05 
   158   -3.417976E-01    1.000040E+00    1.000057E+00   -2.627356E-05 
   159   -3.407967E-01    1.000042E+00    1.000059E+00   -2.816065E-05 
   160   -3.397957E-01    1.000044E+00    1.000061E+00   -3.004248E-05 
   161   -3.387948E-01    1.000046E+00    1.000064E+00   -3.190799E-05 
   162   -3.377938E-01    1.000047E+00    1.000066E+00   -3.375422E-05 
   163   -3.367929E-01    1.000049E+00    1.000069E+00   -3.557269E-05 
   164   -3.357919E-01    1.000051E+00    1.000071E+00   -3.734436E-05 
   165   -3.347910E-01    1.000052E+00    1.000073E+00   -3.904781E-05 
   166   -3.337900E-01    1.000054E+00    1.000076E+00   -4.066767E-05 
   167   -3.327891E-01    1.000056E+00    1.000078E+00   -4.219061E-05 
   168   -3.317881E-01    1.000057E+00    1.000080E+00   -4.360320E-05 
   169   -3.307872E-01    1.000059E+00    1.000082E+00   -4.489273E-05 
   170   -3.297862E-01    1.000060E+00    1.000084E+00   -4.604639E-05 
   171   -3.287853E-01    1.000061E+00    1.000086E+00   -4.704910E-05 
   172   -3.277844E-01    1.000062E+00    1.000087E+00   -4.788026E-05 
   173   -3.267834E-01    1.000063E+00    1.000088E+00   -4.852377E-05 
   174   -3.257825E-01    1.000064E+00    1.000089E+00   -4.897240E-05 
   175   -3.247816E-01    1.000064E+00    1.000090E+00   -4.922233E-05 
   176   -3.237806E-01    1.000064E+00    1.000090E+00   -4.927353E-05 
   177   -3.227797E-01    1.000064E+00    1.000090E+00   -4.905005E-05 
   178   -3.217787E-01    1.000063E+00    1.000089E+00   -4.840969E-05 
   179   -3.207778E-01    1.000062E+00    1.000087E+00   -4.713304E-05 
   180   -3.197769E-01    1.000060E+00    1.000083E+00   -4.491419E-05 
   181   -3.187759E-01    1.000056E+00    1.000079E+00   -4.153500E-05 
   182   -3.177750E-01    1.000052E+00    1.000073E+00   -3.676842E-05 
   183   -3.167741E-01    1.000046E+00    1.000064E+00   -3.040804E-05 
   184   -3.157731E-01    1.000038E+00    1.000054E+00   -2.223441E-05 
   185   -3.147721E-01    1.000029E+00    1.000040E+00   -1.207334E-05 
   186   -3.137712E-01    1.000017E+00    1.000023E+00    3.940472E-07 
   187   -3.127702E-01    1.000002E+00    1.000002E+00    1.563409E-05 
   188   -3.117692E-01    9.999834E-01    9.999767E-01    3.439078E-05 
   189   -3.107682E-01    9.999608E-01    9.999452E-01    5.759642E-05 
   190   -3.097672E-01    9.999331E-01    9.999064E-01    8.640811E-05 
   191   -3.087661E-01    9.998991E-01    9.998587E-01    1.219380E-04 
   192   -3.077650E-01    9.998572E-01    9.998001E-01    1.653769E-04 
   193   -3.067639E-01    9.998060E-01    9.997284E-01    2.180804E-04 
   194   -3.057627E-01    9.997435E-01    9.996409E-01    2.819097E-04 
   195   -3.047615E-01    9.996677E-01    9.995347E-01    3.595412E-04 
   196   -3.037602E-01    9.995762E-01    9.994067E-01    4.547166E-04 
   197   -3.027588E-01    9.994664E-01    9.992530E-01    5.717585E-04 
   198   -3.017572E-01    9.993351E-01    9.990691E-01    7.148392E-04 
   199   -3.007556E-01    9.991785E-01    9.988500E-01    8.873839E-04 
   200   -2.997538E-01    9.989927E-01    9.985899E-01    1.092268E-03 
   201   -2.987519E-01    9.987735E-01    9.982830E-01    1.332661E-03 
   202   -2.977497E-01    9.985165E-01    9.979234E-01    1.613239E-03 
   203   -2.967472E-01    9.982176E-01    9.975052E-01    1.941021E-03 
   204   -2.957445E-01    9.978725E-01    9.970223E-01    2.324637E-03 
   205   -2.947413E-01    9.974767E-01    9.964684E-01    2.772410E-03 
   206   -2.937378E-01    9.970253E-01    9.958370E-01    3.290642E-03 
   207   -2.927338E-01    9.965133E-01    9.951209E-01    3.884102E-03 
   208   -2.917293E-01    9.959356E-01    9.943130E-01    4.556331E-03 
   209   -2.907243E-01    9.952872E-01    9.934065E-01    5.310913E-03 
   210   -2.897185E-01    9.945635E-01    9.923949E-01    6.153343E-03 
   211   -2.887120E-01    9.937606E-01    9.912729E-01    7.090131E-03 
   212   -2.877046E-01    9.928751E-01    9.900361E-01    8.127069E-03 
   213   -2.866962E-01    9.919047E-01    9.886809E-01    9.268151E-03 
   214   -2.856869E-01    9.908474E-01    9.872051E-01    1.051654E-02 
   215   -2.846765E-01    9.897019E-01    9.856067E-01    1.187591E-02 
   216   -2.836648E-01    9.884671E-01    9.838845E-01    1.335316E-02 
   217   -2.826518E-01    9.871424E-01    9.820379E-01    1.494893E-02 
   218   -2.816374E-01    9.857276E-01    9.800667E-01    1.665851E-02 
   219   -2.806215E-01    9.842228E-01    9.779714E-01    1.848151E-02 
   220   -2.796041E-01    9.826286E-01    9.757527E-01    2.041597E-02 
   221   -2.785849E-01    9.809458E-01    9.734124E-01    2.245873E-02 
   222   -2.775638E-01    9.791764E-01    9.709535E-01    2.460659E-02 
   223   -2.765409E-01    9.773236E-01    9.683804E-01    2.685550E-02 
   224   -2.755160E-01    9.753910E-01    9.656985E-01    2.920117E-02 
   225   -2.744890E-01    9.733831E-01    9.629144E-01    3.163969E-02 
   226   -2.734598E-01    9.713053E-01    9.600357E-01    3.417184E-02 
   227   -2.724283E-01    9.691634E-01    9.570710E-01    3.679276E-02 
   228   -2.713945E-01    9.669641E-01    9.540293E-01    3.949288E-02 
   229   -2.703583E-01    9.647136E-01    9.509196E-01    4.226690E-02 
   230   -2.693196E-01    9.624182E-01    9.477509E-01    4.510911E-02 
   231   -2.682783E-01    9.600837E-01    9.445314E-01    4.801176E-02 
   232   -2.672345E-01    9.577156E-01    9.412688E-01    5.096457E-02 
   233   -2.661881E-01    9.553190E-01    9.379700E-01    5.395611E-02 
   234   -2.651390E-01    9.528982E-01    9.346414E-01    5.697568E-02 
   235   -2.640872E-01    9.504572E-01    9.312884E-01    6.001426E-02 
   236   -2.630327E-01    9.479993E-01    9.279158E-01    6.306430E-02 
   237   -2.619754E-01    9.455277E-01    9.245277E-01    6.612033E-02 
   238   -2.609153E-01    9.430452E-01    9.211284E-01    6.917835E-02 
   239   -2.598524E-01    9.405549E-01    9.177221E-01    7.223476E-02 
   240   -2.587867E-01    9.380600E-01    9.143129E-01    7.528737E-02 
   241   -2.577181E-01    9.355635E-01    9.109054E-01    7.833599E-02 
   242   -2.566467E-01    9.330687E-01    9.075036E-01    8.138247E-02 
   243   -2.555724E-01    9.305782E-01    9.041116E-01    8.442972E-02 
   244   -2.544952E-01    9.280948E-01    9.007327E-01    8.748093E-02 
   245   -2.534151E-01    9.256203E-01    8.973698E-01    9.053930E-02 
   246   -2.523321E-01    9.231562E-01    8.940244E-01    9.360774E-02 
   247   -2.512462E-01    9.207025E-01    8.906967E-01    9.668927E-02 
   248   -2.501574E-01    9.182582E-01    8.873853E-01    9.978741E-02 
   249   -2.490657E-01    9.158203E-01    8.840861E-01    1.029061E-01 
   250   -2.479712E-01    9.133844E-01    8.807930E-01    1.060502E-01 
   251   -2.468737E-01    9.109438E-01    8.774971E-01    1.092260E-01 
   252   -2.457734E-01    9.084903E-01    8.741873E-01    1.124407E-01 
   253   -2.446701E-01    9.060143E-01    8.708506E-01    1.157043E-01 
   254   -2.435638E-01    9.035050E-01    8.674728E-01    1.190299E-01 
   255   -2.424544E-01    9.009514E-01    8.640390E-01    1.224303E-01 
   256   -2.413420E-01    8.983423E-01    8.605346E-01    1.259180E-01 
   257   -2.402262E-01    8.956679E-01    8.569465E-01    1.295045E-01 
   258   -2.391072E-01    8.929194E-01    8.532634E-01    1.332001E-01 
   259   -2.379847E-01    8.900903E-01    8.494769E-01    1.370129E-01 
   260   -2.368585E-01    8.871765E-01    8.455821E-01    1.409478E-01 
   261   -2.357286E-01    8.841765E-01    8.415774E-01    1.450071E-01 
   262   -2.345948E-01    8.810917E-01    8.374651E-01    1.491884E-01 
   263   -2.334569E-01    8.779259E-01    8.332507E-01    1.534844E-01 
   264   -2.323148E-01    8.746854E-01    8.289431E-01    1.578859E-01 
   265   -2.311684E-01    8.713781E-01    8.245534E-01    1.623817E-01 
   266   -2.300175E-01    8.680139E-01    8.200950E-01    1.669588E-01 
   267   -2.288621E-01    8.646033E-01    8.155824E-01    1.716026E-01 
   268   -2.277021E-01    8.611579E-01    8.110308E-01    1.762981E-01 
   269   -2.265373E-01    8.576890E-01    8.064557E-01    1.810296E-01 
   270   -2.253678E-01    8.542079E-01    8.018719E-01    1.857823E-01 
   271   -2.241934E-01    8.507251E-01    7.972934E-01    1.905417E-01 
   272   -2.230142E-01    8.472500E-01    7.927326E-01    1.952950E-01 
   273   -2.218302E-01    8.437910E-01    7.882005E-01    2.000307E-01 
   274   -2.206412E-01    8.403551E-01    7.837059E-01    2.047396E-01 
   275   -2.194474E-01    8.369475E-01    7.792558E-01    2.094145E-01 
   276   -2.182488E-01    8.335724E-01    7.748552E-01    2.140501E-01 
   277   -2.170453E-01    8.302321E-01    7.705071E-01    2.186430E-01 
   278   -2.158369E-01    8.269278E-01    7.662127E-01    2.231915E-01 
   279   -2.146238E-01    8.236591E-01    7.619713E-01    2.276953E-01 
   280   -2.134059E-01    8.204243E-01    7.577807E-01    2.321563E-01 
   281   -2.121832E-01    8.172205E-01    7.536366E-01    2.365776E-01 
   282   -2.109558E-01    8.140432E-01    7.495333E-01    2.409649E-01 
   283   -2.097236E-01    8.108870E-01    7.454635E-01    2.453256E-01 
   284   -2.084867E-01    8.077456E-01    7.414190E-01    2.496694E-01 
   285   -2.072449E-01    8.046126E-01    7.373915E-01    2.540144E-01 
   286   -2.059984E-01    8.014818E-01    7.333731E-01    2.583759E-01 
   287   -2.047470E-01    7.983477E-01    7.293568E-01    2.627599E-01 
   288   -2.034907E-01    7.952062E-01    7.253372E-01    2.671714E-01 
   289   -2.022294E-01    7.920542E-01    7.213106E-01    2.716137E-01 
   290   -2.009631E-01    7.888902E-01    7.172751E-01    2.760887E-01 
   291   -1.996917E-01    7.857141E-01    7.132308E-01    2.806034E-01 
   292   -1.984151E-01    7.825276E-01    7.091797E-01    2.851603E-01 
   293   -1.971332E-01    7.793338E-01    7.051260E-01    2.897517E-01 
   294   -1.958461E-01    7.761375E-01    7.010759E-01    2.943686E-01 
   295   -1.945536E-01    7.729446E-01    6.970367E-01    2.990006E-01 
   296   -1.932558E-01    7.697617E-01    6.930169E-01    3.036362E-01 
   297   -1.919525E-01    7.665956E-01    6.890250E-01    3.082637E-01 
   298   -1.906439E-01    7.634533E-01    6.850696E-01    3.128712E-01 
   299   -1.893298E-01    7.603410E-01    6.811584E-01    3.174478E-01 
   300   -1.880104E-01    7.572642E-01    6.772983E-01    3.219835E-01 
   301   -1.866856E-01    7.542278E-01    6.734950E-01    3.264704E-01 
   302   -1.853555E-01    7.512355E-01    6.697530E-01    3.309023E-01 
   303   -1.840201E-01    7.482902E-01    6.660756E-01    3.352744E-01 
   304   -1.826794E-01    7.453937E-01    6.624648E-01    3.395830E-01 
   305   -1.813336E-01    7.425469E-01    6.589215E-01    3.438261E-01 
   306   -1.799827E-01    7.397500E-01    6.554456E-01    3.480029E-01 
   307   -1.786267E-01    7.370022E-01    6.520359E-01    3.521136E-01 
   308   -1.772656E-01    7.343022E-01    6.486903E-01    3.561593E-01 
   309   -1.758996E-01    7.316476E-01    6.454060E-01    3.601422E-01 
   310   -1.745287E-01    7.290358E-01    6.421792E-01    3.640661E-01 
   311   -1.731529E-01    7.264633E-01    6.390054E-01    3.679352E-01 
   312   -1.717723E-01    7.239257E-01    6.358792E-01    3.717551E-01 
   313   -1.703869E-01    7.214178E-01    6.327938E-01    3.755327E-01 
   314   -1.689967E-01    7.189333E-01    6.297413E-01    3.792762E-01 
   315   -1.676017E-01    7.164640E-01    6.267118E-01    3.829963E-01 
   316   -1.662019E-01    7.140004E-01    6.236933E-01    3.867053E-01 
   317   -1.647974E-01    7.115302E-01    6.206708E-01    3.904192E-01 
   318   -1.633880E-01    7.090386E-01    6.176264E-01    3.941581E-01 
   319   -1.619737E-01    7.065079E-01    6.145385E-01    3.979472E-01 
   320   -1.605543E-01    7.039181E-01    6.113828E-01    4.018241E-01 
   321   -1.591297E-01    7.012475E-01    6.081336E-01    4.058323E-01 
   322   -1.576997E-01    6.984746E-01    6.047648E-01    4.100150E-01 
   323   -1.562640E-01    6.955793E-01    6.012530E-01    4.144138E-01 
   324   -1.548221E-01    6.925456E-01    5.975795E-01    4.190652E-01 
   325   -1.533738E-01    6.893625E-01    5.937320E-01    4.239970E-01 
   326   -1.519187E-01    6.860261E-01    5.897067E-01    4.292253E-01 
   327   -1.504562E-01    6.825397E-01    5.855088E-01    4.347472E-01 
   328   -1.489861E-01    6.789139E-01    5.811523E-01    4.405447E-01 
   329   -1.475078E-01    6.751657E-01    5.766584E-01    4.465914E-01 
   330   -1.460211E-01    6.713164E-01    5.720539E-01    4.528514E-01 
   331   -1.445256E-01    6.673905E-01    5.673687E-01    4.592829E-01 
   332   -1.430212E-01    6.634136E-01    5.626340E-01    4.658411E-01 
   333   -1.415076E-01    6.594114E-01    5.578808E-01    4.724819E-01 
   334   -1.399846E-01    6.554083E-01    5.531382E-01    4.791637E-01 
   335   -1.384523E-01    6.514262E-01    5.484321E-01    4.858464E-01 
   336   -1.369106E-01    6.474841E-01    5.437847E-01    4.924944E-01 
   337   -1.353595E-01    6.435978E-01    5.392142E-01    4.990785E-01 
   338   -1.337990E-01    6.397797E-01    5.347347E-01    5.055772E-01 
   339   -1.322293E-01    6.360388E-01    5.303563E-01    5.119740E-01 
   340   -1.306505E-01    6.323807E-01    5.260849E-01    5.182571E-01 
   341   -1.290626E-01    6.288076E-01    5.219222E-01    5.244192E-01 
   342   -1.274658E-01    6.253184E-01    5.178663E-01    5.304587E-01 
   343   -1.258602E-01    6.219091E-01    5.139121E-01    5.363780E-01 
   344   -1.242459E-01    6.185731E-01    5.100514E-01    5.421850E-01 
   345   -1.226230E-01    6.153010E-01    5.062726E-01    5.478938E-01 
   346   -1.209916E-01    6.120803E-01    5.025609E-01    5.535244E-01 
   347   -1.193517E-01    6.088951E-01    4.988978E-01    5.591020E-01 
   348   -1.177034E-01    6.057278E-01    4.952628E-01    5.646580E-01 
   349   -1.160465E-01    6.025604E-01    4.916352E-01    5.702462E-01 
   350   -1.143809E-01    5.993769E-01    4.879967E-01    5.759085E-01 
   351   -1.127064E-01    5.961645E-01    4.843330E-01    5.816629E-01 
   352   -1.110229E-01    5.929149E-01    4.806350E-01    5.875206E-01 
   353   -1.093300E-01    5.896248E-01    4.768991E-01    5.934920E-01 
   354   -1.076277E-01    5.862965E-01    4.731284E-01    5.995916E-01 
   355   -1.059154E-01    5.829391E-01    4.693335E-01    6.057988E-01 
   356   -1.041932E-01    5.795674E-01    4.655311E-01    6.120824E-01 
   357   -1.024609E-01    5.762001E-01    4.617428E-01    6.184035E-01 
   358   -1.007183E-01    5.728582E-01    4.579918E-01    6.247191E-01 
   359   -9.896550E-02    5.695625E-01    4.543014E-01    6.309829E-01 
   360   -9.720253E-02    5.663329E-01    4.506933E-01    6.371504E-01 
   361   -9.542952E-02    5.631875E-01    4.471874E-01    6.431813E-01 
   362   -9.364665E-02    5.601431E-01    4.438014E-01    6.490405E-01 
   363   -9.185417E-02    5.572150E-01    4.405518E-01    6.546980E-01 
   364   -9.005239E-02    5.544176E-01    4.374536E-01    6.601266E-01 
   365   -8.824165E-02    5.517651E-01    4.345217E-01    6.652991E-01 
   366   -8.642236E-02    5.492725E-01    4.317716E-01    6.701844E-01 
   367   -8.459500E-02    5.469571E-01    4.292214E-01    6.747465E-01 
   368   -8.276009E-02    5.448400E-01    4.268935E-01    6.789424E-01 
   369   -8.091829E-02    5.429478E-01    4.248155E-01    6.827198E-01 
   370   -7.907031E-02    5.413132E-01    4.230227E-01    6.860097E-01 
   371   -7.721705E-02    5.399764E-01    4.215575E-01    6.887255E-01 
   372   -7.535956E-02    5.389793E-01    4.204648E-01    6.907664E-01 
   373   -7.349907E-02    5.383514E-01    4.197759E-01    6.920436E-01 
   374   -7.163706E-02    5.380870E-01    4.194839E-01    6.923850E-01 
   375   -6.977521E-02    5.381329E-01    4.195306E-01    6.917761E-01 
   376   -6.791450E-02    5.384024E-01    4.198214E-01    6.909120E-01 
   377   -6.605530E-02    5.388089E-01    4.202617E-01    6.899469E-01 
   378   -6.419776E-02    5.392906E-01    4.207844E-01    6.889140E-01 
   379   -6.234203E-02    5.398138E-01    4.213525E-01    6.878293E-01 
   380   -6.048820E-02    5.403609E-01    4.219470E-01    6.867165E-01 
   381   -5.863632E-02    5.409202E-01    4.225551E-01    6.855946E-01 
   382   -5.678642E-02    5.414821E-01    4.231661E-01    6.844807E-01 
   383   -5.493845E-02    5.420375E-01    4.237702E-01    6.833910E-01 
   384   -5.309241E-02    5.425781E-01    4.243583E-01    6.823418E-01 
   385   -5.124821E-02    5.430963E-01    4.249220E-01    6.813471E-01 
   386   -4.940575E-02    5.435859E-01    4.254544E-01    6.804172E-01 
   387   -4.756492E-02    5.440420E-01    4.259503E-01    6.795591E-01 
   388   -4.572558E-02    5.444617E-01    4.264064E-01    6.787778E-01 
   389   -4.388760E-02    5.448432E-01    4.268205E-01    6.780759E-01 
   390   -4.205086E-02    5.451858E-01    4.271920E-01    6.774530E-01 
   391   -4.021520E-02    5.454902E-01    4.275215E-01    6.769058E-01 
   392   -3.838050E-02    5.457579E-01    4.278109E-01    6.764297E-01 
   393   -3.654663E-02    5.459914E-01    4.280625E-01    6.760194E-01 
   394   -3.471348E-02    5.461932E-01    4.282795E-01    6.756681E-01 
   395   -3.288096E-02    5.463667E-01    4.284651E-01    6.753691E-01 
   396   -3.104894E-02    5.465151E-01    4.286232E-01    6.751153E-01 
   397   -2.921739E-02    5.466417E-01    4.287573E-01    6.749005E-01 
   398   -2.738622E-02    5.467497E-01    4.288708E-01    6.747188E-01 
   399   -2.555535E-02    5.468419E-01    4.289670E-01    6.745644E-01 
   400   -2.372479E-02    5.469210E-01    4.290487E-01    6.744330E-01 
   401   -2.189445E-02    5.469894E-01    4.291184E-01    6.743199E-01 
   402   -2.006432E-02    5.470489E-01    4.291783E-01    6.742218E-01 
   403   -1.823437E-02    5.471012E-01    4.292302E-01    6.741360E-01 
   404   -1.640458E-02    5.471477E-01    4.292756E-01    6.740597E-01 
   405   -1.457494E-02    5.471894E-01    4.293158E-01    6.739917E-01 
   406   -1.274542E-02    5.472274E-01    4.293516E-01    6.739298E-01 
   407   -1.091603E-02    5.472623E-01    4.293839E-01    6.738735E-01 
   408   -9.086750E-03    5.472946E-01    4.294133E-01    6.738219E-01 
   409   -7.257555E-03    5.473248E-01    4.294402E-01    6.737738E-01 
   410   -5.428486E-03    5.473532E-01    4.294651E-01    6.737293E-01 
   411   -3.599483E-03    5.473800E-01    4.294881E-01    6.736874E-01 
   412   -1.770580E-03    5.474055E-01    4.295094E-01    6.736484E-01 
   413    5.823337E-05    5.474299E-01    4.295294E-01    6.736117E-01 
   414    1.886993E-03    5.474532E-01    4.295480E-01    6.735768E-01 
   415    3.715642E-03    5.474755E-01    4.295655E-01    6.735442E-01 
   416    5.544247E-03    5.474971E-01    4.295819E-01    6.735133E-01 
   417    7.372770E-03    5.475178E-01    4.295973E-01    6.734841E-01 
   418    9.201212E-03    5.475378E-01    4.296117E-01    6.734566E-01 
   419    1.102962E-02    5.475572E-01    4.296253E-01    6.734303E-01 
   420    1.285793E-02    5.475760E-01    4.296380E-01    6.734058E-01 
   421    1.468620E-02    5.475942E-01    4.296499E-01    6.733823E-01 
   422    1.651441E-02    5.476119E-01    4.296610E-01    6.733601E-01 
   423    1.834254E-02    5.476291E-01    4.296715E-01    6.733394E-01 
   424    2.017064E-02    5.476459E-01    4.296813E-01    6.733195E-01 
   425    2.199867E-02    5.476623E-01    4.296904E-01    6.733009E-01 
   426    2.382665E-02    5.476784E-01    4.296989E-01    6.732832E-01 
   427    2.565458E-02    5.476941E-01    4.297068E-01    6.732666E-01 
   428    2.748244E-02    5.477095E-01    4.297141E-01    6.732509E-01 
   429    2.931028E-02    5.477247E-01    4.297209E-01    6.732359E-01 
   430    3.113804E-02    5.477396E-01    4.297272E-01    6.732221E-01 
   431    3.296576E-02    5.477543E-01    4.297330E-01    6.732088E-01 
   432    3.479345E-02    5.477689E-01    4.297384E-01    6.731962E-01 
   433    3.662107E-02    5.477834E-01    4.297433E-01    6.731844E-01 
   434    3.844863E-02    5.477977E-01    4.297479E-01    6.731734E-01 
   435    4.027618E-02    5.478120E-01    4.297520E-01    6.731628E-01 
   436    4.210366E-02    5.478263E-01    4.297558E-01    6.731527E-01 
   437    4.393108E-02    5.478406E-01    4.297593E-01    6.731435E-01 
   438    4.575848E-02    5.478549E-01    4.297624E-01    6.731344E-01 
   439    4.758581E-02    5.478693E-01    4.297652E-01    6.731258E-01 
   440    4.941311E-02    5.478838E-01    4.297678E-01    6.731178E-01 
   441    5.124035E-02    5.478984E-01    4.297701E-01    6.731103E-01 
   442    5.306752E-02    5.479131E-01    4.297721E-01    6.731030E-01 
   443    5.489471E-02    5.479281E-01    4.297738E-01    6.730959E-01 
   444    5.672178E-02    5.479433E-01    4.297752E-01    6.730896E-01 
   445    5.854879E-02    5.479587E-01    4.297765E-01    6.730836E-01 
   446    6.037583E-02    5.479743E-01    4.297779E-01    6.730772E-01 
   447    6.220274E-02    5.479904E-01    4.297790E-01    6.730717E-01 
   448    6.402962E-02    5.480068E-01    4.297794E-01    6.730668E-01 
   449    6.585647E-02    5.480235E-01    4.297793E-01    6.730615E-01 
   450    6.768320E-02    5.480407E-01    4.297797E-01    6.730563E-01 
   451    6.950996E-02    5.480583E-01    4.297807E-01    6.730520E-01 
   452    7.133660E-02    5.480763E-01    4.297811E-01    6.730479E-01 
   453    7.316314E-02    5.480951E-01    4.297802E-01    6.730432E-01 
   454    7.498976E-02    5.481146E-01    4.297790E-01    6.730389E-01 
   455    7.681619E-02    5.481344E-01    4.297785E-01    6.730358E-01 
   456    7.864250E-02    5.481547E-01    4.297789E-01    6.730322E-01 
   457    8.046895E-02    5.481760E-01    4.297793E-01    6.730276E-01 
   458    8.229519E-02    5.481985E-01    4.297781E-01    6.730247E-01 
   459    8.412127E-02    5.482217E-01    4.297754E-01    6.730223E-01 
   460    8.594746E-02    5.482455E-01    4.297733E-01    6.730185E-01 
   461    8.777349E-02    5.482705E-01    4.297731E-01    6.730147E-01 
   462    8.959935E-02    5.482965E-01    4.297734E-01    6.730127E-01 
   463    9.142522E-02    5.483235E-01    4.297721E-01    6.730107E-01 
   464    9.325101E-02    5.483521E-01    4.297695E-01    6.730073E-01 
   465    9.507665E-02    5.483827E-01    4.297668E-01    6.730033E-01 
   466    9.690216E-02    5.484146E-01    4.297639E-01    6.730016E-01 
   467    9.872765E-02    5.484471E-01    4.297612E-01    6.730026E-01 
   468    1.005530E-01    5.484809E-01    4.297610E-01    6.729971E-01 
   469    1.023780E-01    5.485183E-01    4.297628E-01    6.729888E-01 
   470    1.042034E-01    5.485582E-01    4.297603E-01    6.729968E-01 
   471    1.060284E-01    5.485987E-01    4.297503E-01    6.729972E-01 
   472    1.078526E-01    5.486427E-01    4.297422E-01    6.729774E-01 
   473    1.096777E-01    5.486896E-01    4.297434E-01    6.729782E-01 
   474    1.115031E-01    5.487363E-01    4.297489E-01    6.730132E-01 
   475    1.133255E-01    5.487878E-01    4.297493E-01    6.729645E-01 
   476    1.151499E-01    5.488498E-01    4.297393E-01    6.729493E-01 
   477    1.169777E-01    5.489124E-01    4.297172E-01    6.730337E-01 
   478    1.187966E-01    5.489722E-01    4.297087E-01    6.729625E-01 
   479    1.206185E-01    5.490458E-01    4.297295E-01    6.729035E-01 
   480    1.224523E-01    5.491252E-01    4.297373E-01    6.730537E-01 
   481    1.242664E-01    5.492009E-01    4.297074E-01    6.729818E-01 
   482    1.260815E-01    5.492988E-01    4.296949E-01    6.728315E-01 
   483    1.279267E-01    5.494111E-01    4.296990E-01    6.730771E-01 
   484    1.297368E-01    5.495112E-01    4.296813E-01    6.730286E-01 
   485    1.315345E-01    5.496327E-01    4.296790E-01    6.727268E-01 
   486    1.334007E-01    5.498153E-01    4.297509E-01    6.731164E-01 
   487    1.352112E-01    5.500249E-01    4.298250E-01    6.730874E-01 
   488    1.369707E-01    5.502996E-01    4.298483E-01    6.726042E-01 
   489    1.388759E-01    5.507799E-01    4.298750E-01    6.731802E-01 
   490    1.406884E-01    5.512236E-01    4.296035E-01    6.731097E-01 
   491    1.423771E-01    5.514843E-01    4.288996E-01    6.725335E-01 
   492    1.443502E-01    5.514384E-01    4.278908E-01    6.732444E-01 
   493    1.461475E-01    5.499931E-01    4.257812E-01    6.729893E-01 
   494    1.477658E-01    5.470159E-01    4.234853E-01    6.726686E-01 
   495    1.498446E-01    5.402649E-01    4.222900E-01    6.732870E-01 
   496    1.516000E-01    5.323608E-01    4.258379E-01    6.725102E-01 
   497    1.533809E-01    5.225862E-01    4.310180E-01    6.733118E-01 
   498    1.555546E-01    5.102733E-01    4.360673E-01    6.730650E-01 
   499    1.582285E-01    4.936575E-01    4.470589E-01    6.761355E-01 
   500    1.563539E-01    5.052349E-01    3.517449E-01    6.713499E-01 
   501    1.579375E-01    4.955090E-01    3.750158E-01    6.606840E-01 
   502    1.596876E-01    4.841065E-01    3.949214E-01    6.717782E-01 
   503    1.604820E-01    4.789659E-01    4.156503E-01    6.730854E-01 
   504    1.606696E-01    4.778253E-01    4.332591E-01    6.729074E-01 
   505    1.610184E-01    4.758115E-01    4.428105E-01    6.717358E-01 
   506    1.620873E-01    4.702783E-01    4.434443E-01    6.726293E-01 
   507    1.628491E-01    4.668140E-01    4.421702E-01    6.741196E-01 
   508    1.630538E-01    4.659773E-01    4.413078E-01    6.739380E-01 
   509    1.631564E-01    4.655752E-01    4.402914E-01    6.735264E-01 
   510    1.635430E-01    4.641851E-01    4.384589E-01    6.718107E-01 
   511    1.643461E-01    4.617847E-01    4.357725E-01    6.726156E-01 
   512    1.650119E-01    4.602419E-01    4.339300E-01    6.725785E-01 
   513    1.656647E-01    4.590917E-01    4.324935E-01    6.726653E-01 
   514    1.661805E-01    4.584167E-01    4.314894E-01    6.722830E-01 
   515    1.669319E-01    4.577078E-01    4.304477E-01    6.734396E-01 
   516    1.674410E-01    4.573719E-01    4.297850E-01    6.737202E-01 
   517    1.678532E-01    4.571637E-01    4.293172E-01    6.738706E-01 
   518    1.682569E-01    4.570259E-01    4.289517E-01    6.730215E-01 
   519    1.687657E-01    4.569331E-01    4.286625E-01    6.724801E-01 
   520    1.693213E-01    4.568954E-01    4.284489E-01    6.725404E-01 
   521    1.699057E-01    4.569070E-01    4.283165E-01    6.725615E-01 
   522    1.705594E-01    4.569583E-01    4.282405E-01    6.725664E-01 
   523    1.711920E-01    4.570205E-01    4.281869E-01    6.728360E-01 
   524    1.717461E-01    4.570806E-01    4.281321E-01    6.734285E-01 
   525    1.722422E-01    4.571296E-01    4.280712E-01    6.735305E-01 
   526    1.727312E-01    4.571858E-01    4.280188E-01    6.730983E-01 
   527    1.732700E-01    4.572619E-01    4.279909E-01    6.729762E-01 
   528    1.737966E-01    4.573373E-01    4.279595E-01    6.729276E-01 
   529    1.743160E-01    4.574169E-01    4.279402E-01    6.727294E-01 
   530    1.748703E-01    4.575043E-01    4.279386E-01    6.726282E-01 
   531    1.754704E-01    4.575966E-01    4.279533E-01    6.728256E-01 
   532    1.760611E-01    4.576769E-01    4.279653E-01    6.731917E-01 
   533    1.766030E-01    4.577392E-01    4.279642E-01    6.732236E-01 
   534    1.771200E-01    4.577993E-01    4.279659E-01    6.730563E-01 
   535    1.776555E-01    4.578649E-01    4.279751E-01    6.728597E-01 
   536    1.782156E-01    4.579331E-01    4.279856E-01    6.729202E-01 
   537    1.787546E-01    4.579934E-01    4.279873E-01    6.729658E-01 
   538    1.792843E-01    4.580503E-01    4.279844E-01    6.728966E-01 
   539    1.798265E-01    4.581074E-01    4.279857E-01    6.728820E-01 
   540    1.803794E-01    4.581615E-01    4.279849E-01    6.730281E-01 
   541    1.809312E-01    4.582093E-01    4.279846E-01    6.731291E-01 
   542    1.814799E-01    4.582532E-01    4.279812E-01    6.730579E-01 
   543    1.820280E-01    4.582986E-01    4.279891E-01    6.729042E-01 
   544    1.825795E-01    4.583459E-01    4.279973E-01    6.728384E-01 
   545    1.831336E-01    4.583910E-01    4.280101E-01    6.729022E-01 
   546    1.836806E-01    4.584318E-01    4.280120E-01    6.729514E-01 
   547    1.842200E-01    4.584694E-01    4.280168E-01    6.729699E-01 
   548    1.847565E-01    4.585044E-01    4.280124E-01    6.730048E-01 
   549    1.852925E-01    4.585368E-01    4.280117E-01    6.730211E-01 
   550    1.858321E-01    4.585681E-01    4.280059E-01    6.729974E-01 
   551    1.863801E-01    4.585999E-01    4.280076E-01    6.729508E-01 
   552    1.869354E-01    4.586322E-01    4.280090E-01    6.729131E-01 
   553    1.874910E-01    4.586634E-01    4.280144E-01    6.729091E-01 
   554    1.880421E-01    4.586926E-01    4.280180E-01    6.729331E-01 
   555    1.885895E-01    4.587195E-01    4.280204E-01    6.729642E-01 
   556    1.891328E-01    4.587440E-01    4.280223E-01    6.729833E-01 
   557    1.896720E-01    4.587668E-01    4.280195E-01    6.729793E-01 
   558    1.902091E-01    4.587890E-01    4.280209E-01    6.729518E-01 
   559    1.907481E-01    4.588114E-01    4.280175E-01    6.729205E-01 
   560    1.912928E-01    4.588340E-01    4.280216E-01    6.729080E-01 
   561    1.918430E-01    4.588558E-01    4.280187E-01    6.729272E-01 
   562    1.923950E-01    4.588760E-01    4.280223E-01    6.729557E-01 
   563    1.929444E-01    4.588944E-01    4.280181E-01    6.729685E-01 
   564    1.934917E-01    4.589117E-01    4.280205E-01    6.729692E-01 
   565    1.940370E-01    4.589280E-01    4.280168E-01    6.729606E-01 
   566    1.945808E-01    4.589440E-01    4.280187E-01    6.729416E-01 
   567    1.951226E-01    4.589600E-01    4.280171E-01    6.729173E-01 
   568    1.956644E-01    4.589762E-01    4.280191E-01    6.728987E-01 
   569    1.962073E-01    4.589920E-01    4.280197E-01    6.728984E-01 
   570    1.967526E-01    4.590070E-01    4.280198E-01    6.729209E-01 
   571    1.972994E-01    4.590207E-01    4.280204E-01    6.729458E-01 
   572    1.978462E-01    4.590332E-01    4.280171E-01    6.729568E-01 
   573    1.983931E-01    4.590448E-01    4.280182E-01    6.729534E-01 
   574    1.989396E-01    4.590561E-01    4.280139E-01    6.729426E-01 
   575    1.994857E-01    4.590673E-01    4.280167E-01    6.729301E-01 
   576    2.000306E-01    4.590784E-01    4.280131E-01    6.729176E-01 
   577    2.005750E-01    4.590895E-01    4.280172E-01    6.729061E-01 
   578    2.011184E-01    4.591004E-01    4.280143E-01    6.729017E-01 
   579    2.016620E-01    4.591107E-01    4.280176E-01    6.729063E-01 
   580    2.022060E-01    4.591204E-01    4.280146E-01    6.729162E-01 
   581    2.027509E-01    4.591294E-01    4.280160E-01    6.729230E-01 
   582    2.032965E-01    4.591379E-01    4.280135E-01    6.729249E-01 
   583    2.038427E-01    4.591459E-01    4.280133E-01    6.729238E-01 
   584    2.043890E-01    4.591534E-01    4.280123E-01    6.729219E-01 
   585    2.049348E-01    4.591607E-01    4.280107E-01    6.729191E-01 
   586    2.054804E-01    4.591676E-01    4.280115E-01    6.729146E-01 
   587    2.060249E-01    4.591744E-01    4.280087E-01    6.729089E-01 
   588    2.065693E-01    4.591812E-01    4.280113E-01    6.729016E-01 
   589    2.071131E-01    4.591879E-01    4.280079E-01    6.728962E-01 
   590    2.076573E-01    4.591944E-01    4.280114E-01    6.728947E-01 
   591    2.082018E-01    4.592005E-01    4.280075E-01    6.728977E-01 
   592    2.087471E-01    4.592062E-01    4.280104E-01    6.729024E-01 
   593    2.092925E-01    4.592114E-01    4.280063E-01    6.729066E-01 
   594    2.098382E-01    4.592162E-01    4.280079E-01    6.729080E-01 
   595    2.103837E-01    4.592207E-01    4.280045E-01    6.729071E-01 
   596    2.109289E-01    4.592249E-01    4.280050E-01    6.729031E-01 
   597    2.114740E-01    4.592291E-01    4.280031E-01    6.728974E-01 
   598    2.120186E-01    4.592332E-01    4.280026E-01    6.728915E-01 
   599    2.125632E-01    4.592374E-01    4.280030E-01    6.728860E-01 
   600    2.131075E-01    4.592416E-01    4.280015E-01    6.728826E-01 
   601    2.136522E-01    4.592456E-01    4.280035E-01    6.728827E-01 
   602    2.141969E-01    4.592493E-01    4.280004E-01    6.728853E-01 
   603    2.147420E-01    4.592526E-01    4.280029E-01    6.728880E-01 
   604    2.152871E-01    4.592556E-01    4.279986E-01    6.728891E-01 
   605    2.158324E-01    4.592583E-01    4.280011E-01    6.728879E-01 
   606    2.163774E-01    4.592608E-01    4.279967E-01    6.728858E-01 
   607    2.169226E-01    4.592633E-01    4.279989E-01    6.728824E-01 
   608    2.174675E-01    4.592657E-01    4.279953E-01    6.728787E-01 
   609    2.180122E-01    4.592680E-01    4.279969E-01    6.728749E-01 
   610    2.185570E-01    4.592704E-01    4.279948E-01    6.728712E-01 
   611    2.191015E-01    4.592728E-01    4.279954E-01    6.728690E-01 
   612    2.196463E-01    4.592750E-01    4.279949E-01    6.728678E-01 
   613    2.201911E-01    4.592770E-01    4.279939E-01    6.728675E-01 
   614    2.207361E-01    4.592788E-01    4.279949E-01    6.728674E-01 
   615    2.212810E-01    4.592805E-01    4.279921E-01    6.728669E-01 
   616    2.218261E-01    4.592819E-01    4.279941E-01    6.728657E-01 
   617    2.223710E-01    4.592832E-01    4.279902E-01    6.728639E-01 
   618    2.229161E-01    4.592845E-01    4.279929E-01    6.728609E-01 
   619    2.234609E-01    4.592857E-01    4.279888E-01    6.728578E-01 
   620    2.240057E-01    4.592869E-01    4.279916E-01    6.728541E-01 
   621    2.245504E-01    4.592882E-01    4.279881E-01    6.728507E-01 
   622    2.250952E-01    4.592894E-01    4.279905E-01    6.728480E-01 
   623    2.256400E-01    4.592905E-01    4.279880E-01    6.728457E-01 
   624    2.261848E-01    4.592916E-01    4.279893E-01    6.728440E-01 
   625    2.267297E-01    4.592925E-01    4.279882E-01    6.728424E-01 
   626    2.272746E-01    4.592933E-01    4.279879E-01    6.728406E-01 
   627    2.278196E-01    4.592941E-01    4.279884E-01    6.728384E-01 
   628    2.283644E-01    4.592948E-01    4.279866E-01    6.728356E-01 
   629    2.289094E-01    4.592954E-01    4.279885E-01    6.728322E-01 
   630    2.294542E-01    4.592960E-01    4.279856E-01    6.728287E-01 
   631    2.299991E-01    4.592967E-01    4.279886E-01    6.728246E-01 
   632    2.305438E-01    4.592974E-01    4.279852E-01    6.728210E-01 
   633    2.310887E-01    4.592980E-01    4.279887E-01    6.728172E-01 
   634    2.316335E-01    4.592987E-01    4.279854E-01    6.728137E-01 
   635    2.321783E-01    4.592993E-01    4.279886E-01    6.728104E-01 
   636    2.327232E-01    4.592999E-01    4.279861E-01    6.728069E-01 
   637    2.332680E-01    4.593005E-01    4.279884E-01    6.728034E-01 
   638    2.338130E-01    4.593010E-01    4.279872E-01    6.727995E-01 
   639    2.343578E-01    4.593016E-01    4.279883E-01    6.727952E-01 
   640    2.349027E-01    4.593021E-01    4.279888E-01    6.727907E-01 
   641    2.354475E-01    4.593027E-01    4.279886E-01    6.727857E-01 
   642    2.359924E-01    4.593033E-01    4.279908E-01    6.727804E-01 
   643    2.365371E-01    4.593040E-01    4.279893E-01    6.727753E-01 
   644    2.370821E-01    4.593047E-01    4.279929E-01    6.727696E-01 
   645    2.376268E-01    4.593054E-01    4.279907E-01    6.727644E-01 
   646    2.381717E-01    4.593062E-01    4.279951E-01    6.727587E-01 
   647    2.387165E-01    4.593070E-01    4.279928E-01    6.727530E-01 
   648    2.392614E-01    4.593079E-01    4.279972E-01    6.727471E-01 
   649    2.398063E-01    4.593087E-01    4.279955E-01    6.727406E-01 
   650    2.403511E-01    4.593097E-01    4.279995E-01    6.727341E-01 
   651    2.408960E-01    4.593107E-01    4.279990E-01    6.727270E-01 
   652    2.414408E-01    4.593118E-01    4.280021E-01    6.727196E-01 
   653    2.419857E-01    4.593130E-01    4.280032E-01    6.727121E-01 
   654    2.425304E-01    4.593142E-01    4.280052E-01    6.727040E-01 
   655    2.430753E-01    4.593155E-01    4.280082E-01    6.726959E-01 
   656    2.436201E-01    4.593170E-01    4.280090E-01    6.726876E-01 
   657    2.441650E-01    4.593185E-01    4.280137E-01    6.726786E-01 
   658    2.447097E-01    4.593201E-01    4.280135E-01    6.726699E-01 
   659    2.452547E-01    4.593218E-01    4.280194E-01    6.726603E-01 
   660    2.457994E-01    4.593236E-01    4.280189E-01    6.726507E-01 
   661    2.463443E-01    4.593255E-01    4.280253E-01    6.726406E-01 
   662    2.468891E-01    4.593276E-01    4.280252E-01    6.726300E-01 
   663    2.474339E-01    4.593297E-01    4.280316E-01    6.726193E-01 
   664    2.479788E-01    4.593320E-01    4.280326E-01    6.726078E-01 
   665    2.485235E-01    4.593344E-01    4.280384E-01    6.725962E-01 
   666    2.490684E-01    4.593369E-01    4.280409E-01    6.725842E-01 
   667    2.496132E-01    4.593396E-01    4.280458E-01    6.725718E-01 
   668    2.501580E-01    4.593424E-01    4.280503E-01    6.725591E-01 
   669    2.507027E-01    4.593453E-01    4.280541E-01    6.725460E-01 
   670    2.512476E-01    4.593484E-01    4.280604E-01    6.725323E-01 
   671    2.517923E-01    4.593516E-01    4.280632E-01    6.725185E-01 
   672    2.523372E-01    4.593549E-01    4.280711E-01    6.725038E-01 
   673    2.528819E-01    4.593584E-01    4.280733E-01    6.724893E-01 
   674    2.534268E-01    4.593620E-01    4.280822E-01    6.724739E-01 
   675    2.539715E-01    4.593658E-01    4.280844E-01    6.724583E-01 
   676    2.545163E-01    4.593697E-01    4.280936E-01    6.724424E-01 
   677    2.550611E-01    4.593738E-01    4.280967E-01    6.724258E-01 
   678    2.556058E-01    4.593780E-01    4.281056E-01    6.724091E-01 
   679    2.561506E-01    4.593823E-01    4.281100E-01    6.723919E-01 
   680    2.566953E-01    4.593868E-01    4.281182E-01    6.723743E-01 
   681    2.572401E-01    4.593915E-01    4.281244E-01    6.723564E-01 
   682    2.577848E-01    4.593962E-01    4.281315E-01    6.723380E-01 
   683    2.583296E-01    4.594011E-01    4.281396E-01    6.723194E-01 
   684    2.588742E-01    4.594061E-01    4.281455E-01    6.723005E-01 
   685    2.594191E-01    4.594112E-01    4.281554E-01    6.722809E-01 
   686    2.599637E-01    4.594165E-01    4.281604E-01    6.722616E-01 
   687    2.605085E-01    4.594219E-01    4.281714E-01    6.722413E-01 
   688    2.610531E-01    4.594273E-01    4.281761E-01    6.722214E-01 
   689    2.615979E-01    4.594329E-01    4.281877E-01    6.722009E-01 
   690    2.621425E-01    4.594386E-01    4.281926E-01    6.721802E-01 
   691    2.626872E-01    4.594443E-01    4.282040E-01    6.721594E-01 
   692    2.632319E-01    4.594501E-01    4.282098E-01    6.721382E-01 
   693    2.637766E-01    4.594560E-01    4.282204E-01    6.721171E-01 
   694    2.643213E-01    4.594619E-01    4.282276E-01    6.720958E-01 
   695    2.648659E-01    4.594679E-01    4.282371E-01    6.720742E-01 
   696    2.654106E-01    4.594739E-01    4.282458E-01    6.720529E-01 
   697    2.659552E-01    4.594799E-01    4.282540E-01    6.720313E-01 
   698    2.664999E-01    4.594859E-01    4.282643E-01    6.720096E-01 
   699    2.670444E-01    4.594919E-01    4.282709E-01    6.719883E-01 
   700    2.675891E-01    4.594979E-01    4.282823E-01    6.719666E-01 
   701    2.681336E-01    4.595039E-01    4.282879E-01    6.719456E-01 
   702    2.686783E-01    4.595098E-01    4.282999E-01    6.719243E-01 
   703    2.692229E-01    4.595156E-01    4.283049E-01    6.719034E-01 
   704    2.697675E-01    4.595213E-01    4.283166E-01    6.718828E-01 
   705    2.703121E-01    4.595270E-01    4.283217E-01    6.718623E-01 
   706    2.708566E-01    4.595325E-01    4.283324E-01    6.718424E-01 
   707    2.714012E-01    4.595379E-01    4.283382E-01    6.718226E-01 
   708    2.719458E-01    4.595432E-01    4.283475E-01    6.718034E-01 
   709    2.724903E-01    4.595482E-01    4.283540E-01    6.717847E-01 
   710    2.730349E-01    4.595531E-01    4.283615E-01    6.717664E-01 
   711    2.735794E-01    4.595578E-01    4.283691E-01    6.717487E-01 
   712    2.741239E-01    4.595622E-01    4.283745E-01    6.717317E-01 
   713    2.746686E-01    4.595664E-01    4.283830E-01    6.717152E-01 
   714    2.752130E-01    4.595704E-01    4.283863E-01    6.716999E-01 
   715    2.757576E-01    4.595740E-01    4.283950E-01    6.716847E-01 
   716    2.763020E-01    4.595774E-01    4.283969E-01    6.716710E-01 
   717    2.768466E-01    4.595804E-01    4.284051E-01    6.716577E-01 
   718    2.773911E-01    4.595831E-01    4.284060E-01    6.716454E-01 
   719    2.779356E-01    4.595855E-01    4.284130E-01    6.716342E-01 
   720    2.784801E-01    4.595874E-01    4.284135E-01    6.716238E-01 
   721    2.790246E-01    4.595890E-01    4.284186E-01    6.716146E-01 
   722    2.795691E-01    4.595901E-01    4.284191E-01    6.716062E-01 
   723    2.801136E-01    4.595907E-01    4.284218E-01    6.715989E-01 
   724    2.806581E-01    4.595909E-01    4.284225E-01    6.715927E-01 
   725    2.812026E-01    4.595906E-01    4.284226E-01    6.715872E-01 
   726    2.817472E-01    4.595898E-01    4.284235E-01    6.715828E-01 
   727    2.822916E-01    4.595885E-01    4.284207E-01    6.715794E-01 
   728    2.828362E-01    4.595866E-01    4.284215E-01    6.715766E-01 
   729    2.833805E-01    4.595841E-01    4.284161E-01    6.715754E-01 
   730    2.839252E-01    4.595809E-01    4.284160E-01    6.715749E-01 
   731    2.844696E-01    4.595771E-01    4.284082E-01    6.715769E-01 
   732    2.850142E-01    4.595725E-01    4.284063E-01    6.715807E-01 
   733    2.855587E-01    4.595669E-01    4.283965E-01    6.715874E-01 
   734    2.861032E-01    4.595604E-01    4.283916E-01    6.715976E-01 
   735    2.866478E-01    4.595528E-01    4.283799E-01    6.716108E-01 
   736    2.871923E-01    4.595441E-01    4.283710E-01    6.716278E-01 
   737    2.877368E-01    4.595340E-01    4.283574E-01    6.716465E-01 
   738    2.882814E-01    4.595228E-01    4.283439E-01    6.716665E-01 
   739    2.888260E-01    4.595103E-01    4.283285E-01    6.716874E-01 
   740    2.893705E-01    4.594966E-01    4.283105E-01    6.717075E-01 
   741    2.899151E-01    4.594819E-01    4.282937E-01    6.717283E-01 
   742    2.904596E-01    4.594664E-01    4.282719E-01    6.717505E-01 
   743    2.910044E-01    4.594502E-01    4.282543E-01    6.717742E-01 
   744    2.915489E-01    4.594337E-01    4.282301E-01    6.718052E-01 
   745    2.920938E-01    4.594169E-01    4.282123E-01    6.718400E-01 
   746    2.926384E-01    4.594001E-01    4.281875E-01    6.718846E-01 
   747    2.931833E-01    4.593833E-01    4.281695E-01    6.719349E-01 
   748    2.937281E-01    4.593666E-01    4.281452E-01    6.719908E-01 
   749    2.942729E-01    4.593499E-01    4.281266E-01    6.720526E-01 
   750    2.948177E-01    4.593330E-01    4.281031E-01    6.721142E-01 
   751    2.953625E-01    4.593158E-01    4.280827E-01    6.721770E-01 
   752    2.959073E-01    4.592979E-01    4.280593E-01    6.722356E-01 
   753    2.964521E-01    4.592792E-01    4.280357E-01    6.722881E-01 
   754    2.969970E-01    4.592595E-01    4.280114E-01    6.723378E-01 
   755    2.975419E-01    4.592387E-01    4.279835E-01    6.723774E-01 
   756    2.980869E-01    4.592169E-01    4.279579E-01    6.724040E-01 
   757    2.986316E-01    4.591943E-01    4.279264E-01    6.724170E-01 
   758    2.991767E-01    4.591712E-01    4.279002E-01    6.724148E-01 
   759    2.997215E-01    4.591482E-01    4.278675E-01    6.724079E-01 
   760    3.002667E-01    4.591259E-01    4.278427E-01    6.723906E-01 
   761    3.008117E-01    4.591051E-01    4.278128E-01    6.723735E-01 
   762    3.013568E-01    4.590864E-01    4.277924E-01    6.723617E-01 
   763    3.019020E-01    4.590705E-01    4.277697E-01    6.723609E-01 
   764    3.024473E-01    4.590578E-01    4.277563E-01    6.723765E-01 
   765    3.029926E-01    4.590487E-01    4.277435E-01    6.724062E-01 
   766    3.035379E-01    4.590430E-01    4.277382E-01    6.724528E-01 
   767    3.040832E-01    4.590406E-01    4.277358E-01    6.725129E-01 
   768    3.046285E-01    4.590409E-01    4.277369E-01    6.725803E-01 
   769    3.051737E-01    4.590432E-01    4.277422E-01    6.726521E-01 
   770    3.057188E-01    4.590464E-01    4.277457E-01    6.727216E-01 
   771    3.062640E-01    4.590495E-01    4.277535E-01    6.727828E-01 
   772    3.068089E-01    4.590513E-01    4.277541E-01    6.728347E-01 
   773    3.073541E-01    4.590508E-01    4.277580E-01    6.728726E-01 
   774    3.078990E-01    4.590470E-01    4.277507E-01    6.728991E-01 
   775    3.084442E-01    4.590390E-01    4.277450E-01    6.729109E-01 
   776    3.089892E-01    4.590264E-01    4.277263E-01    6.729086E-01 
   777    3.095343E-01    4.590088E-01    4.277074E-01    6.728914E-01 
   778    3.100793E-01    4.589863E-01    4.276766E-01    6.728579E-01 
   779    3.106245E-01    4.589593E-01    4.276443E-01    6.728069E-01 
   780    3.111697E-01    4.589285E-01    4.276036E-01    6.727351E-01 
   781    3.117149E-01    4.588949E-01    4.275612E-01    6.726421E-01 
   782    3.122602E-01    4.588598E-01    4.275160E-01    6.725267E-01 
   783    3.128056E-01    4.588247E-01    4.274701E-01    6.723916E-01 
   784    3.133510E-01    4.587915E-01    4.274286E-01    6.722395E-01 
   785    3.138965E-01    4.587621E-01    4.273882E-01    6.720740E-01 
   786    3.144421E-01    4.587383E-01    4.273597E-01    6.718984E-01 
   787    3.149877E-01    4.587219E-01    4.273348E-01    6.717205E-01 
   788    3.155336E-01    4.587145E-01    4.273278E-01    6.715544E-01 
   789    3.160793E-01    4.587171E-01    4.273267E-01    6.714288E-01 
   790    3.166253E-01    4.587305E-01    4.273464E-01    6.713647E-01 
   791    3.171710E-01    4.587547E-01    4.273730E-01    6.713845E-01 
   792    3.177169E-01    4.587888E-01    4.274185E-01    6.714894E-01 
   793    3.182626E-01    4.588314E-01    4.274692E-01    6.716661E-01 
   794    3.188082E-01    4.588798E-01    4.275319E-01    6.718953E-01 
   795    3.193537E-01    4.589311E-01    4.275944E-01    6.721524E-01 
   796    3.198990E-01    4.589810E-01    4.276573E-01    6.724192E-01 
   797    3.204441E-01    4.590250E-01    4.277115E-01    6.726786E-01 
   798    3.209890E-01    4.590580E-01    4.277504E-01    6.729131E-01 
   799    3.215339E-01    4.590745E-01    4.277701E-01    6.731136E-01 
   800    3.220785E-01    4.590692E-01    4.277577E-01    6.732685E-01 
   801    3.226231E-01    4.590368E-01    4.277150E-01    6.733713E-01 
   802    3.231675E-01    4.589730E-01    4.276257E-01    6.734110E-01 
   803    3.237123E-01    4.588742E-01    4.274978E-01    6.733799E-01 
   804    3.242567E-01    4.587386E-01    4.273156E-01    6.732704E-01 
   805    3.248016E-01    4.585659E-01    4.270928E-01    6.730620E-01 
   806    3.253464E-01    4.583585E-01    4.268187E-01    6.727359E-01 
   807    3.258916E-01    4.581208E-01    4.265123E-01    6.722630E-01 
   808    3.264372E-01    4.578602E-01    4.261719E-01    6.716298E-01 
   809    3.269831E-01    4.575869E-01    4.258198E-01    6.708336E-01 
   810    3.275298E-01    4.573131E-01    4.254653E-01    6.698808E-01 
   811    3.280770E-01    4.570536E-01    4.251314E-01    6.687891E-01 
   812    3.286250E-01    4.568238E-01    4.248368E-01    6.675677E-01 
   813    3.291737E-01    4.566396E-01    4.246001E-01    6.662561E-01 
   814    3.297233E-01    4.565156E-01    4.244447E-01    6.649562E-01 
   815    3.302734E-01    4.564639E-01    4.243786E-01    6.638647E-01 
   816    3.308242E-01    4.564926E-01    4.244222E-01    6.631988E-01 
   817    3.313751E-01    4.566043E-01    4.245668E-01    6.631429E-01 
   818    3.319261E-01    4.567947E-01    4.248203E-01    6.638070E-01 
   819    3.324763E-01    4.570516E-01    4.251526E-01    6.650855E-01 
   820    3.330258E-01    4.573548E-01    4.255513E-01    6.668426E-01 
   821    3.335740E-01    4.576754E-01    4.259663E-01    6.688727E-01 
   822    3.341210E-01    4.579774E-01    4.263620E-01    6.710090E-01 
   823    3.346665E-01    4.582174E-01    4.266723E-01    6.731274E-01 
   824    3.352108E-01    4.583463E-01    4.268403E-01    6.750656E-01 
   825    3.357539E-01    4.583101E-01    4.267901E-01    6.767417E-01 
   826    3.362961E-01    4.580514E-01    4.264481E-01    6.780349E-01 
   827    3.368376E-01    4.575102E-01    4.257356E-01    6.789215E-01 
   828    3.373787E-01    4.566258E-01    4.245678E-01    6.793180E-01 
   829    3.379200E-01    4.553372E-01    4.228715E-01    6.790861E-01 
   830    3.384618E-01    4.535873E-01    4.205617E-01    6.781057E-01 
   831    3.390048E-01    4.513202E-01    4.175761E-01    6.763152E-01 
   832    3.395495E-01    4.484849E-01    4.138362E-01    6.733354E-01 
   833    3.400971E-01    4.450343E-01    4.092979E-01    6.687760E-01 
   834    3.406484E-01    4.409301E-01    4.039006E-01    6.625199E-01 
   835    3.412050E-01    4.361345E-01    3.976158E-01    6.542468E-01 
   836    3.417680E-01    4.306247E-01    3.904141E-01    6.436519E-01 
   837    3.423393E-01    4.243824E-01    3.822940E-01    6.305679E-01 
   838    3.429204E-01    4.174015E-01    3.732572E-01    6.144792E-01 
   839    3.435135E-01    4.096858E-01    3.633379E-01    5.953596E-01 
   840    3.441207E-01    4.012574E-01    3.525834E-01    5.734862E-01 
   841    3.447438E-01    3.921562E-01    3.410765E-01    5.483171E-01 
   842    3.453851E-01    3.824501E-01    3.289343E-01    5.193660E-01 
   843    3.460467E-01    3.722257E-01    3.162884E-01    4.868933E-01 
   844    3.467310E-01    3.615902E-01    3.033082E-01    4.516500E-01 
   845    3.474397E-01    3.506935E-01    2.901952E-01    4.138417E-01 
   846    3.481744E-01    3.397064E-01    2.771796E-01    3.733827E-01 
   847    3.489360E-01    3.288250E-01    2.644921E-01    3.311145E-01 
   848    3.497259E-01    3.182415E-01    2.523625E-01    2.884810E-01 
   849    3.505436E-01    3.081645E-01    2.410071E-01    2.464537E-01 
   850    3.513888E-01    2.987751E-01    2.306076E-01    2.060694E-01 
   851    3.522597E-01    2.902285E-01    2.212946E-01    1.684516E-01 
   852    3.531547E-01    2.826304E-01    2.131454E-01    1.348759E-01 
   853    3.540708E-01    2.760407E-01    2.061756E-01    1.058520E-01 
   854    3.550053E-01    2.704589E-01    2.003450E-01    8.161253E-02 
   855    3.559551E-01    2.658383E-01    1.955681E-01    6.185099E-02 
   856    3.569172E-01    2.620946E-01    1.917300E-01    4.621166E-02 
   857    3.578892E-01    2.591214E-01    1.887022E-01    3.415057E-02 
   858    3.588688E-01    2.568032E-01    1.863522E-01    2.496017E-02 
   859    3.598541E-01    2.550239E-01    1.845547E-01    1.806841E-02 
   860    3.608437E-01    2.536774E-01    1.831976E-01    1.297608E-02 
   861    3.618366E-01    2.526712E-01    1.821850E-01    9.257555E-03 
   862    3.628318E-01    2.519274E-01    1.814371E-01    6.568055E-03 
   863    3.638286E-01    2.513827E-01    1.808895E-01    4.637900E-03 
   864    3.648267E-01    2.509869E-01    1.804918E-01    3.261419E-03 
   865    3.658256E-01    2.507014E-01    1.802048E-01    2.284828E-03 
   866    3.668252E-01    2.504966E-01    1.799991E-01    1.595007E-03 
   867    3.678251E-01    2.503506E-01    1.798523E-01    1.109571E-03 
   868    3.688254E-01    2.502469E-01    1.797481E-01    7.690563E-04 
   869    3.698259E-01    2.501736E-01    1.796745E-01    5.308735E-04 
   870    3.708266E-01    2.501220E-01    1.796226E-01    3.646612E-04 
   871    3.718273E-01    2.500858E-01    1.795862E-01    2.488610E-04 
   872    3.728282E-01    2.500604E-01    1.795607E-01    1.682688E-04 
   873    3.738290E-01    2.500427E-01    1.795429E-01    1.122404E-04 
   874    3.748300E-01    2.500303E-01    1.795305E-01    7.336278E-05 
   875    3.758309E-01    2.500217E-01    1.795219E-01    4.649061E-05 
   876    3.768319E-01    2.500158E-01    1.795159E-01    2.799582E-05 
   877    3.778328E-01    2.500117E-01    1.795117E-01    1.528424E-05 
   878    3.788338E-01    2.500088E-01    1.795088E-01    6.561758E-06 
   879    3.798348E-01    2.500068E-01    1.795068E-01    6.317569E-07 
   880    3.808358E-01    2.500054E-01    1.795055E-01   -3.325845E-06 
   881    3.818368E-01    2.500045E-01    1.795045E-01   -5.885113E-06 
   882    3.828377E-01    2.500038E-01    1.795038E-01   -7.448005E-06 
   883    3.838387E-01    2.500033E-01    1.795033E-01   -8.437046E-06 
   884    3.848397E-01    2.500029E-01    1.795029E-01   -9.183919E-06 
   885    3.858407E-01    2.500027E-01    1.795027E-01   -9.783144E-06 
   886    3.868417E-01    2.500025E-01    1.795025E-01   -1.019929E-05 
   887    3.878427E-01    2.500024E-01    1.795024E-01   -1.021264E-05 
   888    3.888437E-01    2.500023E-01    1.795023E-01   -9.634980E-06 
   889    3.898447E-01    2.500022E-01    1.795022E-01   -9.497605E-06 
   890    3.908456E-01    2.500022E-01    1.795022E-01   -9.729535E-06 
   891    3.918466E-01    2.500021E-01    1.795021E-01   -9.996276E-06 
   892    3.928476E-01    2.500021E-01    1.795021E-01   -1.023994E-05 
   893    3.938487E-01    2.500021E-01    1.795021E-01   -1.028366E-05 
   894    3.948496E-01    2.500021E-01    1.795021E-01   -9.857542E-06 
   895    3.958506E-01    2.500021E-01    1.795021E-01   -9.794008E-06 
   896    3.968516E-01    2.500020E-01    1.795020E-01   -9.968803E-06 
   897    3.978526E-01    2.500020E-01    1.795020E-01   -1.011784E-05 
   898    3.988536E-01    2.500020E-01    1.795020E-01   -1.009665E-05 
   899    3.998546E-01    2.500020E-01    1.795020E-01   -9.754783E-06 
   900    4.008556E-01    2.500019E-01    1.795019E-01   -8.642645E-06 
   901    4.018566E-01    2.500019E-01    1.795019E-01   -8.219726E-06 
   902    4.028575E-01    2.500018E-01    1.795018E-01   -8.513241E-06 
   903    4.038585E-01    2.500017E-01    1.795017E-01   -8.954763E-06 
   904    4.048596E-01    2.500017E-01    1.795017E-01   -9.181765E-06 
   905    4.058606E-01    2.500017E-01    1.795017E-01   -8.956566E-06 
   906    4.068616E-01    2.500016E-01    1.795016E-01   -7.534495E-06 
   907    4.078625E-01    2.500016E-01    1.795016E-01   -7.188668E-06 
   908    4.088635E-01    2.500016E-01    1.795016E-01   -7.860324E-06 
   909    4.098645E-01    2.500016E-01    1.795016E-01   -8.595794E-06 
   910    4.108655E-01    2.500016E-01    1.795016E-01   -8.877882E-06 
   911    4.118666E-01    2.500016E-01    1.795016E-01   -8.596362E-06 
   912    4.128676E-01    2.500015E-01    1.795016E-01   -7.232433E-06 
   913    4.138685E-01    2.500015E-01    1.795015E-01   -6.621381E-06 
   914    4.148694E-01    2.500014E-01    1.795014E-01   -7.586258E-06 
   915    4.158705E-01    2.500014E-01    1.795014E-01   -8.740657E-06 
   916    4.168715E-01    2.500014E-01    1.795014E-01   -9.082491E-06 
   917    4.178726E-01    2.500014E-01    1.795014E-01   -8.374563E-06 
   918    4.188736E-01    2.500014E-01    1.795014E-01   -5.992576E-06 
   919    4.198745E-01    2.500013E-01    1.795013E-01   -4.701792E-06 
   920    4.208754E-01    2.500012E-01    1.795012E-01   -6.443180E-06 
   921    4.218764E-01    2.500012E-01    1.795012E-01   -8.743991E-06 
   922    4.228775E-01    2.500012E-01    1.795012E-01   -9.480804E-06 
   923    4.238786E-01    2.500012E-01    1.795012E-01   -8.192416E-06 
   924    4.248796E-01    2.500012E-01    1.795012E-01   -4.800583E-06 
   925    4.258805E-01    2.500011E-01    1.795011E-01   -3.148455E-06 
   926    4.268813E-01    2.500010E-01    1.795010E-01   -6.283054E-06 
   927    4.278823E-01    2.500010E-01    1.795010E-01   -9.658816E-06 
   928    4.288834E-01    2.500011E-01    1.795011E-01   -1.042035E-05 
   929    4.298847E-01    2.500011E-01    1.795011E-01   -8.593045E-06 
   930    4.308857E-01    2.500010E-01    1.795010E-01   -3.565341E-06 
   931    4.318864E-01    2.500009E-01    1.795009E-01   -1.077634E-07 
   932    4.328871E-01    2.500007E-01    1.795007E-01   -5.269959E-06 
   933    4.338881E-01    2.500007E-01    1.795007E-01   -1.132748E-05 
   934    4.348894E-01    2.500008E-01    1.795008E-01   -1.333941E-05 
   935    4.358908E-01    2.500009E-01    1.795009E-01   -9.902022E-06 
   936    4.368920E-01    2.500008E-01    1.795008E-01    1.455999E-06 
   937    4.378925E-01    2.500005E-01    1.795005E-01    4.691251E-06 
   938    4.388928E-01    2.500002E-01    1.795002E-01   -6.618418E-06 
   939    4.398938E-01    2.500004E-01    1.795004E-01   -1.611334E-05 
   940    4.408953E-01    2.500006E-01    1.795006E-01   -1.716708E-05 
   941    4.418974E-01    2.500007E-01    1.795007E-01   -6.380867E-06 
   942    4.428985E-01    2.500005E-01    1.795005E-01    6.957016E-06 
   943    4.438982E-01    2.500001E-01    1.795001E-01    5.876364E-06 
   944    4.448982E-01    2.499998E-01    1.794998E-01   -8.930553E-06 
   945    4.458994E-01    2.500000E-01    1.794999E-01   -1.853221E-05 
   946    4.469018E-01    2.500002E-01    1.795002E-01   -2.067892E-05 
   947    4.479040E-01    2.500003E-01    1.795003E-01   -1.168948E-05 
   948    4.489048E-01    2.500000E-01    1.795000E-01    1.773957E-05 
   949    4.499038E-01    2.499991E-01    1.794991E-01    1.597041E-05 
   950    4.509037E-01    2.499985E-01    1.794985E-01   -5.887981E-06 
   951    4.519047E-01    2.499988E-01    1.794988E-01   -3.786741E-05 
   952    4.529073E-01    2.499997E-01    1.794996E-01   -4.054970E-05 
   953    4.539119E-01    2.499998E-01    1.794997E-01    9.987158E-06 
   954    4.549124E-01    2.499987E-01    1.794987E-01    4.571158E-05 
   955    4.559098E-01    2.499973E-01    1.794973E-01    1.891059E-05 
   956    4.569061E-01    2.499973E-01    1.794973E-01   -4.020192E-05 
   957    4.579076E-01    2.499986E-01    1.794986E-01   -6.371617E-05 
   958    4.589173E-01    2.499995E-01    1.794995E-01   -1.610672E-05 
   959    4.599239E-01    2.499988E-01    1.794988E-01    5.463953E-05 
   960    4.609176E-01    2.499976E-01    1.794976E-01    2.063125E-05 
   961    4.619095E-01    2.499969E-01    1.794969E-01    2.663202E-06 
   962    4.629072E-01    2.499973E-01    1.794973E-01   -4.581592E-05 
   963    4.639181E-01    2.499984E-01    1.794984E-01   -5.520343E-05 
   964    4.649337E-01    2.499983E-01    1.794983E-01    1.055502E-05 
   965    4.659235E-01    2.499977E-01    1.794977E-01   -1.804880E-05 
   966    4.669222E-01    2.499958E-01    1.794958E-01    8.970869E-05 
   967    4.679131E-01    2.499930E-01    1.794930E-01    3.376996E-05 
   968    4.689130E-01    2.499930E-01    1.794930E-01   -8.670206E-05 
   969    4.699306E-01    2.499943E-01    1.794943E-01   -1.116707E-04 
   970    4.709251E-01    2.499952E-01    1.794952E-01   -4.196695E-05 
   971    4.719486E-01    2.499926E-01    1.794926E-01    1.513126E-04 
   972    4.729362E-01    2.499873E-01    1.794873E-01    1.500288E-04 
   973    4.739059E-01    2.499845E-01    1.794845E-01   -5.294378E-05 
   974    4.748967E-01    2.499882E-01    1.794883E-01   -3.071210E-04 
   975    4.759280E-01    2.499916E-01    1.794916E-01   -2.267477E-05 
   976    4.769837E-01    2.499885E-01    1.794887E-01    1.603165E-04 
   977    4.779791E-01    2.499817E-01    1.794819E-01    2.215583E-04 
   978    4.789155E-01    2.499755E-01    1.794756E-01    6.095386E-05 
   979    4.798167E-01    2.499819E-01    1.794826E-01   -4.738892E-04 
   980    4.809420E-01    2.499854E-01    1.794857E-01    1.111203E-05 
   981    4.820141E-01    2.499781E-01    1.794791E-01    1.178792E-04 
   982    4.830267E-01    2.499641E-01    1.794654E-01    1.967448E-04 
   983    4.839619E-01    2.499444E-01    1.794453E-01    1.699297E-04 
   984    4.847090E-01    2.499296E-01    1.794306E-01   -4.635902E-04 
   985    4.859675E-01    2.498952E-01    1.793965E-01    8.130755E-06 
   986    4.870213E-01    2.498187E-01    1.793221E-01    5.127424E-05 
   987    4.880444E-01    2.496847E-01    1.791900E-01    1.026133E-04 
   988    4.890183E-01    2.494539E-01    1.789573E-01    1.271551E-04 
   989    4.896825E-01    2.492030E-01    1.786645E-01   -2.400150E-04 
   990    4.909910E-01    2.486717E-01    1.785463E-01    0.000000E+00 
   991    4.919920E-01    2.483517E-01    1.783166E-01    0.000000E+00 
   992    4.929930E-01    2.477140E-01    1.778586E-01    0.000000E+00 
   993    4.939940E-01    2.460143E-01    1.766382E-01    0.000000E+00 
   994    4.949950E-01    2.421120E-01    1.738364E-01    0.000000E+00 
   995    4.959960E-01    2.341973E-01    1.681537E-01    0.000000E+00 
   996    4.969970E-01    2.204042E-01    1.582502E-01    0.000000E+00 
   997    4.979980E-01    1.999295E-01    1.435494E-01    0.000000E+00 
   998    4.989990E-01    1.731555E-01    1.243257E-01    0.000000E+00 
   999    5.000000E-01    1.416667E-01    1.017167E-01    0.000000E+00 
