     0   -5.000000E-01    5.666667E-01    5.666667E-01    0.000000E+00 
     1   -4.989990E-01    6.926289E-01    6.926289E-01    0.000000E+00 
     2   -4.979980E-01    7.997507E-01    7.997507E-01    0.000000E+00 
     3   -4.969970E-01    8.816826E-01    8.816826E-01    0.000000E+00 
     4   -4.959960E-01    9.368867E-01    9.368867E-01    0.000000E+00 
     5   -4.949950E-01    9.685717E-01    9.685717E-01    0.000000E+00 
     6   -4.939940E-01    9.841884E-01    9.841884E-01    0.000000E+00 
     7   -4.929930E-01    9.909545E-01    9.909545E-01    0.000000E+00 
     8   -4.919920E-01    9.934618E-01    9.934618E-01    0.000000E+00 
     9   -4.909910E-01    9.947036E-01    9.947036E-01    0.000000E+00 
    10   -4.897001E-01    9.967682E-01    9.952968E-01    2.696315E-04 
    11   -4.890092E-01    9.978109E-01    9.969649E-01   -1.387495E-04 
    12   -4.880371E-01    9.987290E-01    9.982572E-01   -1.121138E-04 
    13   -4.870173E-01    9.992635E-01    9.989930E-01   -6.124250E-05 
    14   -4.859667E-01    9.995680E-01    9.994057E-01   -1.342324E-05 
    15   -4.847416E-01    9.996988E-01    9.995862E-01    4.942647E-04 
    16   -4.839509E-01    9.997551E-01    9.996629E-01   -1.597283E-04 
    17   -4.830131E-01    9.998409E-01    9.997850E-01   -2.084541E-04 
    18   -4.820055E-01    9.999033E-01    9.998701E-01   -1.323544E-04 
    19   -4.809416E-01    9.999354E-01    9.999115E-01   -2.995642E-06 
    20   -4.798474E-01    9.999165E-01    9.998868E-01    4.502673E-04 
    21   -4.789130E-01    9.998861E-01    9.998419E-01   -2.566416E-05 
    22   -4.779648E-01    9.999132E-01    9.998803E-01   -2.100527E-04 
    23   -4.769726E-01    9.999467E-01    9.999269E-01   -1.665450E-04 
    24   -4.759304E-01    9.999623E-01    9.999477E-01    3.881248E-05 
    25   -4.749142E-01    9.999501E-01    9.999308E-01    2.393872E-04 
    26   -4.739106E-01    9.999364E-01    9.999115E-01    7.920923E-05 
    27   -4.729279E-01    9.999453E-01    9.999238E-01   -1.108779E-04 
    28   -4.719393E-01    9.999685E-01    9.999562E-01   -1.310311E-04 
    29   -4.709279E-01    9.999813E-01    9.999739E-01    3.626403E-05 
    30   -4.699353E-01    9.999818E-01    9.999747E-01    5.331037E-05 
    31   -4.689184E-01    9.999786E-01    9.999703E-01    7.842699E-05 
    32   -4.679129E-01    9.999747E-01    9.999648E-01    1.114873E-05 
    33   -4.669180E-01    9.999814E-01    9.999741E-01   -4.564404E-05 
    34   -4.659239E-01    9.999888E-01    9.999843E-01   -6.015247E-06 
    35   -4.649317E-01    9.999935E-01    9.999909E-01   -3.912591E-05 
    36   -4.639210E-01    9.999951E-01    9.999932E-01    4.094246E-05 
    37   -4.629109E-01    9.999895E-01    9.999853E-01    6.122902E-05 
    38   -4.619106E-01    9.999841E-01    9.999778E-01    2.572838E-05 
    39   -4.609162E-01    9.999854E-01    9.999797E-01   -2.351866E-05 
    40   -4.599204E-01    9.999926E-01    9.999897E-01   -5.232728E-05 
    41   -4.589177E-01    9.999976E-01    9.999967E-01    2.796850E-06 
    42   -4.579112E-01    9.999954E-01    9.999936E-01    5.298237E-05 
    43   -4.569088E-01    9.999900E-01    9.999860E-01    4.211078E-05 
    44   -4.559093E-01    9.999888E-01    9.999844E-01   -2.570900E-06 
    45   -4.549103E-01    9.999933E-01    9.999907E-01   -2.695925E-05 
    46   -4.539111E-01    9.999982E-01    9.999975E-01   -1.454471E-05 
    47   -4.529090E-01    9.999996E-01    9.999994E-01    2.250189E-05 
    48   -4.519066E-01    9.999981E-01    9.999973E-01    2.757977E-05 
    49   -4.509046E-01    9.999965E-01    9.999951E-01    1.734060E-05 
    50   -4.499037E-01    9.999968E-01    9.999955E-01    3.924671E-06 
    51   -4.489040E-01    9.999992E-01    9.999988E-01   -1.064667E-05 
    52   -4.479041E-01    1.000002E+00    1.000002E+00   -1.202751E-06 
    53   -4.469027E-01    1.000002E+00    1.000003E+00    1.227189E-05 
    54   -4.459006E-01    1.000001E+00    1.000002E+00    1.928631E-05 
    55   -4.448991E-01    1.000000E+00    1.000000E+00    1.628834E-05 
    56   -4.438983E-01    9.999999E-01    9.999999E-01    4.987690E-06 
    57   -4.428981E-01    1.000001E+00    1.000002E+00   -4.758141E-06 
    58   -4.418975E-01    1.000003E+00    1.000004E+00    1.708323E-06 
    59   -4.408961E-01    1.000003E+00    1.000005E+00    1.287729E-05 
    60   -4.398947E-01    1.000003E+00    1.000004E+00    1.536988E-05 
    61   -4.388935E-01    1.000002E+00    1.000003E+00    1.222737E-05 
    62   -4.378926E-01    1.000002E+00    1.000003E+00    5.083807E-06 
    63   -4.368919E-01    1.000003E+00    1.000004E+00    8.131124E-07 
    64   -4.358912E-01    1.000004E+00    1.000005E+00    5.820788E-06 
    65   -4.348901E-01    1.000004E+00    1.000006E+00    1.085506E-05 
    66   -4.338889E-01    1.000004E+00    1.000005E+00    1.198015E-05 
    67   -4.328877E-01    1.000003E+00    1.000005E+00    1.051981E-05 
    68   -4.318867E-01    1.000003E+00    1.000005E+00    6.864401E-06 
    69   -4.308859E-01    1.000004E+00    1.000006E+00    4.330803E-06 
    70   -4.298850E-01    1.000005E+00    1.000006E+00    6.610924E-06 
    71   -4.288840E-01    1.000005E+00    1.000007E+00    9.736507E-06 
    72   -4.278829E-01    1.000005E+00    1.000006E+00    1.073436E-05 
    73   -4.268818E-01    1.000004E+00    1.000006E+00    9.895466E-06 
    74   -4.258808E-01    1.000004E+00    1.000006E+00    7.695835E-06 
    75   -4.248799E-01    1.000005E+00    1.000007E+00    6.112482E-06 
    76   -4.238790E-01    1.000005E+00    1.000007E+00    7.457168E-06 
    77   -4.228780E-01    1.000005E+00    1.000007E+00    9.428137E-06 
    78   -4.218769E-01    1.000005E+00    1.000007E+00    9.960099E-06 
    79   -4.208759E-01    1.000005E+00    1.000007E+00    9.516412E-06 
    80   -4.198749E-01    1.000005E+00    1.000007E+00    8.370733E-06 
    81   -4.188739E-01    1.000005E+00    1.000007E+00    7.389685E-06 
    82   -4.178730E-01    1.000005E+00    1.000008E+00    8.041226E-06 
    83   -4.168720E-01    1.000005E+00    1.000008E+00    9.301124E-06 
    84   -4.158710E-01    1.000005E+00    1.000008E+00    9.721900E-06 
    85   -4.148699E-01    1.000005E+00    1.000008E+00    9.532845E-06 
    86   -4.138689E-01    1.000006E+00    1.000008E+00    8.903815E-06 
    87   -4.128680E-01    1.000006E+00    1.000008E+00    8.291624E-06 
    88   -4.118670E-01    1.000006E+00    1.000008E+00    8.567644E-06 
    89   -4.108660E-01    1.000006E+00    1.000008E+00    9.435631E-06 
    90   -4.098650E-01    1.000006E+00    1.000008E+00    9.688564E-06 
    91   -4.088640E-01    1.000006E+00    1.000008E+00    9.608937E-06 
    92   -4.078630E-01    1.000006E+00    1.000008E+00    9.265906E-06 
    93   -4.068620E-01    1.000006E+00    1.000008E+00    8.894061E-06 
    94   -4.058610E-01    1.000006E+00    1.000009E+00    9.011716E-06 
    95   -4.048600E-01    1.000006E+00    1.000009E+00    9.722527E-06 
    96   -4.038590E-01    1.000006E+00    1.000009E+00    9.940317E-06 
    97   -4.028580E-01    1.000006E+00    1.000009E+00    9.913457E-06 
    98   -4.018570E-01    1.000006E+00    1.000009E+00    9.736807E-06 
    99   -4.008560E-01    1.000006E+00    1.000009E+00    9.533312E-06 
   100   -3.998550E-01    1.000007E+00    1.000009E+00    9.586932E-06 
   101   -3.988541E-01    1.000007E+00    1.000009E+00    1.008402E-05 
   102   -3.978530E-01    1.000007E+00    1.000009E+00    1.015701E-05 
   103   -3.968520E-01    1.000007E+00    1.000009E+00    1.013090E-05 
   104   -3.958510E-01    1.000007E+00    1.000009E+00    1.004117E-05 
   105   -3.948501E-01    1.000007E+00    1.000010E+00    9.934449E-06 
   106   -3.938491E-01    1.000007E+00    1.000010E+00    9.931940E-06 
   107   -3.928481E-01    1.000007E+00    1.000010E+00    1.049881E-05 
   108   -3.918471E-01    1.000007E+00    1.000010E+00    1.058410E-05 
   109   -3.908461E-01    1.000007E+00    1.000010E+00    1.050221E-05 
   110   -3.898451E-01    1.000007E+00    1.000010E+00    1.038906E-05 
   111   -3.888441E-01    1.000007E+00    1.000010E+00    1.038208E-05 
   112   -3.878431E-01    1.000007E+00    1.000010E+00    1.058232E-05 
   113   -3.868421E-01    1.000008E+00    1.000011E+00    1.108939E-05 
   114   -3.858411E-01    1.000008E+00    1.000011E+00    1.125443E-05 
   115   -3.848401E-01    1.000008E+00    1.000011E+00    1.130186E-05 
   116   -3.838391E-01    1.000008E+00    1.000011E+00    1.129590E-05 
   117   -3.828381E-01    1.000008E+00    1.000011E+00    1.133760E-05 
   118   -3.818371E-01    1.000008E+00    1.000011E+00    1.143727E-05 
   119   -3.808362E-01    1.000008E+00    1.000011E+00    1.160670E-05 
   120   -3.798352E-01    1.000008E+00    1.000011E+00    1.155973E-05 
   121   -3.788342E-01    1.000008E+00    1.000011E+00    1.146170E-05 
   122   -3.778332E-01    1.000008E+00    1.000011E+00    1.137982E-05 
   123   -3.768322E-01    1.000008E+00    1.000012E+00    1.134157E-05 
   124   -3.758312E-01    1.000008E+00    1.000012E+00    1.146007E-05 
   125   -3.748302E-01    1.000008E+00    1.000012E+00    1.173894E-05 
   126   -3.738292E-01    1.000008E+00    1.000012E+00    1.178914E-05 
   127   -3.728282E-01    1.000009E+00    1.000012E+00    1.174265E-05 
   128   -3.718272E-01    1.000009E+00    1.000012E+00    1.184883E-05 
   129   -3.708262E-01    1.000009E+00    1.000012E+00    1.204744E-05 
   130   -3.698252E-01    1.000009E+00    1.000013E+00    1.233411E-05 
   131   -3.688242E-01    1.000009E+00    1.000013E+00    1.256423E-05 
   132   -3.678233E-01    1.000009E+00    1.000013E+00    1.263601E-05 
   133   -3.668223E-01    1.000009E+00    1.000013E+00    1.265109E-05 
   134   -3.658213E-01    1.000010E+00    1.000013E+00    1.266842E-05 
   135   -3.648203E-01    1.000010E+00    1.000014E+00    1.267753E-05 
   136   -3.638193E-01    1.000010E+00    1.000014E+00    1.267733E-05 
   137   -3.628183E-01    1.000010E+00    1.000014E+00    1.263827E-05 
   138   -3.618173E-01    1.000010E+00    1.000014E+00    1.251175E-05 
   139   -3.608163E-01    1.000010E+00    1.000014E+00    1.234727E-05 
   140   -3.598153E-01    1.000010E+00    1.000014E+00    1.216516E-05 
   141   -3.588143E-01    1.000010E+00    1.000014E+00    1.195704E-05 
   142   -3.578133E-01    1.000010E+00    1.000014E+00    1.182846E-05 
   143   -3.568123E-01    1.000011E+00    1.000015E+00    1.189716E-05 
   144   -3.558114E-01    1.000011E+00    1.000015E+00    1.201701E-05 
   145   -3.548104E-01    1.000011E+00    1.000016E+00    1.221566E-05 
   146   -3.538094E-01    1.000012E+00    1.000016E+00    1.239812E-05 
   147   -3.528084E-01    1.000012E+00    1.000017E+00    1.245158E-05 
   148   -3.518074E-01    1.000012E+00    1.000017E+00    1.242457E-05 
   149   -3.508064E-01    1.000013E+00    1.000018E+00    1.233699E-05 
   150   -3.498054E-01    1.000013E+00    1.000018E+00    1.216245E-05 
   151   -3.488044E-01    1.000014E+00    1.000019E+00    1.191143E-05 
   152   -3.478034E-01    1.000014E+00    1.000019E+00    1.162023E-05 
   153   -3.468025E-01    1.000014E+00    1.000020E+00    1.129478E-05 
   154   -3.458015E-01    1.000015E+00    1.000021E+00    1.095168E-05 
   155   -3.448005E-01    1.000015E+00    1.000022E+00    1.060433E-05 
   156   -3.437995E-01    1.000016E+00    1.000022E+00    1.023649E-05 
   157   -3.427985E-01    1.000017E+00    1.000023E+00    9.853464E-06 
   158   -3.417975E-01    1.000017E+00    1.000024E+00    9.455606E-06 
   159   -3.407965E-01    1.000018E+00    1.000025E+00    9.021671E-06 
   160   -3.397956E-01    1.000019E+00    1.000026E+00    8.539324E-06 
   161   -3.387946E-01    1.000019E+00    1.000027E+00    7.999320E-06 
   162   -3.377936E-01    1.000020E+00    1.000028E+00    7.382366E-06 
   163   -3.367926E-01    1.000021E+00    1.000030E+00    6.675360E-06 
   164   -3.357916E-01    1.000022E+00    1.000031E+00    5.885825E-06 
   165   -3.347907E-01    1.000023E+00    1.000032E+00    5.032706E-06 
   166   -3.337897E-01    1.000024E+00    1.000034E+00    4.123273E-06 
   167   -3.327887E-01    1.000025E+00    1.000035E+00    3.159256E-06 
   168   -3.317877E-01    1.000026E+00    1.000037E+00    2.136079E-06 
   169   -3.307868E-01    1.000028E+00    1.000039E+00    1.042410E-06 
   170   -3.297858E-01    1.000029E+00    1.000040E+00   -1.271290E-07 
   171   -3.287848E-01    1.000030E+00    1.000042E+00   -1.373366E-06 
   172   -3.277838E-01    1.000032E+00    1.000045E+00   -2.685237E-06 
   173   -3.267829E-01    1.000033E+00    1.000047E+00   -4.055517E-06 
   174   -3.257819E-01    1.000035E+00    1.000049E+00   -5.477611E-06 
   175   -3.247809E-01    1.000037E+00    1.000052E+00   -6.960375E-06 
   176   -3.237800E-01    1.000039E+00    1.000054E+00   -8.506402E-06 
   177   -3.227790E-01    1.000041E+00    1.000057E+00   -1.013173E-05 
   178   -3.217781E-01    1.000042E+00    1.000059E+00   -1.184373E-05 
   179   -3.207771E-01    1.000044E+00    1.000062E+00   -1.365360E-05 
   180   -3.197761E-01    1.000046E+00    1.000065E+00   -1.554899E-05 
   181   -3.187752E-01    1.000049E+00    1.000068E+00   -1.753601E-05 
   182   -3.177742E-01    1.000051E+00    1.000071E+00   -1.961132E-05 
   183   -3.167733E-01    1.000053E+00    1.000074E+00   -2.178212E-05 
   184   -3.157723E-01    1.000055E+00    1.000077E+00   -2.404337E-05 
   185   -3.147714E-01    1.000057E+00    1.000079E+00   -2.640706E-05 
   186   -3.137705E-01    1.000059E+00    1.000082E+00   -2.886047E-05 
   187   -3.127695E-01    1.000060E+00    1.000085E+00   -3.139608E-05 
   188   -3.117686E-01    1.000062E+00    1.000087E+00   -3.400195E-05 
   189   -3.107676E-01    1.000064E+00    1.000089E+00   -3.667761E-05 
   190   -3.097667E-01    1.000065E+00    1.000091E+00   -3.940289E-05 
   191   -3.087658E-01    1.000066E+00    1.000093E+00   -4.217348E-05 
   192   -3.077648E-01    1.000067E+00    1.000094E+00   -4.497393E-05 
   193   -3.067639E-01    1.000068E+00    1.000095E+00   -4.778090E-05 
   194   -3.057630E-01    1.000068E+00    1.000095E+00   -5.056240E-05 
   195   -3.047620E-01    1.000067E+00    1.000094E+00   -5.330106E-05 
   196   -3.037611E-01    1.000067E+00    1.000093E+00   -5.596419E-05 
   197   -3.027602E-01    1.000065E+00    1.000091E+00   -5.851447E-05 
   198   -3.017592E-01    1.000063E+00    1.000089E+00   -6.091223E-05 
   199   -3.007583E-01    1.000061E+00    1.000085E+00   -6.311126E-05 
   200   -2.997574E-01    1.000057E+00    1.000080E+00   -6.505340E-05 
   201   -2.987564E-01    1.000053E+00    1.000074E+00   -6.667772E-05 
   202   -2.977555E-01    1.000048E+00    1.000067E+00   -6.793785E-05 
   203   -2.967545E-01    1.000041E+00    1.000058E+00   -6.877018E-05 
   204   -2.957536E-01    1.000034E+00    1.000047E+00   -6.911386E-05 
   205   -2.947526E-01    1.000025E+00    1.000034E+00   -6.891390E-05 
   206   -2.937516E-01    1.000014E+00    1.000020E+00   -6.813781E-05 
   207   -2.927506E-01    1.000002E+00    1.000003E+00   -6.677629E-05 
   208   -2.917496E-01    9.999874E-01    9.999823E-01   -6.470143E-05 
   209   -2.907486E-01    9.999702E-01    9.999583E-01   -6.146800E-05 
   210   -2.897476E-01    9.999499E-01    9.999298E-01   -5.692409E-05 
   211   -2.887466E-01    9.999257E-01    9.998960E-01   -5.098063E-05 
   212   -2.877455E-01    9.998971E-01    9.998559E-01   -4.296221E-05 
   213   -2.867444E-01    9.998632E-01    9.998085E-01   -3.101532E-05 
   214   -2.857433E-01    9.998232E-01    9.997524E-01   -1.184973E-05 
   215   -2.847421E-01    9.997754E-01    9.996856E-01    1.866112E-05 
   216   -2.837409E-01    9.997178E-01    9.996049E-01    6.309193E-05 
   217   -2.827396E-01    9.996474E-01    9.995064E-01    1.214025E-04 
   218   -2.817383E-01    9.995609E-01    9.993853E-01    1.907965E-04 
   219   -2.807369E-01    9.994548E-01    9.992368E-01    2.698555E-04 
   220   -2.797354E-01    9.993256E-01    9.990558E-01    3.605551E-04 
   221   -2.787338E-01    9.991700E-01    9.988381E-01    4.752222E-04 
   222   -2.777320E-01    9.989856E-01    9.985799E-01    6.205777E-04 
   223   -2.767300E-01    9.987696E-01    9.982777E-01    7.980119E-04 
   224   -2.757278E-01    9.985198E-01    9.979280E-01    1.018140E-03 
   225   -2.747253E-01    9.982333E-01    9.975271E-01    1.292898E-03 
   226   -2.737225E-01    9.979072E-01    9.970708E-01    1.634322E-03 
   227   -2.727194E-01    9.975380E-01    9.965541E-01    2.052621E-03 
   228   -2.717159E-01    9.971217E-01    9.959717E-01    2.556216E-03 
   229   -2.707120E-01    9.966538E-01    9.953172E-01    3.152779E-03 
   230   -2.697077E-01    9.961295E-01    9.945839E-01    3.848649E-03 
   231   -2.687027E-01    9.955435E-01    9.937644E-01    4.649032E-03 
   232   -2.676972E-01    9.948900E-01    9.928509E-01    5.558203E-03 
   233   -2.666910E-01    9.941633E-01    9.918352E-01    6.579434E-03 
   234   -2.656841E-01    9.933575E-01    9.907092E-01    7.714916E-03 
   235   -2.646763E-01    9.924668E-01    9.894650E-01    8.966134E-03 
   236   -2.636676E-01    9.914858E-01    9.880952E-01    1.033421E-02 
   237   -2.626579E-01    9.904096E-01    9.865931E-01    1.182022E-02 
   238   -2.616470E-01    9.892339E-01    9.849527E-01    1.342511E-02 
   239   -2.606349E-01    9.879552E-01    9.831694E-01    1.514958E-02 
   240   -2.596215E-01    9.865709E-01    9.812399E-01    1.699434E-02 
   241   -2.586066E-01    9.850794E-01    9.791622E-01    1.895986E-02 
   242   -2.575900E-01    9.834804E-01    9.769360E-01    2.104597E-02 
   243   -2.565718E-01    9.817747E-01    9.745630E-01    2.325181E-02 
   244   -2.555517E-01    9.799646E-01    9.720464E-01    2.557521E-02 
   245   -2.545296E-01    9.780535E-01    9.693914E-01    2.801275E-02 
   246   -2.535055E-01    9.760460E-01    9.666046E-01    3.055962E-02 
   247   -2.524792E-01    9.739477E-01    9.636943E-01    3.321014E-02 
   248   -2.514506E-01    9.717650E-01    9.606696E-01    3.595733E-02 
   249   -2.504196E-01    9.695051E-01    9.575407E-01    3.879316E-02 
   250   -2.493861E-01    9.671753E-01    9.543181E-01    4.170925E-02 
   251   -2.483501E-01    9.647829E-01    9.510122E-01    4.469729E-02 
   252   -2.473114E-01    9.623353E-01    9.476334E-01    4.774895E-02 
   253   -2.462700E-01    9.598394E-01    9.441914E-01    5.085687E-02 
   254   -2.452259E-01    9.573018E-01    9.406957E-01    5.401381E-02 
   255   -2.441789E-01    9.547287E-01    9.371546E-01    5.721335E-02 
   256   -2.431291E-01    9.521256E-01    9.335764E-01    6.044923E-02 
   257   -2.420764E-01    9.494981E-01    9.299686E-01    6.371556E-02 
   258   -2.410207E-01    9.468511E-01    9.263380E-01    6.700635E-02 
   259   -2.399620E-01    9.441894E-01    9.226913E-01    7.031585E-02 
   260   -2.389003E-01    9.415171E-01    9.190343E-01    7.363833E-02 
   261   -2.378356E-01    9.388380E-01    9.153723E-01    7.696856E-02 
   262   -2.367678E-01    9.361553E-01    9.117095E-01    8.030189E-02 
   263   -2.356969E-01    9.334713E-01    9.080490E-01    8.363476E-02 
   264   -2.346229E-01    9.307874E-01    9.043929E-01    8.696484E-02 
   265   -2.335459E-01    9.281039E-01    9.007416E-01    9.029138E-02 
   266   -2.324657E-01    9.254201E-01    8.970941E-01    9.361517E-02 
   267   -2.313824E-01    9.227340E-01    8.934477E-01    9.693846E-02 
   268   -2.302959E-01    9.200426E-01    8.897983E-01    1.002651E-01 
   269   -2.292063E-01    9.173417E-01    8.861402E-01    1.036000E-01 
   270   -2.281135E-01    9.146257E-01    8.824660E-01    1.069497E-01 
   271   -2.270174E-01    9.118881E-01    8.787669E-01    1.103221E-01 
   272   -2.259181E-01    9.091209E-01    8.750323E-01    1.137263E-01 
   273   -2.248154E-01    9.063157E-01    8.712508E-01    1.171769E-01 
   274   -2.237093E-01    9.034630E-01    8.674100E-01    1.206905E-01 
   275   -2.225998E-01    9.005534E-01    8.634975E-01    1.242835E-01 
   276   -2.214866E-01    8.975778E-01    8.595013E-01    1.279726E-01 
   277   -2.203697E-01    8.945279E-01    8.554108E-01    1.317731E-01 
   278   -2.192490E-01    8.913974E-01    8.512178E-01    1.356982E-01 
   279   -2.181243E-01    8.881818E-01    8.469169E-01    1.397584E-01 
   280   -2.169955E-01    8.848794E-01    8.425063E-01    1.439601E-01 
   281   -2.158624E-01    8.814912E-01    8.379879E-01    1.483063E-01 
   282   -2.147248E-01    8.780212E-01    8.333676E-01    1.527913E-01 
   283   -2.135826E-01    8.744759E-01    8.286547E-01    1.574048E-01 
   284   -2.124357E-01    8.708642E-01    8.238612E-01    1.621344E-01 
   285   -2.112840E-01    8.671963E-01    8.190015E-01    1.669650E-01 
   286   -2.101272E-01    8.634839E-01    8.140910E-01    1.718800E-01 
   287   -2.089655E-01    8.597388E-01    8.091462E-01    1.768620E-01 
   288   -2.077986E-01    8.559733E-01    8.041830E-01    1.818938E-01 
   289   -2.066264E-01    8.521990E-01    7.992170E-01    1.869583E-01 
   290   -2.054491E-01    8.484268E-01    7.942628E-01    1.920395E-01 
   291   -2.042665E-01    8.446667E-01    7.893332E-01    1.971227E-01 
   292   -2.030785E-01    8.409273E-01    7.844395E-01    2.021951E-01 
   293   -2.018853E-01    8.372159E-01    7.795911E-01    2.072457E-01 
   294   -2.006868E-01    8.335379E-01    7.747949E-01    2.122658E-01 
   295   -1.994830E-01    8.298972E-01    7.700558E-01    2.172488E-01 
   296   -1.982740E-01    8.262958E-01    7.653760E-01    2.221907E-01 
   297   -1.970597E-01    8.227339E-01    7.607555E-01    2.270902E-01 
   298   -1.958401E-01    8.192095E-01    7.561917E-01    2.319486E-01 
   299   -1.946154E-01    8.157193E-01    7.516798E-01    2.367699E-01 
   300   -1.933855E-01    8.122580E-01    7.472129E-01    2.415604E-01 
   301   -1.921504E-01    8.088195E-01    7.427830E-01    2.463293E-01 
   302   -1.909100E-01    8.053973E-01    7.383814E-01    2.510952E-01 
   303   -1.896644E-01    8.019848E-01    7.339997E-01    2.558753E-01 
   304   -1.884136E-01    7.985762E-01    7.296304E-01    2.606758E-01 
   305   -1.871574E-01    7.951667E-01    7.252675E-01    2.655014E-01 
   306   -1.858958E-01    7.917527E-01    7.209064E-01    2.703560E-01 
   307   -1.846287E-01    7.883323E-01    7.165445E-01    2.752411E-01 
   308   -1.833562E-01    7.849048E-01    7.121812E-01    2.801643E-01 
   309   -1.820780E-01    7.814715E-01    7.078182E-01    2.851301E-01 
   310   -1.807942E-01    7.780354E-01    7.034593E-01    2.901307E-01 
   311   -1.795047E-01    7.746013E-01    6.991108E-01    2.951561E-01 
   312   -1.782095E-01    7.711754E-01    6.947804E-01    3.001946E-01 
   313   -1.769084E-01    7.677647E-01    6.904768E-01    3.052336E-01 
   314   -1.756016E-01    7.643764E-01    6.862092E-01    3.102596E-01 
   315   -1.742889E-01    7.610177E-01    6.819864E-01    3.152593E-01 
   316   -1.729704E-01    7.576952E-01    6.778165E-01    3.202204E-01 
   317   -1.716461E-01    7.544147E-01    6.737066E-01    3.251322E-01 
   318   -1.703161E-01    7.511810E-01    6.696623E-01    3.299862E-01 
   319   -1.689803E-01    7.479978E-01    6.656880E-01    3.347756E-01 
   320   -1.676389E-01    7.448677E-01    6.617867E-01    3.394955E-01 
   321   -1.662919E-01    7.417922E-01    6.579598E-01    3.441424E-01 
   322   -1.649394E-01    7.387715E-01    6.542074E-01    3.487148E-01 
   323   -1.635813E-01    7.358048E-01    6.505280E-01    3.532127E-01 
   324   -1.622178E-01    7.328903E-01    6.469191E-01    3.576377E-01 
   325   -1.608490E-01    7.300249E-01    6.433767E-01    3.619926E-01 
   326   -1.594748E-01    7.272047E-01    6.398956E-01    3.662817E-01 
   327   -1.580953E-01    7.244247E-01    6.364693E-01    3.705110E-01 
   328   -1.567106E-01    7.216786E-01    6.330900E-01    3.746887E-01 
   329   -1.553206E-01    7.189586E-01    6.297478E-01    3.788254E-01 
   330   -1.539255E-01    7.162548E-01    6.264304E-01    3.829339E-01 
   331   -1.525251E-01    7.135549E-01    6.231228E-01    3.870310E-01 
   332   -1.511194E-01    7.108435E-01    6.198060E-01    3.911372E-01 
   333   -1.497085E-01    7.081019E-01    6.164574E-01    3.952780E-01 
   334   -1.482921E-01    7.053084E-01    6.130505E-01    3.994877E-01 
   335   -1.468701E-01    7.024391E-01    6.095567E-01    4.038148E-01 
   336   -1.454423E-01    6.994696E-01    6.059467E-01    4.083089E-01 
   337   -1.440084E-01    6.963768E-01    6.021932E-01    4.130184E-01 
   338   -1.425680E-01    6.931412E-01    5.982733E-01    4.179871E-01 
   339   -1.411208E-01    6.897488E-01    5.941713E-01    4.232493E-01 
   340   -1.396663E-01    6.861930E-01    5.898803E-01    4.288286E-01 
   341   -1.382040E-01    6.824754E-01    5.854035E-01    4.347305E-01 
   342   -1.367335E-01    6.786059E-01    5.807542E-01    4.409375E-01 
   343   -1.352543E-01    6.746015E-01    5.759542E-01    4.474195E-01 
   344   -1.337661E-01    6.704853E-01    5.710321E-01    4.541361E-01 
   345   -1.322685E-01    6.662845E-01    5.660214E-01    4.610408E-01 
   346   -1.307612E-01    6.620281E-01    5.609574E-01    4.680858E-01 
   347   -1.292440E-01    6.577454E-01    5.558754E-01    4.752218E-01 
   348   -1.277169E-01    6.534637E-01    5.508081E-01    4.824000E-01 
   349   -1.261796E-01    6.492080E-01    5.457847E-01    4.895745E-01 
   350   -1.246323E-01    6.449993E-01    5.408300E-01    4.967065E-01 
   351   -1.230748E-01    6.408550E-01    5.359638E-01    5.037645E-01 
   352   -1.215073E-01    6.367878E-01    5.312004E-01    5.107228E-01 
   353   -1.199299E-01    6.328064E-01    5.265493E-01    5.175626E-01 
   354   -1.183426E-01    6.289151E-01    5.220150E-01    5.242720E-01 
   355   -1.167456E-01    6.251148E-01    5.175974E-01    5.308477E-01 
   356   -1.151390E-01    6.214022E-01    5.132922E-01    5.372935E-01 
   357   -1.135230E-01    6.177702E-01    5.090903E-01    5.436199E-01 
   358   -1.118976E-01    6.142069E-01    5.049776E-01    5.498437E-01 
   359   -1.102629E-01    6.106963E-01    5.009348E-01    5.559888E-01 
   360   -1.086189E-01    6.072190E-01    4.969395E-01    5.620841E-01 
   361   -1.069656E-01    6.037550E-01    4.929684E-01    5.681810E-01 
   362   -1.053029E-01    6.002857E-01    4.890004E-01    5.743354E-01 
   363   -1.036305E-01    5.967966E-01    4.850188E-01    5.805718E-01 
   364   -1.019484E-01    5.932780E-01    4.810131E-01    5.869068E-01 
   365   -1.002561E-01    5.897260E-01    4.769790E-01    5.933487E-01 
   366   -9.855363E-02    5.861425E-01    4.729189E-01    5.999168E-01 
   367   -9.684058E-02    5.825357E-01    4.688427E-01    6.065954E-01 
   368   -9.511677E-02    5.789207E-01    4.647673E-01    6.133471E-01 
   369   -9.338208E-02    5.753172E-01    4.607151E-01    6.201264E-01 
   370   -9.163641E-02    5.717483E-01    4.567120E-01    6.268832E-01 
   371   -8.987978E-02    5.682379E-01    4.527844E-01    6.335651E-01 
   372   -8.811228E-02    5.648096E-01    4.489580E-01    6.401218E-01 
   373   -8.633407E-02    5.614854E-01    4.452567E-01    6.465091E-01 
   374   -8.454540E-02    5.582856E-01    4.417024E-01    6.526893E-01 
   375   -8.274659E-02    5.552290E-01    4.383147E-01    6.586258E-01 
   376   -8.093802E-02    5.523332E-01    4.351121E-01    6.642798E-01 
   377   -7.912014E-02    5.496160E-01    4.321132E-01    6.696100E-01 
   378   -7.729348E-02    5.470977E-01    4.293390E-01    6.745725E-01 
   379   -7.545863E-02    5.448032E-01    4.268156E-01    6.791158E-01 
   380   -7.361629E-02    5.427642E-01    4.245766E-01    6.831787E-01 
   381   -7.176731E-02    5.410202E-01    4.226639E-01    6.866854E-01 
   382   -6.991271E-02    5.396180E-01    4.211271E-01    6.895403E-01 
   383   -6.805371E-02    5.386032E-01    4.200150E-01    6.916304E-01 
   384   -6.619173E-02    5.380014E-01    4.193541E-01    6.928523E-01 
   385   -6.432850E-02    5.377930E-01    4.191227E-01    6.929642E-01 
   386   -6.246581E-02    5.379069E-01    4.192430E-01    6.921722E-01 
   387   -6.060447E-02    5.382446E-01    4.196075E-01    6.911776E-01 
   388   -5.874483E-02    5.387160E-01    4.201179E-01    6.900852E-01 
   389   -5.688707E-02    5.392602E-01    4.207081E-01    6.889235E-01 
   390   -5.503137E-02    5.398434E-01    4.213411E-01    6.877268E-01 
   391   -5.317775E-02    5.404467E-01    4.219963E-01    6.865136E-01 
   392   -5.132628E-02    5.410568E-01    4.226591E-01    6.853013E-01 
   393   -4.947695E-02    5.416627E-01    4.233176E-01    6.841095E-01 
   394   -4.762970E-02    5.422542E-01    4.239604E-01    6.829575E-01 
   395   -4.578450E-02    5.428221E-01    4.245777E-01    6.818636E-01 
   396   -4.394119E-02    5.433590E-01    4.251611E-01    6.808405E-01 
   397   -4.209968E-02    5.438591E-01    4.257043E-01    6.798984E-01 
   398   -4.025982E-02    5.443186E-01    4.262030E-01    6.790442E-01 
   399   -3.842143E-02    5.447350E-01    4.266545E-01    6.782809E-01 
   400   -3.658441E-02    5.451073E-01    4.270578E-01    6.776079E-01 
   401   -3.474854E-02    5.454363E-01    4.274134E-01    6.770204E-01 
   402   -3.291371E-02    5.457237E-01    4.277233E-01    6.765130E-01 
   403   -3.107978E-02    5.459724E-01    4.279908E-01    6.760793E-01 
   404   -2.924659E-02    5.461857E-01    4.282193E-01    6.757111E-01 
   405   -2.741407E-02    5.463676E-01    4.284132E-01    6.754007E-01 
   406   -2.558207E-02    5.465220E-01    4.285769E-01    6.751393E-01 
   407   -2.375056E-02    5.466528E-01    4.287146E-01    6.749202E-01 
   408   -2.191944E-02    5.467638E-01    4.288303E-01    6.747365E-01 
   409   -2.008863E-02    5.468581E-01    4.289277E-01    6.745812E-01 
   410   -1.825813E-02    5.469388E-01    4.290099E-01    6.744492E-01 
   411   -1.642784E-02    5.470084E-01    4.290799E-01    6.743357E-01 
   412   -1.459778E-02    5.470691E-01    4.291399E-01    6.742373E-01 
   413   -1.276791E-02    5.471226E-01    4.291919E-01    6.741509E-01 
   414   -1.093817E-02    5.471704E-01    4.292375E-01    6.740735E-01 
   415   -9.108627E-03    5.472137E-01    4.292779E-01    6.740043E-01 
   416   -7.279185E-03    5.472533E-01    4.293142E-01    6.739413E-01 
   417   -5.449879E-03    5.472899E-01    4.293470E-01    6.738836E-01 
   418   -3.620705E-03    5.473241E-01    4.293770E-01    6.738304E-01 
   419   -1.791600E-03    5.473563E-01    4.294046E-01    6.737806E-01 
   420    3.735013E-05    5.473866E-01    4.294300E-01    6.737346E-01 
   421    1.866235E-03    5.474155E-01    4.294537E-01    6.736910E-01 
   422    3.695031E-03    5.474431E-01    4.294756E-01    6.736502E-01 
   423    5.523702E-03    5.474696E-01    4.294962E-01    6.736120E-01 
   424    7.352324E-03    5.474950E-01    4.295155E-01    6.735755E-01 
   425    9.180842E-03    5.475195E-01    4.295335E-01    6.735413E-01 
   426    1.100929E-02    5.475432E-01    4.295505E-01    6.735089E-01 
   427    1.283765E-02    5.475662E-01    4.295663E-01    6.734783E-01 
   428    1.466593E-02    5.475885E-01    4.295812E-01    6.734492E-01 
   429    1.649416E-02    5.476102E-01    4.295952E-01    6.734215E-01 
   430    1.832230E-02    5.476314E-01    4.296084E-01    6.733957E-01 
   431    2.015037E-02    5.476520E-01    4.296207E-01    6.733708E-01 
   432    2.197839E-02    5.476722E-01    4.296322E-01    6.733474E-01 
   433    2.380632E-02    5.476920E-01    4.296429E-01    6.733252E-01 
   434    2.563418E-02    5.477113E-01    4.296530E-01    6.733044E-01 
   435    2.746201E-02    5.477304E-01    4.296623E-01    6.732844E-01 
   436    2.928975E-02    5.477492E-01    4.296711E-01    6.732655E-01 
   437    3.111742E-02    5.477677E-01    4.296791E-01    6.732481E-01 
   438    3.294506E-02    5.477859E-01    4.296866E-01    6.732312E-01 
   439    3.477261E-02    5.478040E-01    4.296935E-01    6.732153E-01 
   440    3.660013E-02    5.478220E-01    4.296999E-01    6.732005E-01 
   441    3.842756E-02    5.478399E-01    4.297058E-01    6.731864E-01 
   442    4.025492E-02    5.478577E-01    4.297112E-01    6.731730E-01 
   443    4.208229E-02    5.478756E-01    4.297162E-01    6.731601E-01 
   444    4.390953E-02    5.478935E-01    4.297205E-01    6.731485E-01 
   445    4.573671E-02    5.479113E-01    4.297245E-01    6.731374E-01 
   446    4.756391E-02    5.479294E-01    4.297285E-01    6.731261E-01 
   447    4.939096E-02    5.479477E-01    4.297321E-01    6.731162E-01 
   448    5.121797E-02    5.479662E-01    4.297348E-01    6.731070E-01 
   449    5.304496E-02    5.479848E-01    4.297369E-01    6.730974E-01 
   450    5.487182E-02    5.480039E-01    4.297394E-01    6.730883E-01 
   451    5.669869E-02    5.480233E-01    4.297423E-01    6.730806E-01 
   452    5.852544E-02    5.480430E-01    4.297445E-01    6.730728E-01 
   453    6.035210E-02    5.480633E-01    4.297453E-01    6.730645E-01 
   454    6.217883E-02    5.480843E-01    4.297457E-01    6.730573E-01 
   455    6.400534E-02    5.481054E-01    4.297467E-01    6.730515E-01 
   456    6.583175E-02    5.481270E-01    4.297485E-01    6.730446E-01 
   457    6.765831E-02    5.481496E-01    4.297502E-01    6.730372E-01 
   458    6.948462E-02    5.481731E-01    4.297503E-01    6.730323E-01 
   459    7.131076E-02    5.481972E-01    4.297486E-01    6.730276E-01 
   460    7.313705E-02    5.482221E-01    4.297475E-01    6.730207E-01 
   461    7.496317E-02    5.482481E-01    4.297485E-01    6.730149E-01 
   462    7.678908E-02    5.482749E-01    4.297498E-01    6.730118E-01 
   463    7.861501E-02    5.483025E-01    4.297491E-01    6.730073E-01 
   464    8.044090E-02    5.483321E-01    4.297475E-01    6.730005E-01 
   465    8.226662E-02    5.483636E-01    4.297459E-01    6.729959E-01 
   466    8.409215E-02    5.483959E-01    4.297433E-01    6.729943E-01 
   467    8.591768E-02    5.484287E-01    4.297411E-01    6.729903E-01 
   468    8.774316E-02    5.484638E-01    4.297422E-01    6.729823E-01 
   469    8.956831E-02    5.485020E-01    4.297449E-01    6.729774E-01 
   470    9.139352E-02    5.485417E-01    4.297423E-01    6.729834E-01 
   471    9.321863E-02    5.485828E-01    4.297328E-01    6.729758E-01 
   472    9.504314E-02    5.486280E-01    4.297261E-01    6.729595E-01 
   473    9.686818E-02    5.486749E-01    4.297273E-01    6.729670E-01 
   474    9.869308E-02    5.487213E-01    4.297324E-01    6.729854E-01 
   475    1.005164E-01    5.487741E-01    4.297342E-01    6.729434E-01 
   476    1.023409E-01    5.488361E-01    4.297242E-01    6.729368E-01 
   477    1.041672E-01    5.488975E-01    4.297009E-01    6.730071E-01 
   478    1.059875E-01    5.489583E-01    4.296934E-01    6.729337E-01 
   479    1.078104E-01    5.490324E-01    4.297148E-01    6.728905E-01 
   480    1.096414E-01    5.491100E-01    4.297207E-01    6.730290E-01 
   481    1.114570E-01    5.491859E-01    4.296910E-01    6.729496E-01 
   482    1.132747E-01    5.492853E-01    4.296801E-01    6.728191E-01 
   483    1.151154E-01    5.493951E-01    4.296816E-01    6.730508E-01 
   484    1.169265E-01    5.494949E-01    4.296634E-01    6.729991E-01 
   485    1.187298E-01    5.496195E-01    4.296645E-01    6.727102E-01 
   486    1.205887E-01    5.497983E-01    4.297323E-01    6.730880E-01 
   487    1.223997E-01    5.500074E-01    4.298059E-01    6.730622E-01 
   488    1.241686E-01    5.502873E-01    4.298344E-01    6.725686E-01 
   489    1.260626E-01    5.507597E-01    4.298533E-01    6.731607E-01 
   490    1.278765E-01    5.512032E-01    4.295814E-01    6.730857E-01 
   491    1.295767E-01    5.514695E-01    4.288829E-01    6.724534E-01 
   492    1.315354E-01    5.514157E-01    4.278653E-01    6.732517E-01 
   493    1.333377E-01    5.499661E-01    4.257515E-01    6.729871E-01 
   494    1.349638E-01    5.469614E-01    4.234316E-01    6.725040E-01 
   495    1.370294E-01    5.402480E-01    4.222690E-01    6.732756E-01 
   496    1.387980E-01    5.322255E-01    4.257163E-01    6.726240E-01 
   497    1.405681E-01    5.224342E-01    4.308745E-01    6.730253E-01 
   498    1.427451E-01    5.101763E-01    4.359877E-01    6.729123E-01 
   499    1.453637E-01    4.941781E-01    4.475771E-01    6.754671E-01 
   500    1.435780E-01    5.049836E-01    3.515861E-01    6.711140E-01 
   501    1.453349E-01    4.943621E-01    3.741938E-01    6.639820E-01 
   502    1.468999E-01    4.841707E-01    3.950010E-01    6.718317E-01 
   503    1.476693E-01    4.791980E-01    4.158769E-01    6.731606E-01 
   504    1.478611E-01    4.780302E-01    4.334702E-01    6.729070E-01 
   505    1.482328E-01    4.758832E-01    4.429008E-01    6.716587E-01 
   506    1.492830E-01    4.704187E-01    4.435914E-01    6.727036E-01 
   507    1.500135E-01    4.670444E-01    4.423943E-01    6.744848E-01 
   508    1.502218E-01    4.661701E-01    4.414929E-01    6.743154E-01 
   509    1.503365E-01    4.657107E-01    4.404209E-01    6.735555E-01 
   510    1.507599E-01    4.641822E-01    4.384589E-01    6.714119E-01 
   511    1.515451E-01    4.618324E-01    4.358237E-01    6.724370E-01 
   512    1.522106E-01    4.602765E-01    4.339683E-01    6.724921E-01 
   513    1.528617E-01    4.591175E-01    4.325229E-01    6.725639E-01 
   514    1.533852E-01    4.584255E-01    4.315017E-01    6.721427E-01 
   515    1.541129E-01    4.577289E-01    4.304705E-01    6.734805E-01 
   516    1.546170E-01    4.573859E-01    4.297992E-01    6.737377E-01 
   517    1.550275E-01    4.571733E-01    4.293265E-01    6.737644E-01 
   518    1.554456E-01    4.570283E-01    4.289542E-01    6.730614E-01 
   519    1.559647E-01    4.569275E-01    4.286551E-01    6.725442E-01 
   520    1.565201E-01    4.568868E-01    4.284374E-01    6.725143E-01 
   521    1.571046E-01    4.568977E-01    4.283040E-01    6.724886E-01 
   522    1.577583E-01    4.569493E-01    4.282282E-01    6.724864E-01 
   523    1.583850E-01    4.570110E-01    4.281743E-01    6.728411E-01 
   524    1.589285E-01    4.570691E-01    4.281173E-01    6.733603E-01 
   525    1.594229E-01    4.571180E-01    4.280563E-01    6.734302E-01 
   526    1.599203E-01    4.571762E-01    4.280063E-01    6.729740E-01 
   527    1.604611E-01    4.572533E-01    4.279796E-01    6.728909E-01 
   528    1.609882E-01    4.573283E-01    4.279476E-01    6.728876E-01 
   529    1.615112E-01    4.574068E-01    4.279267E-01    6.727032E-01 
   530    1.620675E-01    4.574929E-01    4.279232E-01    6.725992E-01 
   531    1.626635E-01    4.575825E-01    4.279348E-01    6.728288E-01 
   532    1.632476E-01    4.576596E-01    4.279428E-01    6.731641E-01 
   533    1.637893E-01    4.577205E-01    4.279399E-01    6.731522E-01 
   534    1.643099E-01    4.577813E-01    4.279424E-01    6.729415E-01 
   535    1.648491E-01    4.578484E-01    4.279532E-01    6.727555E-01 
   536    1.654078E-01    4.579166E-01    4.279638E-01    6.728378E-01 
   537    1.659460E-01    4.579768E-01    4.279655E-01    6.728803E-01 
   538    1.664768E-01    4.580336E-01    4.279624E-01    6.728304E-01 
   539    1.670190E-01    4.580897E-01    4.279626E-01    6.728462E-01 
   540    1.675691E-01    4.581422E-01    4.279596E-01    6.729935E-01 
   541    1.681193E-01    4.581889E-01    4.279580E-01    6.730645E-01 
   542    1.686695E-01    4.582329E-01    4.279547E-01    6.729775E-01 
   543    1.692205E-01    4.582787E-01    4.279630E-01    6.728242E-01 
   544    1.697732E-01    4.583261E-01    4.279713E-01    6.727676E-01 
   545    1.703261E-01    4.583710E-01    4.279839E-01    6.728274E-01 
   546    1.708722E-01    4.584118E-01    4.279859E-01    6.728770E-01 
   547    1.714111E-01    4.584494E-01    4.279907E-01    6.729025E-01 
   548    1.719470E-01    4.584842E-01    4.279861E-01    6.729364E-01 
   549    1.724828E-01    4.585167E-01    4.279855E-01    6.729435E-01 
   550    1.730229E-01    4.585483E-01    4.279801E-01    6.729151E-01 
   551    1.735717E-01    4.585805E-01    4.279823E-01    6.728738E-01 
   552    1.741276E-01    4.586127E-01    4.279836E-01    6.728482E-01 
   553    1.746832E-01    4.586436E-01    4.279885E-01    6.728521E-01 
   554    1.752339E-01    4.586723E-01    4.279915E-01    6.728725E-01 
   555    1.757808E-01    4.586988E-01    4.279933E-01    6.728985E-01 
   556    1.763237E-01    4.587231E-01    4.279949E-01    6.729097E-01 
   557    1.768631E-01    4.587460E-01    4.279923E-01    6.728966E-01 
   558    1.774008E-01    4.587685E-01    4.279942E-01    6.728647E-01 
   559    1.779403E-01    4.587913E-01    4.279912E-01    6.728378E-01 
   560    1.784852E-01    4.588140E-01    4.279955E-01    6.728338E-01 
   561    1.790350E-01    4.588356E-01    4.279923E-01    6.728622E-01 
   562    1.795864E-01    4.588554E-01    4.279955E-01    6.728956E-01 
   563    1.801355E-01    4.588734E-01    4.279907E-01    6.729069E-01 
   564    1.806829E-01    4.588903E-01    4.279927E-01    6.729012E-01 
   565    1.812284E-01    4.589066E-01    4.279888E-01    6.728872E-01 
   566    1.817726E-01    4.589227E-01    4.279909E-01    6.728638E-01 
   567    1.823149E-01    4.589390E-01    4.279897E-01    6.728391E-01 
   568    1.828570E-01    4.589553E-01    4.279919E-01    6.728218E-01 
   569    1.833999E-01    4.589713E-01    4.279926E-01    6.728247E-01 
   570    1.839447E-01    4.589862E-01    4.279926E-01    6.728503E-01 
   571    1.844910E-01    4.589999E-01    4.279932E-01    6.728753E-01 
   572    1.850377E-01    4.590123E-01    4.279899E-01    6.728856E-01 
   573    1.855846E-01    4.590240E-01    4.279909E-01    6.728823E-01 
   574    1.861313E-01    4.590352E-01    4.279866E-01    6.728721E-01 
   575    1.866776E-01    4.590463E-01    4.279894E-01    6.728601E-01 
   576    1.872228E-01    4.590574E-01    4.279857E-01    6.728484E-01 
   577    1.877674E-01    4.590684E-01    4.279896E-01    6.728370E-01 
   578    1.883109E-01    4.590792E-01    4.279866E-01    6.728306E-01 
   579    1.888545E-01    4.590895E-01    4.279899E-01    6.728314E-01 
   580    1.893983E-01    4.590993E-01    4.279870E-01    6.728386E-01 
   581    1.899430E-01    4.591084E-01    4.279886E-01    6.728468E-01 
   582    1.904886E-01    4.591169E-01    4.279861E-01    6.728517E-01 
   583    1.910348E-01    4.591248E-01    4.279858E-01    6.728532E-01 
   584    1.915810E-01    4.591323E-01    4.279847E-01    6.728528E-01 
   585    1.921270E-01    4.591393E-01    4.279828E-01    6.728504E-01 
   586    1.926726E-01    4.591461E-01    4.279834E-01    6.728456E-01 
   587    1.932173E-01    4.591526E-01    4.279803E-01    6.728387E-01 
   588    1.937618E-01    4.591593E-01    4.279827E-01    6.728301E-01 
   589    1.943058E-01    4.591659E-01    4.279792E-01    6.728227E-01 
   590    1.948500E-01    4.591724E-01    4.279827E-01    6.728196E-01 
   591    1.953944E-01    4.591786E-01    4.279788E-01    6.728225E-01 
   592    1.959396E-01    4.591842E-01    4.279817E-01    6.728287E-01 
   593    1.964849E-01    4.591894E-01    4.279775E-01    6.728344E-01 
   594    1.970306E-01    4.591941E-01    4.279790E-01    6.728366E-01 
   595    1.975760E-01    4.591984E-01    4.279754E-01    6.728360E-01 
   596    1.981214E-01    4.592025E-01    4.279757E-01    6.728321E-01 
   597    1.986665E-01    4.592064E-01    4.279736E-01    6.728265E-01 
   598    1.992112E-01    4.592104E-01    4.279729E-01    6.728205E-01 
   599    1.997560E-01    4.592144E-01    4.279730E-01    6.728149E-01 
   600    2.003004E-01    4.592184E-01    4.279713E-01    6.728109E-01 
   601    2.008451E-01    4.592223E-01    4.279731E-01    6.728096E-01 
   602    2.013897E-01    4.592258E-01    4.279698E-01    6.728114E-01 
   603    2.019348E-01    4.592290E-01    4.279722E-01    6.728143E-01 
   604    2.024798E-01    4.592319E-01    4.279677E-01    6.728162E-01 
   605    2.030251E-01    4.592344E-01    4.279700E-01    6.728159E-01 
   606    2.035702E-01    4.592368E-01    4.279653E-01    6.728146E-01 
   607    2.041154E-01    4.592389E-01    4.279671E-01    6.728116E-01 
   608    2.046604E-01    4.592410E-01    4.279632E-01    6.728083E-01 
   609    2.052052E-01    4.592431E-01    4.279643E-01    6.728046E-01 
   610    2.057500E-01    4.592452E-01    4.279619E-01    6.728008E-01 
   611    2.062946E-01    4.592472E-01    4.279620E-01    6.727982E-01 
   612    2.068394E-01    4.592491E-01    4.279612E-01    6.727966E-01 
   613    2.073841E-01    4.592509E-01    4.279599E-01    6.727962E-01 
   614    2.079291E-01    4.592525E-01    4.279604E-01    6.727963E-01 
   615    2.084741E-01    4.592538E-01    4.279573E-01    6.727963E-01 
   616    2.090192E-01    4.592549E-01    4.279589E-01    6.727958E-01 
   617    2.095641E-01    4.592559E-01    4.279545E-01    6.727947E-01 
   618    2.101093E-01    4.592567E-01    4.279567E-01    6.727924E-01 
   619    2.106541E-01    4.592575E-01    4.279520E-01    6.727901E-01 
   620    2.111990E-01    4.592583E-01    4.279543E-01    6.727870E-01 
   621    2.117438E-01    4.592590E-01    4.279501E-01    6.727842E-01 
   622    2.122886E-01    4.592597E-01    4.279518E-01    6.727819E-01 
   623    2.128334E-01    4.592604E-01    4.279487E-01    6.727800E-01 
   624    2.133782E-01    4.592609E-01    4.279493E-01    6.727789E-01 
   625    2.139232E-01    4.592613E-01    4.279475E-01    6.727780E-01 
   626    2.144681E-01    4.592616E-01    4.279465E-01    6.727771E-01 
   627    2.150131E-01    4.592618E-01    4.279462E-01    6.727760E-01 
   628    2.155580E-01    4.592618E-01    4.279436E-01    6.727745E-01 
   629    2.161030E-01    4.592618E-01    4.279446E-01    6.727725E-01 
   630    2.166478E-01    4.592617E-01    4.279408E-01    6.727705E-01 
   631    2.171928E-01    4.592616E-01    4.279428E-01    6.727679E-01 
   632    2.177376E-01    4.592614E-01    4.279383E-01    6.727658E-01 
   633    2.182825E-01    4.592613E-01    4.279407E-01    6.727636E-01 
   634    2.188273E-01    4.592610E-01    4.279363E-01    6.727617E-01 
   635    2.193722E-01    4.592608E-01    4.279383E-01    6.727602E-01 
   636    2.199171E-01    4.592604E-01    4.279346E-01    6.727586E-01 
   637    2.204620E-01    4.592600E-01    4.279356E-01    6.727572E-01 
   638    2.210070E-01    4.592595E-01    4.279330E-01    6.727556E-01 
   639    2.215519E-01    4.592589E-01    4.279327E-01    6.727538E-01 
   640    2.220968E-01    4.592583E-01    4.279316E-01    6.727521E-01 
   641    2.226417E-01    4.592576E-01    4.279298E-01    6.727499E-01 
   642    2.231866E-01    4.592569E-01    4.279303E-01    6.727477E-01 
   643    2.237314E-01    4.592562E-01    4.279270E-01    6.727458E-01 
   644    2.242764E-01    4.592554E-01    4.279287E-01    6.727434E-01 
   645    2.248212E-01    4.592547E-01    4.279245E-01    6.727417E-01 
   646    2.253662E-01    4.592539E-01    4.279269E-01    6.727396E-01 
   647    2.259110E-01    4.592530E-01    4.279223E-01    6.727378E-01 
   648    2.264560E-01    4.592521E-01    4.279245E-01    6.727360E-01 
   649    2.270009E-01    4.592512E-01    4.279204E-01    6.727339E-01 
   650    2.275458E-01    4.592502E-01    4.279219E-01    6.727320E-01 
   651    2.280908E-01    4.592492E-01    4.279188E-01    6.727298E-01 
   652    2.286356E-01    4.592482E-01    4.279191E-01    6.727275E-01 
   653    2.291806E-01    4.592472E-01    4.279174E-01    6.727254E-01 
   654    2.297254E-01    4.592461E-01    4.279164E-01    6.727229E-01 
   655    2.302704E-01    4.592450E-01    4.279162E-01    6.727206E-01 
   656    2.308152E-01    4.592439E-01    4.279137E-01    6.727184E-01 
   657    2.313603E-01    4.592428E-01    4.279150E-01    6.727159E-01 
   658    2.319050E-01    4.592417E-01    4.279112E-01    6.727138E-01 
   659    2.324501E-01    4.592406E-01    4.279134E-01    6.727111E-01 
   660    2.329949E-01    4.592394E-01    4.279090E-01    6.727089E-01 
   661    2.335399E-01    4.592383E-01    4.279115E-01    6.727063E-01 
   662    2.340848E-01    4.592371E-01    4.279072E-01    6.727036E-01 
   663    2.346297E-01    4.592359E-01    4.279092E-01    6.727010E-01 
   664    2.351747E-01    4.592347E-01    4.279057E-01    6.726980E-01 
   665    2.357196E-01    4.592335E-01    4.279068E-01    6.726952E-01 
   666    2.362645E-01    4.592324E-01    4.279045E-01    6.726923E-01 
   667    2.368094E-01    4.592312E-01    4.279044E-01    6.726892E-01 
   668    2.373544E-01    4.592300E-01    4.279037E-01    6.726863E-01 
   669    2.378993E-01    4.592288E-01    4.279022E-01    6.726831E-01 
   670    2.384443E-01    4.592277E-01    4.279030E-01    6.726797E-01 
   671    2.389891E-01    4.592265E-01    4.279001E-01    6.726765E-01 
   672    2.395342E-01    4.592254E-01    4.279022E-01    6.726727E-01 
   673    2.400790E-01    4.592243E-01    4.278983E-01    6.726693E-01 
   674    2.406241E-01    4.592232E-01    4.279011E-01    6.726654E-01 
   675    2.411690E-01    4.592221E-01    4.278970E-01    6.726615E-01 
   676    2.417139E-01    4.592211E-01    4.278997E-01    6.726576E-01 
   677    2.422589E-01    4.592201E-01    4.278962E-01    6.726532E-01 
   678    2.428038E-01    4.592191E-01    4.278983E-01    6.726490E-01 
   679    2.433488E-01    4.592182E-01    4.278959E-01    6.726444E-01 
   680    2.438937E-01    4.592173E-01    4.278970E-01    6.726397E-01 
   681    2.444387E-01    4.592164E-01    4.278960E-01    6.726350E-01 
   682    2.449836E-01    4.592156E-01    4.278959E-01    6.726298E-01 
   683    2.455286E-01    4.592149E-01    4.278966E-01    6.726246E-01 
   684    2.460735E-01    4.592142E-01    4.278951E-01    6.726192E-01 
   685    2.466186E-01    4.592135E-01    4.278975E-01    6.726133E-01 
   686    2.471634E-01    4.592130E-01    4.278949E-01    6.726077E-01 
   687    2.477085E-01    4.592125E-01    4.278983E-01    6.726012E-01 
   688    2.482533E-01    4.592121E-01    4.278952E-01    6.725951E-01 
   689    2.487983E-01    4.592117E-01    4.278991E-01    6.725884E-01 
   690    2.493433E-01    4.592114E-01    4.278963E-01    6.725815E-01 
   691    2.498882E-01    4.592113E-01    4.278999E-01    6.725745E-01 
   692    2.504332E-01    4.592112E-01    4.278981E-01    6.725669E-01 
   693    2.509781E-01    4.592112E-01    4.279010E-01    6.725592E-01 
   694    2.515231E-01    4.592113E-01    4.279006E-01    6.725512E-01 
   695    2.520680E-01    4.592114E-01    4.279025E-01    6.725427E-01 
   696    2.526130E-01    4.592117E-01    4.279038E-01    6.725341E-01 
   697    2.531580E-01    4.592121E-01    4.279046E-01    6.725249E-01 
   698    2.537030E-01    4.592126E-01    4.279077E-01    6.725152E-01 
   699    2.542478E-01    4.592132E-01    4.279073E-01    6.725054E-01 
   700    2.547929E-01    4.592140E-01    4.279119E-01    6.724947E-01 
   701    2.553377E-01    4.592148E-01    4.279108E-01    6.724841E-01 
   702    2.558828E-01    4.592159E-01    4.279164E-01    6.724724E-01 
   703    2.564277E-01    4.592170E-01    4.279153E-01    6.724606E-01 
   704    2.569727E-01    4.592184E-01    4.279213E-01    6.724483E-01 
   705    2.575176E-01    4.592199E-01    4.279210E-01    6.724354E-01 
   706    2.580626E-01    4.592216E-01    4.279268E-01    6.724223E-01 
   707    2.586075E-01    4.592235E-01    4.279279E-01    6.724086E-01 
   708    2.591524E-01    4.592256E-01    4.279331E-01    6.723946E-01 
   709    2.596974E-01    4.592280E-01    4.279361E-01    6.723805E-01 
   710    2.602423E-01    4.592305E-01    4.279405E-01    6.723658E-01 
   711    2.607873E-01    4.592332E-01    4.279456E-01    6.723510E-01 
   712    2.613322E-01    4.592361E-01    4.279490E-01    6.723359E-01 
   713    2.618772E-01    4.592392E-01    4.279560E-01    6.723202E-01 
   714    2.624220E-01    4.592424E-01    4.279584E-01    6.723047E-01 
   715    2.629671E-01    4.592458E-01    4.279668E-01    6.722882E-01 
   716    2.635118E-01    4.592493E-01    4.279688E-01    6.722718E-01 
   717    2.640568E-01    4.592529E-01    4.279777E-01    6.722543E-01 
   718    2.646017E-01    4.592565E-01    4.279799E-01    6.722362E-01 
   719    2.651466E-01    4.592602E-01    4.279886E-01    6.722175E-01 
   720    2.656915E-01    4.592640E-01    4.279915E-01    6.721977E-01 
   721    2.662364E-01    4.592678E-01    4.279995E-01    6.721771E-01 
   722    2.667813E-01    4.592715E-01    4.280035E-01    6.721553E-01 
   723    2.673262E-01    4.592754E-01    4.280103E-01    6.721324E-01 
   724    2.678711E-01    4.592792E-01    4.280158E-01    6.721086E-01 
   725    2.684159E-01    4.592832E-01    4.280214E-01    6.720834E-01 
   726    2.689608E-01    4.592872E-01    4.280287E-01    6.720573E-01 
   727    2.695056E-01    4.592914E-01    4.280331E-01    6.720302E-01 
   728    2.700506E-01    4.592958E-01    4.280421E-01    6.720020E-01 
   729    2.705953E-01    4.593004E-01    4.280459E-01    6.719735E-01 
   730    2.711403E-01    4.593054E-01    4.280564E-01    6.719439E-01 
   731    2.716850E-01    4.593107E-01    4.280606E-01    6.719146E-01 
   732    2.722299E-01    4.593165E-01    4.280724E-01    6.718848E-01 
   733    2.727747E-01    4.593229E-01    4.280781E-01    6.718555E-01 
   734    2.733196E-01    4.593298E-01    4.280906E-01    6.718272E-01 
   735    2.738644E-01    4.593373E-01    4.280986E-01    6.717997E-01 
   736    2.744092E-01    4.593453E-01    4.281116E-01    6.717742E-01 
   737    2.749541E-01    4.593538E-01    4.281222E-01    6.717503E-01 
   738    2.754988E-01    4.593628E-01    4.281352E-01    6.717285E-01 
   739    2.760436E-01    4.593720E-01    4.281481E-01    6.717092E-01 
   740    2.765884E-01    4.593812E-01    4.281600E-01    6.716920E-01 
   741    2.771332E-01    4.593903E-01    4.281742E-01    6.716772E-01 
   742    2.776778E-01    4.593988E-01    4.281837E-01    6.716644E-01 
   743    2.782227E-01    4.594065E-01    4.281972E-01    6.716525E-01 
   744    2.787672E-01    4.594128E-01    4.282029E-01    6.716418E-01 
   745    2.793121E-01    4.594174E-01    4.282129E-01    6.716296E-01 
   746    2.798566E-01    4.594197E-01    4.282131E-01    6.716161E-01 
   747    2.804013E-01    4.594194E-01    4.282167E-01    6.715988E-01 
   748    2.809460E-01    4.594161E-01    4.282099E-01    6.715761E-01 
   749    2.814906E-01    4.594094E-01    4.282043E-01    6.715465E-01 
   750    2.820353E-01    4.593992E-01    4.281895E-01    6.715072E-01 
   751    2.825799E-01    4.593854E-01    4.281737E-01    6.714575E-01 
   752    2.831246E-01    4.593684E-01    4.281513E-01    6.713951E-01 
   753    2.836693E-01    4.593485E-01    4.281261E-01    6.713188E-01 
   754    2.842140E-01    4.593266E-01    4.280989E-01    6.712286E-01 
   755    2.847588E-01    4.593036E-01    4.280682E-01    6.711232E-01 
   756    2.853036E-01    4.592808E-01    4.280413E-01    6.710042E-01 
   757    2.858484E-01    4.592597E-01    4.280117E-01    6.708737E-01 
   758    2.863935E-01    4.592418E-01    4.279923E-01    6.707307E-01 
   759    2.869383E-01    4.592288E-01    4.279726E-01    6.705825E-01 
   760    2.874835E-01    4.592221E-01    4.279681E-01    6.704377E-01 
   761    2.880286E-01    4.592228E-01    4.279664E-01    6.703190E-01 
   762    2.885738E-01    4.592318E-01    4.279820E-01    6.702480E-01 
   763    2.891191E-01    4.592492E-01    4.280028E-01    6.702457E-01 
   764    2.896643E-01    4.592746E-01    4.280391E-01    6.703222E-01 
   765    2.902094E-01    4.593068E-01    4.280803E-01    6.704708E-01 
   766    2.907544E-01    4.593436E-01    4.281305E-01    6.706738E-01 
   767    2.912994E-01    4.593824E-01    4.281818E-01    6.709107E-01 
   768    2.918441E-01    4.594194E-01    4.282308E-01    6.711611E-01 
   769    2.923888E-01    4.594503E-01    4.282735E-01    6.714098E-01 
   770    2.929332E-01    4.594703E-01    4.282989E-01    6.716404E-01 
   771    2.934776E-01    4.594742E-01    4.283077E-01    6.718417E-01 
   772    2.940217E-01    4.594566E-01    4.282830E-01    6.720026E-01 
   773    2.945660E-01    4.594125E-01    4.282299E-01    6.721149E-01 
   774    2.951100E-01    4.593374E-01    4.281295E-01    6.721689E-01 
   775    2.956542E-01    4.592276E-01    4.279908E-01    6.721544E-01 
   776    2.961984E-01    4.590812E-01    4.277974E-01    6.720649E-01 
   777    2.967427E-01    4.588978E-01    4.275620E-01    6.718829E-01 
   778    2.972872E-01    4.586795E-01    4.272754E-01    6.715868E-01 
   779    2.978320E-01    4.584308E-01    4.269538E-01    6.711469E-01 
   780    2.983772E-01    4.581589E-01    4.265985E-01    6.705491E-01 
   781    2.989228E-01    4.578741E-01    4.262284E-01    6.697872E-01 
   782    2.994690E-01    4.575887E-01    4.258569E-01    6.688696E-01 
   783    3.000159E-01    4.573174E-01    4.255030E-01    6.678050E-01 
   784    3.005636E-01    4.570759E-01    4.251901E-01    6.666152E-01 
   785    3.011120E-01    4.568801E-01    4.249330E-01    6.653421E-01 
   786    3.016613E-01    4.567446E-01    4.247590E-01    6.640909E-01 
   787    3.022112E-01    4.566816E-01    4.246735E-01    6.630792E-01 
   788    3.027619E-01    4.566991E-01    4.246991E-01    6.625271E-01 
   789    3.033126E-01    4.567994E-01    4.248253E-01    6.626120E-01 
   790    3.038634E-01    4.569778E-01    4.250600E-01    6.634164E-01 
   791    3.044134E-01    4.572216E-01    4.253727E-01    6.648191E-01 
   792    3.049626E-01    4.575098E-01    4.257495E-01    6.666684E-01 
   793    3.055106E-01    4.578134E-01    4.261402E-01    6.687751E-01 
   794    3.060573E-01    4.580954E-01    4.265070E-01    6.709659E-01 
   795    3.066026E-01    4.583121E-01    4.267848E-01    6.731284E-01 
   796    3.071467E-01    4.584139E-01    4.269141E-01    6.750932E-01 
   797    3.076897E-01    4.583465E-01    4.268207E-01    6.767798E-01 
   798    3.082317E-01    4.580525E-01    4.264286E-01    6.780679E-01 
   799    3.087731E-01    4.574718E-01    4.256613E-01    6.789434E-01 
   800    3.093142E-01    4.565436E-01    4.244325E-01    6.793129E-01 
   801    3.098556E-01    4.552074E-01    4.226709E-01    6.790375E-01 
   802    3.103975E-01    4.534065E-01    4.202912E-01    6.780053E-01 
   803    3.109407E-01    4.510852E-01    4.172325E-01    6.761466E-01 
   804    3.114857E-01    4.481931E-01    4.134170E-01    6.730665E-01 
   805    3.120337E-01    4.446838E-01    4.088016E-01    6.683936E-01 
   806    3.125854E-01    4.405196E-01    4.033272E-01    6.620089E-01 
   807    3.131426E-01    4.356632E-01    3.969657E-01    6.535752E-01 
   808    3.137062E-01    4.300929E-01    3.896904E-01    6.428070E-01 
   809    3.142784E-01    4.237910E-01    3.814987E-01    6.295163E-01 
   810    3.148605E-01    4.167517E-01    3.723958E-01    6.131925E-01 
   811    3.154548E-01    4.089807E-01    3.624150E-01    5.938661E-01 
   812    3.160633E-01    4.005006E-01    3.516074E-01    5.717625E-01 
   813    3.166879E-01    3.913545E-01    3.400571E-01    5.463184E-01 
   814    3.173308E-01    3.816107E-01    3.278833E-01    5.170806E-01 
   815    3.179941E-01    3.713580E-01    3.152182E-01    4.843748E-01 
   816    3.186804E-01    3.607046E-01    3.022337E-01    4.489399E-01 
   817    3.193911E-01    3.498041E-01    2.891337E-01    4.109284E-01 
   818    3.201280E-01    3.388281E-01    2.761490E-01    3.702958E-01 
   819    3.208918E-01    3.279732E-01    2.635096E-01    3.279628E-01 
   820    3.216838E-01    3.174313E-01    2.514442E-01    2.853554E-01 
   821    3.225037E-01    3.074102E-01    2.401667E-01    2.434268E-01 
   822    3.233508E-01    2.980884E-01    2.298551E-01    2.032189E-01 
   823    3.242237E-01    2.896174E-01    2.206356E-01    1.658801E-01 
   824    3.251203E-01    2.820994E-01    2.125811E-01    1.326366E-01 
   825    3.260379E-01    2.755901E-01    2.057029E-01    1.039705E-01 
   826    3.269736E-01    2.700849E-01    1.999570E-01    8.007473E-02 
   827    3.279243E-01    2.655344E-01    1.952556E-01    6.062569E-02 
   828    3.288873E-01    2.618522E-01    1.914826E-01    4.526187E-02 
   829    3.298599E-01    2.589314E-01    1.885093E-01    3.342400E-02 
   830    3.308399E-01    2.566563E-01    1.862037E-01    2.440802E-02 
   831    3.318256E-01    2.549116E-01    1.844415E-01    1.765206E-02 
   832    3.328155E-01    2.535923E-01    1.831119E-01    1.266278E-02 
   833    3.338085E-01    2.526071E-01    1.821205E-01    9.021165E-03 
   834    3.348039E-01    2.518792E-01    1.813886E-01    6.388421E-03 
   835    3.358008E-01    2.513464E-01    1.808530E-01    4.499895E-03 
   836    3.367990E-01    2.509594E-01    1.804642E-01    3.153914E-03 
   837    3.377980E-01    2.506805E-01    1.801839E-01    2.199784E-03 
   838    3.387976E-01    2.504806E-01    1.799830E-01    1.526671E-03 
   839    3.397976E-01    2.503383E-01    1.798400E-01    1.053949E-03 
   840    3.407979E-01    2.502374E-01    1.797386E-01    7.233513E-04 
   841    3.417985E-01    2.501662E-01    1.796671E-01    4.931102E-04 
   842    3.427991E-01    2.501162E-01    1.796168E-01    3.334159E-04 
   843    3.437999E-01    2.500813E-01    1.795817E-01    2.230568E-04 
   844    3.448008E-01    2.500569E-01    1.795572E-01    1.469643E-04 
   845    3.458016E-01    2.500401E-01    1.795403E-01    9.457762E-05 
   846    3.468026E-01    2.500284E-01    1.795285E-01    5.850849E-05 
   847    3.478035E-01    2.500204E-01    1.795205E-01    3.367283E-05 
   848    3.488045E-01    2.500150E-01    1.795150E-01    1.660994E-05 
   849    3.498054E-01    2.500113E-01    1.795114E-01    4.901490E-06 
   850    3.508064E-01    2.500089E-01    1.795089E-01   -3.175490E-06 
   851    3.518074E-01    2.500073E-01    1.795073E-01   -8.700025E-06 
   852    3.528084E-01    2.500062E-01    1.795062E-01   -1.240264E-05 
   853    3.538093E-01    2.500055E-01    1.795055E-01   -1.478735E-05 
   854    3.548103E-01    2.500051E-01    1.795051E-01   -1.624627E-05 
   855    3.558113E-01    2.500048E-01    1.795048E-01   -1.709469E-05 
   856    3.568123E-01    2.500045E-01    1.795045E-01   -1.755360E-05 
   857    3.578133E-01    2.500043E-01    1.795043E-01   -1.774252E-05 
   858    3.588143E-01    2.500041E-01    1.795042E-01   -1.771835E-05 
   859    3.598152E-01    2.500040E-01    1.795040E-01   -1.741572E-05 
   860    3.608162E-01    2.500038E-01    1.795038E-01   -1.678665E-05 
   861    3.618172E-01    2.500037E-01    1.795037E-01   -1.595265E-05 
   862    3.628182E-01    2.500035E-01    1.795036E-01   -1.506781E-05 
   863    3.638192E-01    2.500034E-01    1.795034E-01   -1.433826E-05 
   864    3.648202E-01    2.500033E-01    1.795033E-01   -1.400791E-05 
   865    3.658212E-01    2.500032E-01    1.795033E-01   -1.399442E-05 
   866    3.668221E-01    2.500032E-01    1.795032E-01   -1.411301E-05 
   867    3.678231E-01    2.500032E-01    1.795032E-01   -1.434124E-05 
   868    3.688241E-01    2.500032E-01    1.795033E-01   -1.460603E-05 
   869    3.698251E-01    2.500033E-01    1.795033E-01   -1.488453E-05 
   870    3.708261E-01    2.500033E-01    1.795034E-01   -1.516783E-05 
   871    3.718271E-01    2.500034E-01    1.795034E-01   -1.539278E-05 
   872    3.728281E-01    2.500034E-01    1.795034E-01   -1.553414E-05 
   873    3.738291E-01    2.500035E-01    1.795035E-01   -1.563197E-05 
   874    3.748301E-01    2.500035E-01    1.795035E-01   -1.566474E-05 
   875    3.758310E-01    2.500034E-01    1.795034E-01   -1.560344E-05 
   876    3.768320E-01    2.500034E-01    1.795034E-01   -1.547814E-05 
   877    3.778330E-01    2.500033E-01    1.795033E-01   -1.528425E-05 
   878    3.788340E-01    2.500032E-01    1.795033E-01   -1.495499E-05 
   879    3.798350E-01    2.500032E-01    1.795032E-01   -1.450506E-05 
   880    3.808360E-01    2.500031E-01    1.795031E-01   -1.389799E-05 
   881    3.818370E-01    2.500030E-01    1.795030E-01   -1.307816E-05 
   882    3.828380E-01    2.500029E-01    1.795029E-01   -1.239538E-05 
   883    3.838389E-01    2.500028E-01    1.795028E-01   -1.217477E-05 
   884    3.848399E-01    2.500027E-01    1.795027E-01   -1.223436E-05 
   885    3.858409E-01    2.500027E-01    1.795027E-01   -1.243488E-05 
   886    3.868419E-01    2.500026E-01    1.795026E-01   -1.246915E-05 
   887    3.878429E-01    2.500026E-01    1.795026E-01   -1.212206E-05 
   888    3.888439E-01    2.500027E-01    1.795027E-01   -1.207089E-05 
   889    3.898449E-01    2.500027E-01    1.795027E-01   -1.233541E-05 
   890    3.908459E-01    2.500027E-01    1.795027E-01   -1.255870E-05 
   891    3.918469E-01    2.500027E-01    1.795027E-01   -1.271962E-05 
   892    3.928479E-01    2.500027E-01    1.795027E-01   -1.282362E-05 
   893    3.938489E-01    2.500027E-01    1.795027E-01   -1.271730E-05 
   894    3.948498E-01    2.500027E-01    1.795027E-01   -1.254696E-05 
   895    3.958508E-01    2.500027E-01    1.795027E-01   -1.259361E-05 
   896    3.968518E-01    2.500026E-01    1.795026E-01   -1.266883E-05 
   897    3.978528E-01    2.500026E-01    1.795026E-01   -1.262955E-05 
   898    3.988538E-01    2.500025E-01    1.795025E-01   -1.232543E-05 
   899    3.998548E-01    2.500025E-01    1.795025E-01   -1.131183E-05 
   900    4.008558E-01    2.500024E-01    1.795024E-01   -1.023106E-05 
   901    4.018568E-01    2.500023E-01    1.795023E-01   -1.025505E-05 
   902    4.028577E-01    2.500023E-01    1.795023E-01   -1.067482E-05 
   903    4.038587E-01    2.500022E-01    1.795022E-01   -1.113495E-05 
   904    4.048598E-01    2.500022E-01    1.795022E-01   -1.144266E-05 
   905    4.058608E-01    2.500022E-01    1.795022E-01   -1.063321E-05 
   906    4.068617E-01    2.500022E-01    1.795022E-01   -9.736014E-06 
   907    4.078627E-01    2.500021E-01    1.795022E-01   -1.009998E-05 
   908    4.088637E-01    2.500021E-01    1.795022E-01   -1.083318E-05 
   909    4.098647E-01    2.500022E-01    1.795022E-01   -1.127720E-05 
   910    4.108657E-01    2.500022E-01    1.795022E-01   -1.134676E-05 
   911    4.118668E-01    2.500022E-01    1.795022E-01   -1.066085E-05 
   912    4.128677E-01    2.500021E-01    1.795021E-01   -9.224363E-06 
   913    4.138686E-01    2.500020E-01    1.795020E-01   -9.342760E-06 
   914    4.148696E-01    2.500019E-01    1.795019E-01   -1.050312E-05 
   915    4.158706E-01    2.500019E-01    1.795019E-01   -1.131597E-05 
   916    4.168717E-01    2.500019E-01    1.795019E-01   -1.119626E-05 
   917    4.178727E-01    2.500018E-01    1.795018E-01   -9.736442E-06 
   918    4.188737E-01    2.500018E-01    1.795018E-01   -6.828597E-06 
   919    4.198746E-01    2.500017E-01    1.795017E-01   -6.801331E-06 
   920    4.208755E-01    2.500016E-01    1.795016E-01   -8.922941E-06 
   921    4.218766E-01    2.500016E-01    1.795016E-01   -1.084165E-05 
   922    4.228777E-01    2.500016E-01    1.795016E-01   -1.111464E-05 
   923    4.238787E-01    2.500016E-01    1.795016E-01   -9.342054E-06 
   924    4.248797E-01    2.500016E-01    1.795016E-01   -5.511653E-06 
   925    4.258805E-01    2.500014E-01    1.795014E-01   -5.610069E-06 
   926    4.268814E-01    2.500014E-01    1.795014E-01   -9.359069E-06 
   927    4.278825E-01    2.500014E-01    1.795014E-01   -1.213892E-05 
   928    4.288837E-01    2.500015E-01    1.795015E-01   -1.189993E-05 
   929    4.298848E-01    2.500015E-01    1.795015E-01   -8.873434E-06 
   930    4.308858E-01    2.500014E-01    1.795014E-01   -3.255312E-06 
   931    4.318865E-01    2.500011E-01    1.795011E-01   -2.807123E-06 
   932    4.328873E-01    2.500010E-01    1.795010E-01   -8.524034E-06 
   933    4.338884E-01    2.500010E-01    1.795010E-01   -1.335418E-05 
   934    4.348897E-01    2.500011E-01    1.795011E-01   -1.402041E-05 
   935    4.358909E-01    2.500011E-01    1.795011E-01   -9.456124E-06 
   936    4.368919E-01    2.500010E-01    1.795010E-01    2.313940E-06 
   937    4.378924E-01    2.500006E-01    1.795006E-01    2.024863E-06 
   938    4.388930E-01    2.500005E-01    1.795005E-01   -1.016733E-05 
   939    4.398941E-01    2.500006E-01    1.795006E-01   -1.809782E-05 
   940    4.408956E-01    2.500009E-01    1.795009E-01   -1.779913E-05 
   941    4.418975E-01    2.500009E-01    1.795009E-01   -4.740608E-06 
   942    4.428983E-01    2.500006E-01    1.795006E-01    8.576967E-06 
   943    4.438981E-01    2.500002E-01    1.795002E-01    2.760333E-06 
   944    4.448984E-01    2.500000E-01    1.795000E-01   -1.345194E-05 
   945    4.458998E-01    2.500002E-01    1.795002E-01   -2.157180E-05 
   946    4.469022E-01    2.500005E-01    1.795005E-01   -1.949467E-05 
   947    4.479041E-01    2.500005E-01    1.795005E-01   -6.762061E-06 
   948    4.489045E-01    2.500000E-01    1.795000E-01    1.833557E-05 
   949    4.499035E-01    2.499992E-01    1.794992E-01    1.064415E-05 
   950    4.509039E-01    2.499988E-01    1.794987E-01   -1.176504E-05 
   951    4.519054E-01    2.499991E-01    1.794991E-01   -3.795407E-05 
   952    4.529080E-01    2.499998E-01    1.794998E-01   -3.790955E-05 
   953    4.539117E-01    2.499998E-01    1.794998E-01    1.370353E-05 
   954    4.549116E-01    2.499986E-01    1.794986E-01    4.421180E-05 
   955    4.559095E-01    2.499973E-01    1.794973E-01    1.563459E-05 
   956    4.569069E-01    2.499973E-01    1.794973E-01   -4.568033E-05 
   957    4.579088E-01    2.499988E-01    1.794987E-01   -6.753878E-05 
   958    4.589176E-01    2.499996E-01    1.794996E-01   -1.138741E-05 
   959    4.599228E-01    2.499988E-01    1.794988E-01    5.901446E-05 
   960    4.609172E-01    2.499973E-01    1.794973E-01    2.562134E-05 
   961    4.619095E-01    2.499967E-01    1.794967E-01   -8.185409E-06 
   962    4.629082E-01    2.499974E-01    1.794974E-01   -5.611218E-05 
   963    4.639192E-01    2.499986E-01    1.794986E-01   -5.580707E-05 
   964    4.649334E-01    2.499985E-01    1.794985E-01    2.335199E-05 
   965    4.659238E-01    2.499977E-01    1.794977E-01   -1.299653E-05 
   966    4.669205E-01    2.499958E-01    1.794958E-01    8.464341E-05 
   967    4.679126E-01    2.499932E-01    1.794932E-01    1.963725E-05 
   968    4.689147E-01    2.499935E-01    1.794935E-01   -9.131571E-05 
   969    4.699326E-01    2.499947E-01    1.794947E-01   -1.009064E-04 
   970    4.709259E-01    2.499953E-01    1.794953E-01   -4.410216E-05 
   971    4.719457E-01    2.499925E-01    1.794926E-01    1.562727E-04 
   972    4.729333E-01    2.499870E-01    1.794870E-01    1.497394E-04 
   973    4.739070E-01    2.499843E-01    1.794843E-01   -6.585230E-05 
   974    4.749026E-01    2.499879E-01    1.794880E-01   -3.081065E-04 
   975    4.759285E-01    2.499913E-01    1.794913E-01   -2.947439E-05 
   976    4.769805E-01    2.499880E-01    1.794882E-01    1.726921E-04 
   977    4.779748E-01    2.499808E-01    1.794810E-01    2.341592E-04 
   978    4.789144E-01    2.499744E-01    1.794745E-01    5.506005E-05 
   979    4.798259E-01    2.499811E-01    1.794818E-01   -4.997246E-04 
   980    4.809418E-01    2.499850E-01    1.794853E-01    9.678171E-06 
   981    4.820118E-01    2.499776E-01    1.794785E-01    1.296981E-04 
   982    4.830228E-01    2.499632E-01    1.794645E-01    2.130601E-04 
   983    4.839586E-01    2.499431E-01    1.794439E-01    1.794699E-04 
   984    4.847182E-01    2.499284E-01    1.794294E-01   -5.035049E-04 
   985    4.859673E-01    2.498943E-01    1.793956E-01    1.009066E-05 
   986    4.870202E-01    2.498179E-01    1.793213E-01    5.707775E-05 
   987    4.880423E-01    2.496840E-01    1.791892E-01    1.122541E-04 
   988    4.890158E-01    2.494537E-01    1.789568E-01    1.385437E-04 
   989    4.896873E-01    2.492001E-01    1.786621E-01   -2.633882E-04 
   990    4.909910E-01    2.486728E-01    1.785471E-01    0.000000E+00 
   991    4.919920E-01    2.483553E-01    1.783191E-01    0.000000E+00 
   992    4.929930E-01    2.477204E-01    1.778632E-01    0.000000E+00 
   993    4.939940E-01    2.460229E-01    1.766444E-01    0.000000E+00 
   994    4.949950E-01    2.421201E-01    1.738423E-01    0.000000E+00 
   995    4.959960E-01    2.342038E-01    1.681583E-01    0.000000E+00 
   996    4.969970E-01    2.204086E-01    1.582534E-01    0.000000E+00 
   997    4.979980E-01    1.999317E-01    1.435509E-01    0.000000E+00 
   998    4.989990E-01    1.731560E-01    1.243260E-01    0.000000E+00 
   999    5.000000E-01    1.416667E-01    1.017167E-01    0.000000E+00 
