     0   -5.000000E-01    5.666667E-01    5.666667E-01    0.000000E+00 
     1   -4.989990E-01    6.926717E-01    6.926717E-01    0.000000E+00 
     2   -4.979980E-01    7.999456E-01    7.999456E-01    0.000000E+00 
     3   -4.969970E-01    8.820753E-01    8.820753E-01    0.000000E+00 
     4   -4.959960E-01    9.374774E-01    9.374774E-01    0.000000E+00 
     5   -4.949950E-01    9.693412E-01    9.693412E-01    0.000000E+00 
     6   -4.939940E-01    9.850188E-01    9.850188E-01    0.000000E+00 
     7   -4.929930E-01    9.915851E-01    9.915851E-01    0.000000E+00 
     8   -4.919920E-01    9.938179E-01    9.938179E-01    0.000000E+00 
     9   -4.909910E-01    9.948129E-01    9.948129E-01    0.000000E+00 
    10   -4.897934E-01    9.965160E-01    9.950091E-01    1.306762E-03 
    11   -4.889645E-01    9.977485E-01    9.968543E-01   -5.449550E-04 
    12   -4.879994E-01    9.986896E-01    9.981899E-01   -5.598733E-04 
    13   -4.869963E-01    9.992441E-01    9.989610E-01   -2.789996E-04 
    14   -4.859628E-01    9.995490E-01    9.993773E-01   -7.276772E-06 
    15   -4.848803E-01    9.996062E-01    9.994534E-01    1.398050E-03 
    16   -4.839238E-01    9.995877E-01    9.994247E-01    3.714782E-05 
    17   -4.829540E-01    9.996947E-01    9.995752E-01   -5.744630E-04 
    18   -4.819638E-01    9.998136E-01    9.997414E-01   -5.854395E-04 
    19   -4.809500E-01    9.998768E-01    9.998284E-01    1.970336E-04 
    20   -4.799373E-01    9.998763E-01    9.998275E-01    5.204530E-04 
    21   -4.789250E-01    9.998708E-01    9.998195E-01    2.311196E-04 
    22   -4.779277E-01    9.999085E-01    9.998719E-01   -5.542956E-05 
    23   -4.769340E-01    9.999805E-01    9.999727E-01   -1.969207E-04 
    24   -4.759392E-01    1.000044E+00    1.000062E+00   -7.604045E-05 
    25   -4.749435E-01    1.000080E+00    1.000113E+00    2.869401E-05 
    26   -4.739354E-01    1.000087E+00    1.000122E+00    3.459418E-04 
    27   -4.729251E-01    1.000068E+00    1.000095E+00    3.245780E-04 
    28   -4.719243E-01    1.000049E+00    1.000069E+00    2.542408E-04 
    29   -4.709283E-01    1.000039E+00    1.000054E+00    1.550007E-04 
    30   -4.699324E-01    1.000035E+00    1.000049E+00    7.669559E-05 
    31   -4.689335E-01    1.000020E+00    1.000028E+00    7.783601E-05 
    32   -4.679285E-01    9.999805E-01    9.999728E-01    8.590924E-05 
    33   -4.669227E-01    9.999294E-01    9.999012E-01    1.409948E-05 
    34   -4.659213E-01    9.998812E-01    9.998336E-01   -8.564854E-05 
    35   -4.649225E-01    9.998376E-01    9.997726E-01   -1.858205E-04 
    36   -4.639244E-01    9.997998E-01    9.997197E-01   -3.001579E-04 
    37   -4.629245E-01    9.997712E-01    9.996797E-01   -3.735469E-04 
    38   -4.619212E-01    9.997619E-01    9.996667E-01   -2.483895E-04 
    39   -4.609172E-01    9.997920E-01    9.997088E-01   -1.862103E-05 
    40   -4.599149E-01    9.998751E-01    9.998252E-01   -1.466624E-05 
    41   -4.589146E-01    1.000009E+00    1.000013E+00   -1.353640E-04 
    42   -4.579151E-01    1.000179E+00    1.000251E+00   -1.814169E-04 
    43   -4.569150E-01    1.000367E+00    1.000514E+00    3.055454E-05 
    44   -4.559141E-01    1.000555E+00    1.000778E+00    4.621724E-04 
    45   -4.549131E-01    1.000738E+00    1.001033E+00    9.358672E-04 
    46   -4.539125E-01    1.000916E+00    1.001283E+00    1.311847E-03 
    47   -4.529125E-01    1.001091E+00    1.001528E+00    1.545653E-03 
    48   -4.519130E-01    1.001259E+00    1.001764E+00    1.684153E-03 
    49   -4.509137E-01    1.001412E+00    1.001977E+00    1.798860E-03 
    50   -4.499144E-01    1.001539E+00    1.002155E+00    1.919017E-03 
    51   -4.489151E-01    1.001633E+00    1.002287E+00    2.030778E-03 
    52   -4.479158E-01    1.001695E+00    1.002374E+00    2.107868E-03 
    53   -4.469166E-01    1.001728E+00    1.002420E+00    2.144301E-03 
    54   -4.459174E-01    1.001738E+00    1.002434E+00    2.149953E-03 
    55   -4.449182E-01    1.001732E+00    1.002425E+00    2.137272E-03 
    56   -4.439190E-01    1.001712E+00    1.002398E+00    2.114711E-03 
    57   -4.429197E-01    1.001681E+00    1.002354E+00    2.083130E-03 
    58   -4.419204E-01    1.001640E+00    1.002297E+00    2.041761E-03 
    59   -4.409211E-01    1.001591E+00    1.002228E+00    1.990257E-03 
    60   -4.399217E-01    1.001534E+00    1.002149E+00    1.929158E-03 
    61   -4.389222E-01    1.001472E+00    1.002061E+00    1.859433E-03 
    62   -4.379226E-01    1.001404E+00    1.001966E+00    1.782338E-03 
    63   -4.369230E-01    1.001333E+00    1.001867E+00    1.699232E-03 
    64   -4.359233E-01    1.001259E+00    1.001763E+00    1.611446E-03 
    65   -4.349235E-01    1.001184E+00    1.001657E+00    1.520251E-03 
    66   -4.339237E-01    1.001107E+00    1.001550E+00    1.426841E-03 
    67   -4.329237E-01    1.001030E+00    1.001443E+00    1.332341E-03 
    68   -4.319237E-01    1.000954E+00    1.001336E+00    1.237810E-03 
    69   -4.309236E-01    1.000880E+00    1.001232E+00    1.144232E-03 
    70   -4.299235E-01    1.000807E+00    1.001130E+00    1.052493E-03 
    71   -4.289232E-01    1.000737E+00    1.001032E+00    9.633729E-04 
    72   -4.279229E-01    1.000670E+00    1.000938E+00    8.775341E-04 
    73   -4.269225E-01    1.000606E+00    1.000849E+00    7.955185E-04 
    74   -4.259221E-01    1.000546E+00    1.000765E+00    7.177524E-04 
    75   -4.249216E-01    1.000490E+00    1.000686E+00    6.445517E-04 
    76   -4.239210E-01    1.000437E+00    1.000612E+00    5.761286E-04 
    77   -4.229204E-01    1.000389E+00    1.000544E+00    5.126010E-04 
    78   -4.219198E-01    1.000344E+00    1.000481E+00    4.540007E-04 
    79   -4.209191E-01    1.000303E+00    1.000424E+00    4.002847E-04 
    80   -4.199184E-01    1.000266E+00    1.000372E+00    3.513454E-04 
    81   -4.189176E-01    1.000232E+00    1.000325E+00    3.070215E-04 
    82   -4.179168E-01    1.000202E+00    1.000283E+00    2.671086E-04 
    83   -4.169160E-01    1.000175E+00    1.000245E+00    2.313697E-04 
    84   -4.159151E-01    1.000151E+00    1.000211E+00    1.995438E-04 
    85   -4.149143E-01    1.000130E+00    1.000182E+00    1.713548E-04 
    86   -4.139134E-01    1.000111E+00    1.000155E+00    1.465184E-04 
    87   -4.129125E-01    1.000095E+00    1.000132E+00    1.247492E-04 
    88   -4.119115E-01    1.000080E+00    1.000112E+00    1.057652E-04 
    89   -4.109106E-01    1.000068E+00    1.000095E+00    8.929296E-05 
    90   -4.099097E-01    1.000057E+00    1.000080E+00    7.507045E-05 
    91   -4.089087E-01    1.000048E+00    1.000067E+00    6.285012E-05 
    92   -4.079077E-01    1.000040E+00    1.000056E+00    5.240048E-05 
    93   -4.069068E-01    1.000033E+00    1.000047E+00    4.350731E-05 
    94   -4.059058E-01    1.000028E+00    1.000039E+00    3.597428E-05 
    95   -4.049048E-01    1.000023E+00    1.000032E+00    2.962300E-05 
    96   -4.039038E-01    1.000019E+00    1.000026E+00    2.429272E-05 
    97   -4.029028E-01    1.000015E+00    1.000021E+00    1.983973E-05 
    98   -4.019019E-01    1.000012E+00    1.000017E+00    1.613650E-05 
    99   -4.009009E-01    1.000010E+00    1.000014E+00    1.307065E-05 
   100   -3.998999E-01    1.000008E+00    1.000011E+00    1.054385E-05 
   101   -3.988989E-01    1.000007E+00    1.000009E+00    8.470587E-06 
   102   -3.978979E-01    1.000005E+00    1.000007E+00    6.777006E-06 
   103   -3.968969E-01    1.000004E+00    1.000006E+00    5.399690E-06 
   104   -3.958959E-01    1.000003E+00    1.000005E+00    4.284518E-06 
   105   -3.948949E-01    1.000003E+00    1.000004E+00    3.385569E-06 
   106   -3.938939E-01    1.000002E+00    1.000003E+00    2.664104E-06 
   107   -3.928929E-01    1.000002E+00    1.000002E+00    2.087626E-06 
   108   -3.918919E-01    1.000001E+00    1.000002E+00    1.629023E-06 
   109   -3.908909E-01    1.000001E+00    1.000001E+00    1.265798E-06 
   110   -3.898899E-01    1.000001E+00    1.000001E+00    9.793828E-07 
   111   -3.888889E-01    1.000001E+00    1.000001E+00    7.545332E-07 
   112   -3.878879E-01    1.000000E+00    1.000001E+00    5.787986E-07 
   113   -3.868869E-01    1.000000E+00    1.000001E+00    4.420624E-07 
   114   -3.858859E-01    1.000000E+00    1.000000E+00    3.361467E-07 
   115   -3.848849E-01    1.000000E+00    1.000000E+00    2.544740E-07 
   116   -3.838839E-01    1.000000E+00    1.000000E+00    1.917811E-07 
   117   -3.828829E-01    1.000000E+00    1.000000E+00    1.438772E-07 
   118   -3.818819E-01    1.000000E+00    1.000000E+00    1.074424E-07 
   119   -3.808809E-01    1.000000E+00    1.000000E+00    7.985993E-08 
   120   -3.798799E-01    1.000000E+00    1.000000E+00    5.907719E-08 
   121   -3.788789E-01    1.000000E+00    1.000000E+00    4.349248E-08 
   122   -3.778779E-01    1.000000E+00    1.000000E+00    3.186211E-08 
   123   -3.768769E-01    1.000000E+00    1.000000E+00    2.322522E-08 
   124   -3.758759E-01    1.000000E+00    1.000000E+00    1.684321E-08 
   125   -3.748749E-01    1.000000E+00    1.000000E+00    1.215122E-08 
   126   -3.738739E-01    1.000000E+00    1.000000E+00    8.719480E-09 
   127   -3.728729E-01    1.000000E+00    1.000000E+00    6.222660E-09 
   128   -3.718719E-01    1.000000E+00    1.000000E+00    4.415804E-09 
   129   -3.708709E-01    1.000000E+00    1.000000E+00    3.115428E-09 
   130   -3.698699E-01    1.000000E+00    1.000000E+00    2.184832E-09 
   131   -3.688689E-01    1.000000E+00    1.000000E+00    1.522716E-09 
   132   -3.678679E-01    1.000000E+00    1.000000E+00    1.054434E-09 
   133   -3.668669E-01    1.000000E+00    1.000000E+00    7.252765E-10 
   134   -3.658659E-01    1.000000E+00    1.000000E+00    4.953788E-10 
   135   -3.648649E-01    1.000000E+00    1.000000E+00    3.358719E-10 
   136   -3.638639E-01    1.000000E+00    1.000000E+00    2.259649E-10 
   137   -3.628629E-01    1.000000E+00    1.000000E+00    1.507797E-10 
   138   -3.618619E-01    1.000000E+00    1.000000E+00    9.973906E-11 
   139   -3.608609E-01    1.000000E+00    1.000000E+00    6.536655E-11 
   140   -3.598599E-01    1.000000E+00    1.000000E+00    4.241245E-11 
   141   -3.588589E-01    1.000000E+00    1.000000E+00    2.721992E-11 
   142   -3.578579E-01    1.000000E+00    1.000000E+00    1.725866E-11 
   143   -3.568569E-01    1.000000E+00    1.000000E+00    1.079408E-11 
   144   -3.558559E-01    1.000000E+00    1.000000E+00    6.646637E-12 
   145   -3.548549E-01    1.000000E+00    1.000000E+00    4.022737E-12 
   146   -3.538539E-01    1.000000E+00    1.000000E+00    2.387651E-12 
   147   -3.528529E-01    1.000000E+00    1.000000E+00    1.386758E-12 
   148   -3.518519E-01    1.000000E+00    1.000000E+00    7.849350E-13 
   149   -3.508509E-01    1.000000E+00    1.000000E+00    4.281415E-13 
   150   -3.498498E-01    1.000000E+00    1.000000E+00    2.210140E-13 
   151   -3.488488E-01    1.000000E+00    1.000000E+00    1.038776E-13 
   152   -3.478478E-01    1.000000E+00    1.000000E+00    4.068200E-14 
   153   -3.468468E-01    1.000000E+00    1.000000E+00    9.970047E-15 
   154   -3.458458E-01    1.000000E+00    1.000000E+00   -2.044558E-15 
   155   -3.448448E-01    1.000000E+00    1.000000E+00   -5.264056E-15 
   156   -3.438438E-01    1.000000E+00    1.000000E+00   -4.858031E-15 
   157   -3.428428E-01    1.000000E+00    1.000000E+00   -3.184877E-15 
   158   -3.418418E-01    1.000000E+00    1.000000E+00   -2.021117E-15 
   159   -3.408408E-01    1.000000E+00    1.000000E+00   -1.126254E-15 
   160   -3.398398E-01    1.000000E+00    1.000000E+00   -6.979387E-16 
   161   -3.388388E-01    1.000000E+00    1.000000E+00   -5.158970E-16 
   162   -3.378378E-01    1.000000E+00    1.000000E+00   -2.130805E-16 
   163   -3.368368E-01    1.000000E+00    1.000000E+00   -4.987454E-16 
   164   -3.358358E-01    1.000000E+00    1.000000E+00   -4.126388E-16 
   165   -3.348348E-01    1.000000E+00    1.000000E+00   -4.472536E-16 
   166   -3.338338E-01    1.000000E+00    1.000000E+00   -3.406289E-16 
   167   -3.328328E-01    1.000000E+00    1.000000E+00    1.201638E-18 
   168   -3.318318E-01    1.000000E+00    1.000000E+00   -1.551599E-16 
   169   -3.308308E-01    1.000000E+00    1.000000E+00   -1.357962E-16 
   170   -3.298298E-01    1.000000E+00    1.000000E+00   -2.388173E-16 
   171   -3.288288E-01    1.000000E+00    1.000000E+00   -2.437298E-16 
   172   -3.278278E-01    1.000000E+00    1.000000E+00   -2.457004E-16 
   173   -3.268268E-01    1.000000E+00    1.000000E+00   -5.593536E-16 
   174   -3.258258E-01    1.000000E+00    1.000000E+00   -7.295339E-16 
   175   -3.248248E-01    1.000000E+00    1.000000E+00   -8.657997E-16 
   176   -3.238238E-01    1.000000E+00    1.000000E+00   -7.150036E-16 
   177   -3.228228E-01    1.000000E+00    1.000000E+00   -9.048768E-17 
   178   -3.218218E-01    1.000000E+00    1.000000E+00    5.674866E-16 
   179   -3.208208E-01    1.000000E+00    1.000000E+00    1.243307E-15 
   180   -3.198198E-01    1.000000E+00    1.000000E+00    2.674798E-16 
   181   -3.188188E-01    1.000000E+00    1.000000E+00   -4.418835E-17 
   182   -3.178178E-01    1.000000E+00    1.000000E+00   -4.915242E-16 
   183   -3.168168E-01    1.000000E+00    1.000000E+00   -9.306502E-16 
   184   -3.158158E-01    1.000000E+00    1.000000E+00   -1.561879E-15 
   185   -3.148148E-01    1.000000E+00    1.000000E+00   -1.208265E-15 
   186   -3.138138E-01    1.000000E+00    1.000000E+00    4.666863E-16 
   187   -3.128128E-01    1.000000E+00    1.000000E+00    3.155433E-16 
   188   -3.118118E-01    1.000000E+00    1.000000E+00    7.859217E-16 
   189   -3.108108E-01    1.000000E+00    1.000000E+00    1.057050E-15 
   190   -3.098098E-01    1.000000E+00    1.000000E+00    5.133455E-16 
   191   -3.088088E-01    1.000000E+00    1.000000E+00    2.469052E-16 
   192   -3.078078E-01    1.000000E+00    1.000000E+00    1.493170E-16 
   193   -3.068068E-01    1.000000E+00    1.000000E+00    1.007256E-17 
   194   -3.058058E-01    1.000000E+00    1.000000E+00   -2.630386E-16 
   195   -3.048048E-01    1.000000E+00    1.000000E+00   -7.253076E-16 
   196   -3.038038E-01    1.000000E+00    1.000000E+00   -4.743354E-16 
   197   -3.028028E-01    1.000000E+00    1.000000E+00    1.941671E-16 
   198   -3.018018E-01    1.000000E+00    1.000000E+00    2.335471E-16 
   199   -3.008008E-01    1.000000E+00    1.000000E+00    9.335852E-16 
   200   -2.997998E-01    1.000000E+00    1.000000E+00    1.788978E-15 
   201   -2.987988E-01    1.000000E+00    1.000000E+00    9.802686E-16 
   202   -2.977978E-01    1.000000E+00    1.000000E+00    4.978012E-16 
   203   -2.967968E-01    1.000000E+00    1.000000E+00    1.636636E-16 
   204   -2.957958E-01    1.000000E+00    1.000000E+00   -2.146871E-16 
   205   -2.947948E-01    1.000000E+00    1.000000E+00   -1.062342E-15 
   206   -2.937938E-01    1.000000E+00    1.000000E+00   -2.451540E-16 
   207   -2.927928E-01    1.000000E+00    1.000000E+00   -1.487408E-16 
   208   -2.917918E-01    1.000000E+00    1.000000E+00    7.466316E-16 
   209   -2.907908E-01    1.000000E+00    1.000000E+00    6.845762E-16 
   210   -2.897898E-01    1.000000E+00    1.000000E+00    8.585479E-16 
   211   -2.887888E-01    1.000000E+00    1.000000E+00    5.180090E-16 
   212   -2.877878E-01    1.000000E+00    1.000000E+00    3.970117E-16 
   213   -2.867868E-01    1.000000E+00    1.000000E+00    1.635103E-16 
   214   -2.857858E-01    1.000000E+00    1.000000E+00    1.349958E-17 
   215   -2.847848E-01    1.000000E+00    1.000000E+00    8.758171E-17 
   216   -2.837838E-01    1.000000E+00    1.000000E+00    8.370716E-17 
   217   -2.827828E-01    1.000000E+00    1.000000E+00   -7.893640E-18 
   218   -2.817818E-01    1.000000E+00    1.000000E+00    5.144777E-17 
   219   -2.807808E-01    1.000000E+00    1.000000E+00   -2.692936E-17 
   220   -2.797798E-01    1.000000E+00    1.000000E+00   -1.376059E-16 
   221   -2.787788E-01    1.000000E+00    1.000000E+00    8.721310E-18 
   222   -2.777778E-01    1.000000E+00    1.000000E+00   -1.587441E-16 
   223   -2.767768E-01    1.000000E+00    1.000000E+00   -5.432848E-17 
   224   -2.757758E-01    1.000000E+00    1.000000E+00   -2.385660E-16 
   225   -2.747748E-01    1.000000E+00    1.000000E+00   -1.736161E-16 
   226   -2.737738E-01    1.000000E+00    1.000000E+00   -6.895430E-17 
   227   -2.727728E-01    1.000000E+00    1.000000E+00   -1.744769E-16 
   228   -2.717718E-01    1.000000E+00    1.000000E+00   -1.784471E-16 
   229   -2.707708E-01    1.000000E+00    1.000000E+00   -2.994873E-16 
   230   -2.697698E-01    1.000000E+00    1.000000E+00   -2.623865E-16 
   231   -2.687688E-01    1.000000E+00    1.000000E+00    1.900648E-16 
   232   -2.677678E-01    1.000000E+00    1.000000E+00    6.663856E-17 
   233   -2.667668E-01    1.000000E+00    1.000000E+00   -2.997566E-17 
   234   -2.657658E-01    1.000000E+00    1.000000E+00   -5.825811E-17 
   235   -2.647648E-01    1.000000E+00    1.000000E+00   -2.105329E-16 
   236   -2.637638E-01    1.000000E+00    1.000000E+00   -4.079935E-17 
   237   -2.627628E-01    1.000000E+00    1.000000E+00   -4.152421E-16 
   238   -2.617618E-01    1.000000E+00    1.000000E+00   -5.564676E-16 
   239   -2.607608E-01    1.000000E+00    1.000000E+00   -6.600385E-16 
   240   -2.597598E-01    1.000000E+00    1.000000E+00   -7.803095E-16 
   241   -2.587588E-01    1.000000E+00    1.000000E+00   -8.483646E-17 
   242   -2.577578E-01    1.000000E+00    1.000000E+00    2.165329E-16 
   243   -2.567568E-01    1.000000E+00    1.000000E+00    1.169961E-15 
   244   -2.557558E-01    1.000000E+00    1.000000E+00    2.694699E-16 
   245   -2.547548E-01    1.000000E+00    1.000000E+00   -1.567975E-16 
   246   -2.537538E-01    1.000000E+00    1.000000E+00   -3.677944E-16 
   247   -2.527528E-01    1.000000E+00    1.000000E+00   -9.599130E-16 
   248   -2.517518E-01    1.000000E+00    1.000000E+00   -1.782565E-15 
   249   -2.507508E-01    1.000000E+00    1.000000E+00   -1.244290E-15 
   250   -2.497497E-01    1.000000E+00    1.000000E+00    6.131585E-16 
   251   -2.487487E-01    1.000000E+00    1.000000E+00    3.707919E-16 
   252   -2.477477E-01    1.000000E+00    1.000000E+00    8.231134E-16 
   253   -2.467467E-01    1.000000E+00    1.000000E+00    1.060158E-15 
   254   -2.457457E-01    1.000000E+00    1.000000E+00    6.218503E-16 
   255   -2.447447E-01    1.000000E+00    1.000000E+00    3.548354E-16 
   256   -2.437437E-01    1.000000E+00    1.000000E+00    2.699536E-16 
   257   -2.427427E-01    1.000000E+00    1.000000E+00    3.691005E-16 
   258   -2.417417E-01    1.000000E+00    1.000000E+00    5.310445E-17 
   259   -2.407407E-01    1.000000E+00    1.000000E+00    9.943198E-17 
   260   -2.397397E-01    1.000000E+00    1.000000E+00    2.602932E-16 
   261   -2.387387E-01    1.000000E+00    1.000000E+00    1.853621E-16 
   262   -2.377377E-01    1.000000E+00    1.000000E+00    2.117010E-16 
   263   -2.367367E-01    1.000000E+00    1.000000E+00    1.762280E-16 
   264   -2.357357E-01    1.000000E+00    1.000000E+00    1.864771E-16 
   265   -2.347347E-01    1.000000E+00    1.000000E+00    4.299897E-18 
   266   -2.337337E-01    1.000000E+00    1.000000E+00   -1.547932E-16 
   267   -2.327327E-01    1.000000E+00    1.000000E+00   -6.048739E-16 
   268   -2.317317E-01    1.000000E+00    1.000000E+00   -6.995850E-16 
   269   -2.307307E-01    1.000000E+00    1.000000E+00   -3.276527E-16 
   270   -2.297297E-01    1.000000E+00    1.000000E+00   -2.926178E-16 
   271   -2.287287E-01    1.000000E+00    1.000000E+00    4.768757E-16 
   272   -2.277277E-01    1.000000E+00    1.000000E+00    1.127558E-15 
   273   -2.267267E-01    1.000000E+00    1.000000E+00    4.439627E-16 
   274   -2.257257E-01    1.000000E+00    1.000000E+00   -3.201544E-18 
   275   -2.247247E-01    1.000000E+00    1.000000E+00   -3.098889E-16 
   276   -2.237237E-01    1.000000E+00    1.000000E+00   -6.168745E-16 
   277   -2.227227E-01    1.000000E+00    1.000000E+00   -1.441326E-15 
   278   -2.217217E-01    1.000000E+00    1.000000E+00   -7.579678E-16 
   279   -2.207207E-01    1.000000E+00    1.000000E+00    8.993836E-17 
   280   -2.197197E-01    1.000000E+00    1.000000E+00    6.085295E-16 
   281   -2.187187E-01    1.000000E+00    1.000000E+00    6.299286E-16 
   282   -2.177177E-01    1.000000E+00    1.000000E+00    7.404762E-16 
   283   -2.167167E-01    1.000000E+00    1.000000E+00    3.137209E-16 
   284   -2.157157E-01    1.000000E+00    1.000000E+00    3.692472E-16 
   285   -2.147147E-01    1.000000E+00    1.000000E+00    7.592223E-17 
   286   -2.137137E-01    1.000000E+00    1.000000E+00    1.095148E-16 
   287   -2.127127E-01    1.000000E+00    1.000000E+00    6.619469E-17 
   288   -2.117117E-01    1.000000E+00    1.000000E+00   -1.660230E-16 
   289   -2.107107E-01    1.000000E+00    1.000000E+00   -9.625108E-18 
   290   -2.097097E-01    1.000000E+00    1.000000E+00   -2.308605E-17 
   291   -2.087087E-01    1.000000E+00    1.000000E+00   -8.148441E-17 
   292   -2.077077E-01    1.000000E+00    1.000000E+00   -2.117570E-16 
   293   -2.067067E-01    1.000000E+00    1.000000E+00   -3.751184E-16 
   294   -2.057057E-01    1.000000E+00    1.000000E+00   -8.500648E-16 
   295   -2.047047E-01    1.000000E+00    1.000000E+00   -8.135691E-16 
   296   -2.037037E-01    1.000000E+00    1.000000E+00   -5.204790E-16 
   297   -2.027027E-01    1.000000E+00    1.000000E+00    2.334252E-16 
   298   -2.017017E-01    1.000000E+00    1.000000E+00    9.595731E-16 
   299   -2.007007E-01    1.000000E+00    1.000000E+00    1.426460E-15 
   300   -1.996997E-01    1.000000E+00    1.000000E+00    8.383018E-16 
   301   -1.986987E-01    1.000000E+00    1.000000E+00    3.852269E-16 
   302   -1.976977E-01    1.000000E+00    1.000000E+00   -4.699840E-17 
   303   -1.966967E-01    1.000000E+00    1.000000E+00   -2.565964E-16 
   304   -1.956957E-01    1.000000E+00    1.000000E+00   -9.729567E-16 
   305   -1.946947E-01    1.000000E+00    1.000000E+00   -5.057722E-16 
   306   -1.936937E-01    1.000000E+00    1.000000E+00    2.716197E-16 
   307   -1.926927E-01    1.000000E+00    1.000000E+00    5.449123E-16 
   308   -1.916917E-01    1.000000E+00    1.000000E+00    4.914392E-16 
   309   -1.906907E-01    1.000000E+00    1.000000E+00    5.929888E-16 
   310   -1.896897E-01    1.000000E+00    1.000000E+00    2.101274E-16 
   311   -1.886887E-01    1.000000E+00    1.000000E+00    2.059676E-16 
   312   -1.876877E-01    1.000000E+00    1.000000E+00   -4.863976E-17 
   313   -1.866867E-01    1.000000E+00    1.000000E+00   -8.795830E-17 
   314   -1.856857E-01    1.000000E+00    1.000000E+00   -1.372038E-16 
   315   -1.846847E-01    1.000000E+00    1.000000E+00   -1.083154E-16 
   316   -1.836837E-01    1.000000E+00    1.000000E+00   -3.545789E-16 
   317   -1.826827E-01    1.000000E+00    1.000000E+00   -2.065214E-16 
   318   -1.816817E-01    1.000000E+00    1.000000E+00   -3.959460E-16 
   319   -1.806807E-01    1.000000E+00    1.000000E+00   -2.611841E-16 
   320   -1.796797E-01    1.000000E+00    1.000000E+00   -2.771869E-16 
   321   -1.786787E-01    1.000000E+00    1.000000E+00   -3.899085E-16 
   322   -1.776777E-01    1.000000E+00    1.000000E+00   -3.895863E-16 
   323   -1.766767E-01    1.000000E+00    1.000000E+00   -5.069453E-16 
   324   -1.756757E-01    1.000000E+00    1.000000E+00    2.180531E-16 
   325   -1.746747E-01    1.000000E+00    1.000000E+00   -2.126044E-17 
   326   -1.736737E-01    1.000000E+00    1.000000E+00   -3.651329E-17 
   327   -1.726727E-01    1.000000E+00    1.000000E+00   -4.108294E-17 
   328   -1.716717E-01    1.000000E+00    1.000000E+00   -8.597606E-17 
   329   -1.706707E-01    1.000000E+00    1.000000E+00   -2.524111E-16 
   330   -1.696697E-01    1.000000E+00    1.000000E+00   -4.026350E-16 
   331   -1.686687E-01    1.000000E+00    1.000000E+00   -9.952640E-16 
   332   -1.676677E-01    1.000000E+00    1.000000E+00   -6.879676E-16 
   333   -1.666667E-01    1.000000E+00    1.000000E+00   -9.439086E-16 
   334   -1.656657E-01    1.000000E+00    1.000000E+00    1.124432E-16 
   335   -1.646647E-01    1.000000E+00    1.000000E+00    7.642406E-16 
   336   -1.636637E-01    1.000000E+00    1.000000E+00    1.228641E-15 
   337   -1.626627E-01    1.000000E+00    1.000000E+00    5.723387E-16 
   338   -1.616617E-01    1.000000E+00    1.000000E+00    3.979520E-16 
   339   -1.606607E-01    1.000000E+00    1.000000E+00    3.865624E-16 
   340   -1.596597E-01    1.000000E+00    1.000000E+00    1.121256E-15 
   341   -1.586587E-01    1.000000E+00    1.000000E+00    2.531622E-15 
   342   -1.576577E-01    1.000000E+00    1.000000E+00    6.135398E-15 
   343   -1.566567E-01    1.000000E+00    1.000000E+00    1.147010E-14 
   344   -1.556557E-01    1.000000E+00    1.000000E+00    1.632647E-14 
   345   -1.546547E-01    1.000000E+00    1.000000E+00    1.790368E-14 
   346   -1.536537E-01    1.000000E+00    1.000000E+00    7.255587E-15 
   347   -1.526527E-01    1.000000E+00    1.000000E+00   -3.222501E-14 
   348   -1.516517E-01    1.000000E+00    1.000000E+00   -1.296157E-13 
   349   -1.506507E-01    1.000000E+00    1.000000E+00   -3.330993E-13 
   350   -1.496496E-01    1.000000E+00    1.000000E+00   -7.128258E-13 
   351   -1.486486E-01    1.000000E+00    1.000000E+00   -1.381876E-12 
   352   -1.476476E-01    1.000000E+00    1.000000E+00   -2.537602E-12 
   353   -1.466466E-01    1.000000E+00    1.000000E+00   -4.488824E-12 
   354   -1.456456E-01    1.000000E+00    1.000000E+00   -7.726674E-12 
   355   -1.446446E-01    1.000000E+00    1.000000E+00   -1.299980E-11 
   356   -1.436436E-01    1.000000E+00    1.000000E+00   -2.144315E-11 
   357   -1.426426E-01    1.000000E+00    1.000000E+00   -3.475723E-11 
   358   -1.416416E-01    1.000000E+00    1.000000E+00   -5.546597E-11 
   359   -1.406406E-01    1.000000E+00    1.000000E+00   -8.731304E-11 
   360   -1.396396E-01    1.000000E+00    1.000000E+00   -1.357690E-10 
   361   -1.386386E-01    1.000000E+00    1.000000E+00   -2.087806E-10 
   362   -1.376376E-01    1.000000E+00    1.000000E+00   -3.177926E-10 
   363   -1.366366E-01    1.000000E+00    1.000000E+00   -4.791394E-10 
   364   -1.356356E-01    1.000000E+00    1.000000E+00   -7.159800E-10 
   365   -1.346346E-01    1.000000E+00    1.000000E+00   -1.060909E-09 
   366   -1.336336E-01    1.000000E+00    1.000000E+00   -1.559507E-09 
   367   -1.326326E-01    1.000000E+00    1.000000E+00   -2.275106E-09 
   368   -1.316316E-01    1.000000E+00    1.000000E+00   -3.295106E-09 
   369   -1.306306E-01    1.000000E+00    1.000000E+00   -4.739397E-09 
   370   -1.296296E-01    1.000000E+00    1.000000E+00   -6.771363E-09 
   371   -1.286286E-01    1.000000E+00    1.000000E+00   -9.612314E-09 
   372   -1.276276E-01    1.000000E+00    1.000000E+00   -1.356024E-08 
   373   -1.266266E-01    1.000000E+00    1.000000E+00   -1.901401E-08 
   374   -1.256256E-01    1.000000E+00    1.000000E+00   -2.650442E-08 
   375   -1.246246E-01    1.000000E+00    1.000000E+00   -3.673372E-08 
   376   -1.236236E-01    1.000000E+00    1.000000E+00   -5.062570E-08 
   377   -1.226226E-01    1.000000E+00    1.000000E+00   -6.938862E-08 
   378   -1.216216E-01    1.000000E+00    1.000000E+00   -9.459376E-08 
   379   -1.206206E-01    1.000000E+00    1.000000E+00   -1.282729E-07 
   380   -1.196196E-01    1.000000E+00    1.000000E+00   -1.730385E-07 
   381   -1.186186E-01    1.000000E+00    1.000000E+00   -2.322304E-07 
   382   -1.176176E-01    1.000000E+00    1.000000E+00   -3.100941E-07 
   383   -1.166166E-01    1.000000E+00    1.000000E+00   -4.119952E-07 
   384   -1.156156E-01    1.000000E+00    1.000001E+00   -5.446764E-07 
   385   -1.146146E-01    1.000001E+00    1.000001E+00   -7.165610E-07 
   386   -1.136136E-01    1.000001E+00    1.000001E+00   -9.381097E-07 
   387   -1.126126E-01    1.000001E+00    1.000001E+00   -1.222236E-06 
   388   -1.116116E-01    1.000001E+00    1.000002E+00   -1.584785E-06 
   389   -1.106106E-01    1.000002E+00    1.000002E+00   -2.045080E-06 
   390   -1.096096E-01    1.000002E+00    1.000003E+00   -2.626532E-06 
   391   -1.086086E-01    1.000003E+00    1.000004E+00   -3.357328E-06 
   392   -1.076076E-01    1.000003E+00    1.000005E+00   -4.271180E-06 
   393   -1.066066E-01    1.000004E+00    1.000006E+00   -5.408125E-06 
   394   -1.056056E-01    1.000005E+00    1.000007E+00   -6.815382E-06 
   395   -1.046046E-01    1.000007E+00    1.000009E+00   -8.548232E-06 
   396   -1.036036E-01    1.000008E+00    1.000012E+00   -1.067089E-05 
   397   -1.026026E-01    1.000010E+00    1.000014E+00   -1.325737E-05 
   398   -1.016016E-01    1.000013E+00    1.000018E+00   -1.639220E-05 
   399   -1.006007E-01    1.000015E+00    1.000022E+00   -2.017113E-05 
   400   -9.959967E-02    1.000019E+00    1.000026E+00   -2.470150E-05 
   401   -9.859869E-02    1.000023E+00    1.000032E+00   -3.010239E-05 
   402   -9.759771E-02    1.000028E+00    1.000039E+00   -3.650442E-05 
   403   -9.659674E-02    1.000033E+00    1.000047E+00   -4.404903E-05 
   404   -9.559577E-02    1.000040E+00    1.000056E+00   -5.288718E-05 
   405   -9.459481E-02    1.000048E+00    1.000067E+00   -6.317734E-05 
   406   -9.359385E-02    1.000057E+00    1.000079E+00   -7.508266E-05 
   407   -9.259291E-02    1.000067E+00    1.000094E+00   -8.876712E-05 
   408   -9.159197E-02    1.000079E+00    1.000110E+00   -1.043907E-04 
   409   -9.059105E-02    1.000092E+00    1.000129E+00   -1.221033E-04 
   410   -8.959014E-02    1.000107E+00    1.000149E+00   -1.420374E-04 
   411   -8.858925E-02    1.000123E+00    1.000173E+00   -1.642995E-04 
   412   -8.758837E-02    1.000142E+00    1.000199E+00   -1.889603E-04 
   413   -8.658751E-02    1.000162E+00    1.000227E+00   -2.160436E-04 
   414   -8.558668E-02    1.000184E+00    1.000258E+00   -2.455141E-04 
   415   -8.458586E-02    1.000208E+00    1.000292E+00   -2.772638E-04 
   416   -8.358508E-02    1.000234E+00    1.000327E+00   -3.110973E-04 
   417   -8.258432E-02    1.000261E+00    1.000365E+00   -3.467176E-04 
   418   -8.158359E-02    1.000289E+00    1.000405E+00   -3.837142E-04 
   419   -8.058289E-02    1.000318E+00    1.000445E+00   -4.215548E-04 
   420   -7.958222E-02    1.000347E+00    1.000486E+00   -4.595776E-04 
   421   -7.858158E-02    1.000376E+00    1.000526E+00   -4.969653E-04 
   422   -7.758097E-02    1.000403E+00    1.000564E+00   -5.326544E-04 
   423   -7.658040E-02    1.000427E+00    1.000597E+00   -5.652013E-04 
   424   -7.557985E-02    1.000445E+00    1.000623E+00   -5.928847E-04 
   425   -7.457933E-02    1.000455E+00    1.000637E+00   -6.142028E-04 
   426   -7.357883E-02    1.000450E+00    1.000630E+00   -6.271615E-04 
   427   -7.257835E-02    1.000423E+00    1.000592E+00   -6.294600E-04 
   428   -7.157787E-02    1.000363E+00    1.000508E+00   -6.149736E-04 
   429   -7.057737E-02    1.000255E+00    1.000357E+00   -5.713991E-04 
   430   -6.957682E-02    1.000081E+00    1.000114E+00   -4.759161E-04 
   431   -6.857616E-02    9.998169E-01    9.997431E-01   -2.949032E-04 
   432   -6.757530E-02    9.994318E-01    9.992036E-01    7.395068E-06 
   433   -6.657413E-02    9.988902E-01    9.984447E-01    4.717637E-04 
   434   -6.557252E-02    9.981503E-01    9.974081E-01    1.145271E-03 
   435   -6.457027E-02    9.971653E-01    9.960282E-01    2.081277E-03 
   436   -6.356715E-02    9.958848E-01    9.942347E-01    3.341458E-03 
   437   -6.256284E-02    9.942558E-01    9.919539E-01    5.001880E-03 
   438   -6.155690E-02    9.922237E-01    9.891100E-01    7.153938E-03 
   439   -6.054885E-02    9.897321E-01    9.856255E-01    9.898469E-03 
   440   -5.953816E-02    9.867239E-01    9.814220E-01    1.333158E-02 
   441   -5.852431E-02    9.831427E-01    9.764233E-01    1.752682E-02 
   442   -5.750671E-02    9.789369E-01    9.705606E-01    2.253013E-02 
   443   -5.648472E-02    9.740639E-01    9.637794E-01    2.836555E-02 
   444   -5.545744E-02    9.684952E-01    9.560452E-01    3.506151E-02 
   445   -5.442378E-02    9.622169E-01    9.473460E-01    4.267092E-02 
   446   -5.338258E-02    9.552276E-01    9.376875E-01    5.127378E-02 
   447   -5.233282E-02    9.475310E-01    9.270833E-01    6.094888E-02 
   448   -5.127378E-02    9.391287E-01    9.155448E-01    7.172214E-02 
   449   -5.020494E-02    9.300169E-01    9.030759E-01    8.353697E-02 
   450   -4.912568E-02    9.201865E-01    8.896757E-01    9.631983E-02 
   451   -4.803485E-02    9.096315E-01    8.753497E-01    1.099508E-01 
   452   -4.693081E-02    8.983641E-01    8.601300E-01    1.243545E-01 
   453   -4.581159E-02    8.864260E-01    8.440893E-01    1.395795E-01 
   454   -4.467550E-02    8.738906E-01    8.273414E-01    1.557829E-01 
   455   -4.352151E-02    8.608483E-01    8.100201E-01    1.731506E-01 
   456   -4.234930E-02    8.473826E-01    7.922461E-01    1.917612E-01 
   457   -4.115861E-02    8.335519E-01    7.741045E-01    2.115534E-01 
   458   -3.994840E-02    8.193830E-01    7.556416E-01    2.324089E-01 
   459   -3.871691E-02    8.048903E-01    7.368909E-01    2.539162E-01 
   460   -3.746207E-02    7.901132E-01    7.179168E-01    2.755101E-01 
   461   -3.618230E-02    7.751486E-01    6.988531E-01    2.968737E-01 
   462   -3.487642E-02    7.601430E-01    6.798894E-01    3.180167E-01 
   463   -3.354381E-02    7.452510E-01    6.612183E-01    3.392147E-01 
   464   -3.218397E-02    7.305787E-01    6.429636E-01    3.609479E-01 
   465   -3.079693E-02    7.161429E-01    6.251382E-01    3.836079E-01 
   466   -2.938307E-02    7.018351E-01    6.076079E-01    4.070848E-01 
   467   -2.794205E-02    6.874421E-01    5.901181E-01    4.310900E-01 
   468   -2.647209E-02    6.727309E-01    5.723970E-01    4.553054E-01 
   469   -2.496911E-02    6.575602E-01    5.542888E-01    4.795419E-01 
   470   -2.342851E-02    6.419811E-01    5.358705E-01    5.038375E-01 
   471   -2.184703E-02    6.262705E-01    5.174792E-01    5.286033E-01 
   472   -2.022393E-02    6.108555E-01    4.996184E-01    5.546058E-01 
   473   -1.855943E-02    5.961578E-01    4.827660E-01    5.820750E-01 
   474   -1.685465E-02    5.825222E-01    4.672845E-01    6.102794E-01 
   475   -1.510995E-02    5.701670E-01    4.533762E-01    6.374947E-01 
   476   -1.332875E-02    5.591588E-01    4.410747E-01    6.617730E-01 
   477   -1.151690E-02    5.494535E-01    4.303032E-01    6.813875E-01 
   478   -9.677320E-03    5.412205E-01    4.212289E-01    6.945768E-01 
   479   -7.807774E-03    5.352102E-01    4.146311E-01    7.005506E-01 
   480   -5.908599E-03    5.324846E-01    4.115978E-01    7.016602E-01 
   481   -4.001885E-03    5.331800E-01    4.122407E-01    6.999291E-01 
   482   -2.133332E-03    5.358545E-01    4.150273E-01    6.958251E-01 
   483   -2.845874E-04    5.388291E-01    4.181473E-01    6.924975E-01 
   484    1.575979E-03    5.412819E-01    4.206930E-01    6.888915E-01 
   485    3.424439E-03    5.430490E-01    4.224852E-01    6.842909E-01 
   486    5.250154E-03    5.442899E-01    4.237141E-01    6.797355E-01 
   487    7.090769E-03    5.452528E-01    4.246117E-01    6.762978E-01 
   488    8.939449E-03    5.461196E-01    4.252792E-01    6.750712E-01 
   489    1.075993E-02    5.469805E-01    4.257314E-01    6.770650E-01 
   490    1.257440E-02    5.480304E-01    4.261232E-01    6.771531E-01 
   491    1.443335E-02    5.490809E-01    4.262744E-01    6.770087E-01 
   492    1.624695E-02    5.490906E-01    4.253283E-01    6.778574E-01 
   493    1.802442E-02    5.474603E-01    4.229945E-01    6.764780E-01 
   494    1.986002E-02    5.437804E-01    4.200684E-01    6.725444E-01 
   495    2.175547E-02    5.375940E-01    4.193423E-01    6.706240E-01 
   496    2.359791E-02    5.288086E-01    4.221064E-01    6.767595E-01 
   497    2.536084E-02    5.190443E-01    4.273509E-01    6.717512E-01 
   498    2.755861E-02    5.078426E-01    4.335555E-01    6.750601E-01 
   499    2.971663E-02    4.969071E-01    4.499312E-01    6.782644E-01 
   500    2.954698E-02    4.978213E-01    3.465297E-01    6.639178E-01 
   501    3.091818E-02    4.893918E-01    3.701423E-01    6.729954E-01 
   502    3.184150E-02    4.834471E-01    3.940228E-01    6.741981E-01 
   503    3.244722E-02    4.794001E-01    4.155819E-01    6.735895E-01 
   504    3.285011E-02    4.768287E-01    4.318371E-01    6.703883E-01 
   505    3.340433E-02    4.734277E-01    4.399658E-01    6.717579E-01 
   506    3.402091E-02    4.696422E-01    4.420115E-01    6.758296E-01 
   507    3.445486E-02    4.670601E-01    4.414129E-01    6.748490E-01 
   508    3.473274E-02    4.655362E-01    4.398269E-01    6.698719E-01 
   509    3.516304E-02    4.634628E-01    4.371612E-01    6.656642E-01 
   510    3.579146E-02    4.608382E-01    4.340706E-01    6.662760E-01 
   511    3.646122E-02    4.585320E-01    4.313958E-01    6.670079E-01 
   512    3.713702E-02    4.567713E-01    4.293148E-01    6.686216E-01 
   513    3.780052E-02    4.555930E-01    4.278751E-01    6.708736E-01 
   514    3.834178E-02    4.549912E-01    4.269936E-01    6.698090E-01 
   515    3.883192E-02    4.547010E-01    4.264272E-01    6.685426E-01 
   516    3.932526E-02    4.546166E-01    4.261133E-01    6.671612E-01 
   517    3.986434E-02    4.547121E-01    4.260840E-01    6.668382E-01 
   518    4.038572E-02    4.549148E-01    4.261840E-01    6.668789E-01 
   519    4.091584E-02    4.551780E-01    4.263621E-01    6.678645E-01 
   520    4.146510E-02    4.554439E-01    4.265446E-01    6.698256E-01 
   521    4.203556E-02    4.556598E-01    4.266785E-01    6.723592E-01 
   522    4.261507E-02    4.557647E-01    4.266732E-01    6.747582E-01 
   523    4.318232E-02    4.557328E-01    4.264989E-01    6.760992E-01 
   524    4.373223E-02    4.555905E-01    4.261803E-01    6.763712E-01 
   525    4.427699E-02    4.553506E-01    4.257387E-01    6.762891E-01 
   526    4.482267E-02    4.549966E-01    4.251464E-01    6.762394E-01 
   527    4.535991E-02    4.545349E-01    4.244144E-01    6.755779E-01 
   528    4.589172E-02    4.539940E-01    4.235766E-01    6.742807E-01 
   529    4.642728E-02    4.533922E-01    4.226659E-01    6.725316E-01 
   530    4.697161E-02    4.527489E-01    4.217106E-01    6.702939E-01 
   531    4.752674E-02    4.520910E-01    4.207489E-01    6.676120E-01 
   532    4.809178E-02    4.514559E-01    4.198295E-01    6.646417E-01 
   533    4.866120E-02    4.508882E-01    4.190070E-01    6.614958E-01 
   534    4.922902E-02    4.504310E-01    4.183340E-01    6.581621E-01 
   535    4.979177E-02    4.501192E-01    4.178520E-01    6.546450E-01 
   536    5.035005E-02    4.499768E-01    4.175905E-01    6.511412E-01 
   537    5.090523E-02    4.500192E-01    4.175699E-01    6.481254E-01 
   538    5.145975E-02    4.502521E-01    4.177969E-01    6.462609E-01 
   539    5.201543E-02    4.506700E-01    4.182692E-01    6.461835E-01 
   540    5.257309E-02    4.512521E-01    4.189573E-01    6.482655E-01 
   541    5.313208E-02    4.519602E-01    4.198181E-01    6.522593E-01 
   542    5.369072E-02    4.527397E-01    4.207736E-01    6.574607E-01 
   543    5.424732E-02    4.535250E-01    4.217456E-01    6.629789E-01 
   544    5.480034E-02    4.542440E-01    4.226295E-01    6.681158E-01 
   545    5.534995E-02    4.548224E-01    4.233376E-01    6.725076E-01 
   546    5.589600E-02    4.551822E-01    4.237547E-01    6.760168E-01 
   547    5.643951E-02    4.552452E-01    4.237886E-01    6.786284E-01 
   548    5.698065E-02    4.549327E-01    4.233220E-01    6.803829E-01 
   549    5.752087E-02    4.541675E-01    4.222650E-01    6.812160E-01 
   550    5.806055E-02    4.528780E-01    4.205114E-01    6.810541E-01 
   551    5.860120E-02    4.509951E-01    4.179796E-01    6.799110E-01 
   552    5.914343E-02    4.484574E-01    4.145817E-01    6.775320E-01 
   553    5.968861E-02    4.452107E-01    4.102561E-01    6.735923E-01 
   554    6.023766E-02    4.412129E-01    4.049464E-01    6.678831E-01 
   555    6.079207E-02    4.364272E-01    3.986147E-01    6.599767E-01 
   556    6.135326E-02    4.308331E-01    3.912488E-01    6.495113E-01 
   557    6.192294E-02    4.244212E-01    3.828455E-01    6.360967E-01 
   558    6.250321E-02    4.171884E-01    3.734314E-01    6.192563E-01 
   559    6.309598E-02    4.091535E-01    3.630453E-01    5.992850E-01 
   560    6.370393E-02    4.003422E-01    3.517602E-01    5.761443E-01 
   561    6.432873E-02    3.908166E-01    3.396791E-01    5.491839E-01 
   562    6.497327E-02    3.806498E-01    3.269368E-01    5.181310E-01 
   563    6.563947E-02    3.699499E-01    3.136903E-01    4.835125E-01 
   564    6.633017E-02    3.588400E-01    3.001358E-01    4.460080E-01 
   565    6.704659E-02    3.475016E-01    2.865112E-01    4.055241E-01 
   566    6.779067E-02    3.361269E-01    2.730702E-01    3.623719E-01 
   567    6.856327E-02    3.249343E-01    2.600680E-01    3.177944E-01 
   568    6.936527E-02    3.141414E-01    2.477565E-01    2.732409E-01 
   569    7.019607E-02    3.039725E-01    2.363624E-01    2.297215E-01 
   570    7.105467E-02    2.946157E-01    2.260639E-01    1.884721E-01 
   571    7.193922E-02    2.862195E-01    2.169785E-01    1.509605E-01 
   572    7.284726E-02    2.788769E-01    2.091582E-01    1.181891E-01 
   573    7.377564E-02    2.726214E-01    2.025879E-01    9.058491E-02 
   574    7.472111E-02    2.674230E-01    1.971931E-01    6.806975E-02 
   575    7.568045E-02    2.632062E-01    1.928591E-01    5.022312E-02 
   576    7.665077E-02    2.598610E-01    1.894476E-01    3.652560E-02 
   577    7.762950E-02    2.572630E-01    1.868129E-01    2.621212E-02 
   578    7.861455E-02    2.552827E-01    1.848125E-01    1.856801E-02 
   579    7.960427E-02    2.537980E-01    1.833168E-01    1.300620E-02 
   580    8.059739E-02    2.527021E-01    1.822145E-01    9.021275E-03 
   581    8.159294E-02    2.519040E-01    1.814126E-01    6.202540E-03 
   582    8.259020E-02    2.513298E-01    1.808358E-01    4.230471E-03 
   583    8.358865E-02    2.509210E-01    1.804252E-01    2.863864E-03 
   584    8.458793E-02    2.506329E-01    1.801359E-01    1.924829E-03 
   585    8.558778E-02    2.504317E-01    1.799337E-01    1.284635E-03 
   586    8.658802E-02    2.502923E-01    1.797937E-01    8.514445E-04 
   587    8.758851E-02    2.501965E-01    1.796975E-01    5.604043E-04 
   588    8.858918E-02    2.501312E-01    1.796319E-01    3.662168E-04 
   589    8.958997E-02    2.500870E-01    1.795875E-01    2.375426E-04 
   590    9.059083E-02    2.500573E-01    1.795576E-01    1.528749E-04 
   591    9.159174E-02    2.500375E-01    1.795377E-01    9.756474E-05 
   592    9.259268E-02    2.500243E-01    1.795245E-01    6.170519E-05 
   593    9.359365E-02    2.500157E-01    1.795158E-01    3.864157E-05 
   594    9.459463E-02    2.500100E-01    1.795101E-01    2.393462E-05 
   595    9.559562E-02    2.500064E-01    1.795064E-01    1.464380E-05 
   596    9.659661E-02    2.500040E-01    1.795040E-01    8.834242E-06 
   597    9.759760E-02    2.500025E-01    1.795025E-01    5.242974E-06 
   598    9.859860E-02    2.500015E-01    1.795015E-01    3.051569E-06 
   599    9.959960E-02    2.500009E-01    1.795009E-01    1.733785E-06 
   600    1.006006E-01    2.500006E-01    1.795006E-01    9.556210E-07 
   601    1.016016E-01    2.500003E-01    1.795003E-01    5.059622E-07 
   602    1.026026E-01    2.500002E-01    1.795002E-01    2.529620E-07 
   603    1.036036E-01    2.500001E-01    1.795001E-01    1.153722E-07 
   604    1.046046E-01    2.500001E-01    1.795001E-01    4.272053E-08 
   605    1.056056E-01    2.500000E-01    1.795000E-01    7.556389E-09 
   606    1.066066E-01    2.500000E-01    1.795000E-01   -6.516059E-09 
   607    1.076076E-01    2.500000E-01    1.795000E-01   -1.006685E-08 
   608    1.086086E-01    2.500000E-01    1.795000E-01   -9.114987E-09 
   609    1.096096E-01    2.500000E-01    1.795000E-01   -6.758451E-09 
   610    1.106106E-01    2.500000E-01    1.795000E-01   -4.475481E-09 
   611    1.116116E-01    2.500000E-01    1.795000E-01   -2.711053E-09 
   612    1.126126E-01    2.500000E-01    1.795000E-01   -1.507739E-09 
   613    1.136136E-01    2.500000E-01    1.795000E-01   -7.619245E-10 
   614    1.146146E-01    2.500000E-01    1.795000E-01   -3.335121E-10 
   615    1.156156E-01    2.500000E-01    1.795000E-01   -1.097034E-10 
   616    1.166166E-01    2.500000E-01    1.795000E-01   -4.343071E-12 
   617    1.176176E-01    2.500000E-01    1.795000E-01    3.870061E-11 
   618    1.186186E-01    2.500000E-01    1.795000E-01    5.089099E-11 
   619    1.196196E-01    2.500000E-01    1.795000E-01    4.895454E-11 
   620    1.206206E-01    2.500000E-01    1.795000E-01    4.166038E-11 
   621    1.216216E-01    2.500000E-01    1.795000E-01    3.290336E-11 
   622    1.226226E-01    2.500000E-01    1.795000E-01    2.471617E-11 
   623    1.236236E-01    2.500000E-01    1.795000E-01    1.787758E-11 
   624    1.246246E-01    2.500000E-01    1.795000E-01    1.253844E-11 
   625    1.256256E-01    2.500000E-01    1.795000E-01    8.568552E-12 
   626    1.266266E-01    2.500000E-01    1.795000E-01    5.723432E-12 
   627    1.276276E-01    2.500000E-01    1.795000E-01    3.740988E-12 
   628    1.286286E-01    2.500000E-01    1.795000E-01    2.394551E-12 
   629    1.296296E-01    2.500000E-01    1.795000E-01    1.500209E-12 
   630    1.306306E-01    2.500000E-01    1.795000E-01    9.190031E-13 
   631    1.316316E-01    2.500000E-01    1.795000E-01    5.494506E-13 
   632    1.326326E-01    2.500000E-01    1.795000E-01    3.203354E-13 
   633    1.336336E-01    2.500000E-01    1.795000E-01    1.807887E-13 
   634    1.346346E-01    2.500000E-01    1.795000E-01    9.796148E-14 
   635    1.356356E-01    2.500000E-01    1.795000E-01    5.055365E-14 
   636    1.366366E-01    2.500000E-01    1.795000E-01    2.389271E-14 
   637    1.376376E-01    2.500000E-01    1.795000E-01    9.375051E-15 
   638    1.386386E-01    2.500000E-01    1.795000E-01    2.523819E-15 
   639    1.396396E-01    2.500000E-01    1.795000E-01   -9.056611E-16 
   640    1.406406E-01    2.500000E-01    1.795000E-01   -1.384373E-15 
   641    1.416416E-01    2.500000E-01    1.795000E-01   -1.594809E-15 
   642    1.426426E-01    2.500000E-01    1.795000E-01   -1.341495E-15 
   643    1.436436E-01    2.500000E-01    1.795000E-01   -5.230003E-16 
   644    1.446446E-01    2.500000E-01    1.795000E-01   -7.719556E-16 
   645    1.456456E-01    2.500000E-01    1.795000E-01   -3.247822E-17 
   646    1.466466E-01    2.500000E-01    1.795000E-01   -4.102624E-16 
   647    1.476476E-01    2.500000E-01    1.795000E-01   -5.487941E-16 
   648    1.486486E-01    2.500000E-01    1.795000E-01   -1.897806E-17 
   649    1.496496E-01    2.500000E-01    1.795000E-01   -4.668112E-16 
   650    1.506507E-01    2.500000E-01    1.795000E-01    2.689954E-16 
   651    1.516517E-01    2.500000E-01    1.795000E-01   -1.952045E-16 
   652    1.526527E-01    2.500000E-01    1.795000E-01   -3.202236E-16 
   653    1.536537E-01    2.500000E-01    1.795000E-01    6.268978E-16 
   654    1.546547E-01    2.500000E-01    1.795000E-01    1.153028E-16 
   655    1.556557E-01    2.500000E-01    1.795000E-01    7.157030E-16 
   656    1.566567E-01    2.500000E-01    1.795000E-01    2.002648E-16 
   657    1.576577E-01    2.500000E-01    1.795000E-01    4.527247E-16 
   658    1.586587E-01    2.500000E-01    1.795000E-01    4.372687E-16 
   659    1.596597E-01    2.500000E-01    1.795000E-01    3.153709E-16 
   660    1.606607E-01    2.500000E-01    1.795000E-01    9.971602E-16 
   661    1.616617E-01    2.500000E-01    1.795000E-01    9.171549E-16 
   662    1.626627E-01    2.500000E-01    1.795000E-01    1.174746E-15 
   663    1.636637E-01    2.500000E-01    1.795000E-01    1.262399E-15 
   664    1.646647E-01    2.500000E-01    1.795000E-01    1.013796E-15 
   665    1.656657E-01    2.500000E-01    1.795000E-01    7.278453E-16 
   666    1.666667E-01    2.500000E-01    1.795000E-01    1.892940E-16 
   667    1.676677E-01    2.500000E-01    1.795000E-01   -8.016148E-16 
   668    1.686687E-01    2.500000E-01    1.795000E-01   -9.571579E-16 
   669    1.696697E-01    2.500000E-01    1.795000E-01   -1.306733E-15 
   670    1.706707E-01    2.500000E-01    1.795000E-01   -7.647475E-16 
   671    1.716717E-01    2.500000E-01    1.795000E-01    6.940705E-16 
   672    1.726727E-01    2.500000E-01    1.795000E-01    2.270104E-15 
   673    1.736737E-01    2.500000E-01    1.795000E-01    9.160425E-16 
   674    1.746747E-01    2.500000E-01    1.795000E-01    3.701041E-16 
   675    1.756757E-01    2.500000E-01    1.795000E-01   -3.040470E-16 
   676    1.766767E-01    2.500000E-01    1.795000E-01   -9.617767E-16 
   677    1.776777E-01    2.500000E-01    1.795000E-01   -2.467852E-15 
   678    1.786787E-01    2.500000E-01    1.795000E-01   -8.435573E-16 
   679    1.796797E-01    2.500000E-01    1.795000E-01    6.024158E-16 
   680    1.806807E-01    2.500000E-01    1.795000E-01    1.222501E-15 
   681    1.816817E-01    2.500000E-01    1.795000E-01    6.104861E-16 
   682    1.826827E-01    2.500000E-01    1.795000E-01    4.186196E-16 
   683    1.836837E-01    2.500000E-01    1.795000E-01   -3.847665E-16 
   684    1.846847E-01    2.500000E-01    1.795000E-01   -9.079194E-16 
   685    1.856857E-01    2.500000E-01    1.795000E-01   -1.253460E-15 
   686    1.866867E-01    2.500000E-01    1.795000E-01   -1.541811E-15 
   687    1.876877E-01    2.500000E-01    1.795000E-01   -1.288708E-15 
   688    1.886887E-01    2.500000E-01    1.795000E-01   -1.637781E-15 
   689    1.896897E-01    2.500000E-01    1.795000E-01   -1.207552E-15 
   690    1.906907E-01    2.500000E-01    1.795000E-01   -8.111304E-16 
   691    1.916917E-01    2.500000E-01    1.795000E-01   -6.125184E-16 
   692    1.926927E-01    2.500000E-01    1.795000E-01   -6.707036E-16 
   693    1.936937E-01    2.500000E-01    1.795000E-01   -9.160906E-16 
   694    1.946947E-01    2.500000E-01    1.795000E-01   -2.832949E-16 
   695    1.956957E-01    2.500000E-01    1.795000E-01   -4.643307E-16 
   696    1.966967E-01    2.500000E-01    1.795000E-01   -6.208945E-16 
   697    1.976977E-01    2.500000E-01    1.795000E-01   -1.634027E-16 
   698    1.986987E-01    2.500000E-01    1.795000E-01   -5.558039E-16 
   699    1.996997E-01    2.500000E-01    1.795000E-01    3.577575E-17 
   700    2.007007E-01    2.500000E-01    1.795000E-01   -3.201910E-16 
   701    2.017017E-01    2.500000E-01    1.795000E-01   -4.407253E-16 
   702    2.027027E-01    2.500000E-01    1.795000E-01    5.111605E-17 
   703    2.037037E-01    2.500000E-01    1.795000E-01   -4.837073E-16 
   704    2.047047E-01    2.500000E-01    1.795000E-01    7.561750E-17 
   705    2.057057E-01    2.500000E-01    1.795000E-01   -4.102624E-16 
   706    2.067067E-01    2.500000E-01    1.795000E-01   -4.407000E-16 
   707    2.077077E-01    2.500000E-01    1.795000E-01    8.911766E-17 
   708    2.087087E-01    2.500000E-01    1.795000E-01   -4.668112E-16 
   709    2.097097E-01    2.500000E-01    1.795000E-01    2.689954E-16 
   710    2.107107E-01    2.500000E-01    1.795000E-01   -1.952045E-16 
   711    2.117117E-01    2.500000E-01    1.795000E-01   -3.202236E-16 
   712    2.127127E-01    2.500000E-01    1.795000E-01    6.268978E-16 
   713    2.137137E-01    2.500000E-01    1.795000E-01    1.153028E-16 
   714    2.147147E-01    2.500000E-01    1.795000E-01    7.157030E-16 
   715    2.157157E-01    2.500000E-01    1.795000E-01    2.002648E-16 
   716    2.167167E-01    2.500000E-01    1.795000E-01    4.527247E-16 
   717    2.177177E-01    2.500000E-01    1.795000E-01    4.372687E-16 
   718    2.187187E-01    2.500000E-01    1.795000E-01    3.153709E-16 
   719    2.197197E-01    2.500000E-01    1.795000E-01    9.971602E-16 
   720    2.207207E-01    2.500000E-01    1.795000E-01    9.171549E-16 
   721    2.217217E-01    2.500000E-01    1.795000E-01    1.174746E-15 
   722    2.227227E-01    2.500000E-01    1.795000E-01    1.262399E-15 
   723    2.237237E-01    2.500000E-01    1.795000E-01    1.013796E-15 
   724    2.247247E-01    2.500000E-01    1.795000E-01    7.278453E-16 
   725    2.257257E-01    2.500000E-01    1.795000E-01    1.892940E-16 
   726    2.267267E-01    2.500000E-01    1.795000E-01   -8.016148E-16 
   727    2.277277E-01    2.500000E-01    1.795000E-01   -9.571579E-16 
   728    2.287287E-01    2.500000E-01    1.795000E-01   -1.306733E-15 
   729    2.297297E-01    2.500000E-01    1.795000E-01   -7.647475E-16 
   730    2.307307E-01    2.500000E-01    1.795000E-01    6.940705E-16 
   731    2.317317E-01    2.500000E-01    1.795000E-01    2.270104E-15 
   732    2.327327E-01    2.500000E-01    1.795000E-01    9.160425E-16 
   733    2.337337E-01    2.500000E-01    1.795000E-01    3.701041E-16 
   734    2.347347E-01    2.500000E-01    1.795000E-01   -3.040470E-16 
   735    2.357357E-01    2.500000E-01    1.795000E-01   -9.617767E-16 
   736    2.367367E-01    2.500000E-01    1.795000E-01   -2.467852E-15 
   737    2.377377E-01    2.500000E-01    1.795000E-01   -8.435573E-16 
   738    2.387387E-01    2.500000E-01    1.795000E-01    6.024158E-16 
   739    2.397397E-01    2.500000E-01    1.795000E-01    1.222501E-15 
   740    2.407407E-01    2.500000E-01    1.795000E-01    6.104861E-16 
   741    2.417417E-01    2.500000E-01    1.795000E-01    4.186196E-16 
   742    2.427427E-01    2.500000E-01    1.795000E-01   -3.847665E-16 
   743    2.437437E-01    2.500000E-01    1.795000E-01   -9.079194E-16 
   744    2.447447E-01    2.500000E-01    1.795000E-01   -1.253460E-15 
   745    2.457457E-01    2.500000E-01    1.795000E-01   -1.541811E-15 
   746    2.467467E-01    2.500000E-01    1.795000E-01   -1.288708E-15 
   747    2.477477E-01    2.500000E-01    1.795000E-01   -1.637781E-15 
   748    2.487487E-01    2.500000E-01    1.795000E-01   -1.207552E-15 
   749    2.497497E-01    2.500000E-01    1.795000E-01   -8.111304E-16 
   750    2.507508E-01    2.500000E-01    1.795000E-01   -6.125184E-16 
   751    2.517518E-01    2.500000E-01    1.795000E-01   -6.707036E-16 
   752    2.527528E-01    2.500000E-01    1.795000E-01   -9.160906E-16 
   753    2.537538E-01    2.500000E-01    1.795000E-01   -2.832949E-16 
   754    2.547548E-01    2.500000E-01    1.795000E-01   -4.643307E-16 
   755    2.557558E-01    2.500000E-01    1.795000E-01   -6.208945E-16 
   756    2.567568E-01    2.500000E-01    1.795000E-01   -1.634027E-16 
   757    2.577578E-01    2.500000E-01    1.795000E-01   -5.558039E-16 
   758    2.587588E-01    2.500000E-01    1.795000E-01    3.577575E-17 
   759    2.597598E-01    2.500000E-01    1.795000E-01   -3.201910E-16 
   760    2.607608E-01    2.500000E-01    1.795000E-01   -4.407253E-16 
   761    2.617618E-01    2.500000E-01    1.795000E-01    4.999006E-17 
   762    2.627628E-01    2.500000E-01    1.795000E-01   -4.837073E-16 
   763    2.637638E-01    2.500000E-01    1.795000E-01    7.406927E-17 
   764    2.647648E-01    2.500000E-01    1.795000E-01   -4.282783E-16 
   765    2.657658E-01    2.500000E-01    1.795000E-01   -4.407000E-16 
   766    2.667668E-01    2.500000E-01    1.795000E-01    4.999006E-17 
   767    2.677678E-01    2.500000E-01    1.795000E-01   -4.837008E-16 
   768    2.687688E-01    2.500000E-01    1.795000E-01    7.406927E-17 
   769    2.697698E-01    2.500000E-01    1.795000E-01   -4.282783E-16 
   770    2.707708E-01    2.500000E-01    1.795000E-01   -4.406984E-16 
   771    2.717718E-01    2.500000E-01    1.795000E-01    5.111605E-17 
   772    2.727728E-01    2.500000E-01    1.795000E-01   -4.837008E-16 
   773    2.737738E-01    2.500000E-01    1.795000E-01    7.561750E-17 
   774    2.747748E-01    2.500000E-01    1.795000E-01   -4.102624E-16 
   775    2.757758E-01    2.500000E-01    1.795000E-01   -4.406984E-16 
   776    2.767768E-01    2.500000E-01    1.795000E-01    8.911766E-17 
   777    2.777778E-01    2.500000E-01    1.795000E-01   -4.668112E-16 
   778    2.787788E-01    2.500000E-01    1.795000E-01    2.689954E-16 
   779    2.797798E-01    2.500000E-01    1.795000E-01   -1.952045E-16 
   780    2.807808E-01    2.500000E-01    1.795000E-01   -3.202236E-16 
   781    2.817818E-01    2.500000E-01    1.795000E-01    6.268978E-16 
   782    2.827828E-01    2.500000E-01    1.795000E-01    1.153028E-16 
   783    2.837838E-01    2.500000E-01    1.795000E-01    7.157030E-16 
   784    2.847848E-01    2.500000E-01    1.795000E-01    2.002648E-16 
   785    2.857858E-01    2.500000E-01    1.795000E-01    4.527247E-16 
   786    2.867868E-01    2.500000E-01    1.795000E-01    4.372687E-16 
   787    2.877878E-01    2.500000E-01    1.795000E-01    3.153709E-16 
   788    2.887888E-01    2.500000E-01    1.795000E-01    9.971602E-16 
   789    2.897898E-01    2.500000E-01    1.795000E-01    9.171549E-16 
   790    2.907908E-01    2.500000E-01    1.795000E-01    1.174746E-15 
   791    2.917918E-01    2.500000E-01    1.795000E-01    1.262399E-15 
   792    2.927928E-01    2.500000E-01    1.795000E-01    1.013796E-15 
   793    2.937938E-01    2.500000E-01    1.795000E-01    7.278453E-16 
   794    2.947948E-01    2.500000E-01    1.795000E-01    1.892940E-16 
   795    2.957958E-01    2.500000E-01    1.795000E-01   -8.016148E-16 
   796    2.967968E-01    2.500000E-01    1.795000E-01   -9.571579E-16 
   797    2.977978E-01    2.500000E-01    1.795000E-01   -1.306733E-15 
   798    2.987988E-01    2.500000E-01    1.795000E-01   -7.647475E-16 
   799    2.997998E-01    2.500000E-01    1.795000E-01    6.940705E-16 
   800    3.008008E-01    2.500000E-01    1.795000E-01    2.270104E-15 
   801    3.018018E-01    2.500000E-01    1.795000E-01    9.160425E-16 
   802    3.028028E-01    2.500000E-01    1.795000E-01    3.701041E-16 
   803    3.038038E-01    2.500000E-01    1.795000E-01   -3.040470E-16 
   804    3.048048E-01    2.500000E-01    1.795000E-01   -9.617767E-16 
   805    3.058058E-01    2.500000E-01    1.795000E-01   -2.467852E-15 
   806    3.068068E-01    2.500000E-01    1.795000E-01   -8.435573E-16 
   807    3.078078E-01    2.500000E-01    1.795000E-01    6.024158E-16 
   808    3.088088E-01    2.500000E-01    1.795000E-01    1.222501E-15 
   809    3.098098E-01    2.500000E-01    1.795000E-01    6.104861E-16 
   810    3.108108E-01    2.500000E-01    1.795000E-01    4.186196E-16 
   811    3.118118E-01    2.500000E-01    1.795000E-01   -3.847665E-16 
   812    3.128128E-01    2.500000E-01    1.795000E-01   -9.079194E-16 
   813    3.138138E-01    2.500000E-01    1.795000E-01   -1.253460E-15 
   814    3.148148E-01    2.500000E-01    1.795000E-01   -1.541811E-15 
   815    3.158158E-01    2.500000E-01    1.795000E-01   -1.288708E-15 
   816    3.168168E-01    2.500000E-01    1.795000E-01   -1.637781E-15 
   817    3.178178E-01    2.500000E-01    1.795000E-01   -1.207552E-15 
   818    3.188188E-01    2.500000E-01    1.795000E-01   -8.111304E-16 
   819    3.198198E-01    2.500000E-01    1.795000E-01   -6.125184E-16 
   820    3.208208E-01    2.500000E-01    1.795000E-01   -6.707036E-16 
   821    3.218218E-01    2.500000E-01    1.795000E-01   -9.160906E-16 
   822    3.228228E-01    2.500000E-01    1.795000E-01   -2.832949E-16 
   823    3.238238E-01    2.500000E-01    1.795000E-01   -4.643307E-16 
   824    3.248248E-01    2.500000E-01    1.795000E-01   -6.208945E-16 
   825    3.258258E-01    2.500000E-01    1.795000E-01   -1.634027E-16 
   826    3.268268E-01    2.500000E-01    1.795000E-01   -5.558039E-16 
   827    3.278278E-01    2.500000E-01    1.795000E-01    3.577575E-17 
   828    3.288288E-01    2.500000E-01    1.795000E-01   -3.201910E-16 
   829    3.298298E-01    2.500000E-01    1.795000E-01   -4.407253E-16 
   830    3.308308E-01    2.500000E-01    1.795000E-01    5.111605E-17 
   831    3.318318E-01    2.500000E-01    1.795000E-01   -4.837073E-16 
   832    3.328328E-01    2.500000E-01    1.795000E-01    7.561750E-17 
   833    3.338338E-01    2.500000E-01    1.795000E-01   -4.102624E-16 
   834    3.348348E-01    2.500000E-01    1.795000E-01   -4.407000E-16 
   835    3.358358E-01    2.500000E-01    1.795000E-01    8.911766E-17 
   836    3.368368E-01    2.500000E-01    1.795000E-01   -4.668112E-16 
   837    3.378378E-01    2.500000E-01    1.795000E-01    2.689954E-16 
   838    3.388388E-01    2.500000E-01    1.795000E-01   -1.952045E-16 
   839    3.398398E-01    2.500000E-01    1.795000E-01   -3.202236E-16 
   840    3.408408E-01    2.500000E-01    1.795000E-01    6.268978E-16 
   841    3.418418E-01    2.500000E-01    1.795000E-01    1.153028E-16 
   842    3.428428E-01    2.500000E-01    1.795000E-01    7.157030E-16 
   843    3.438438E-01    2.500000E-01    1.795000E-01    2.002648E-16 
   844    3.448448E-01    2.500000E-01    1.795000E-01    4.523025E-16 
   845    3.458458E-01    2.500000E-01    1.795000E-01    4.372687E-16 
   846    3.468468E-01    2.500000E-01    1.795000E-01    3.153709E-16 
   847    3.478478E-01    2.500000E-01    1.795000E-01    9.971602E-16 
   848    3.488488E-01    2.500000E-01    1.795000E-01    9.171549E-16 
   849    3.498498E-01    2.500000E-01    1.795000E-01    1.165738E-15 
   850    3.508509E-01    2.500000E-01    1.795000E-01    1.262399E-15 
   851    3.518519E-01    2.500000E-01    1.795000E-01    1.012670E-15 
   852    3.528529E-01    2.500000E-01    1.795000E-01    6.716861E-16 
   853    3.538539E-01    2.500000E-01    1.795000E-01    1.832418E-16 
   854    3.548549E-01    2.500000E-01    1.795000E-01   -8.045705E-16 
   855    3.558559E-01    2.500000E-01    1.795000E-01   -8.786195E-16 
   856    3.568569E-01    2.500000E-01    1.795000E-01   -1.395264E-15 
   857    3.578579E-01    2.500000E-01    1.795000E-01   -8.483524E-16 
   858    3.588589E-01    2.500000E-01    1.795000E-01    5.213717E-16 
   859    3.598599E-01    2.500000E-01    1.795000E-01    1.989591E-15 
   860    3.608609E-01    2.500000E-01    1.795000E-01    4.557936E-16 
   861    3.618619E-01    2.500000E-01    1.795000E-01   -3.996521E-16 
   862    3.628629E-01    2.500000E-01    1.795000E-01   -1.171484E-15 
   863    3.638639E-01    2.500000E-01    1.795000E-01   -2.095794E-15 
   864    3.648649E-01    2.500000E-01    1.795000E-01   -3.926434E-15 
   865    3.658659E-01    2.500000E-01    1.795000E-01   -2.621773E-15 
   866    3.668669E-01    2.500000E-01    1.795000E-01   -8.841548E-16 
   867    3.678679E-01    2.500000E-01    1.795000E-01    2.300266E-15 
   868    3.688689E-01    2.500000E-01    1.795000E-01    9.295779E-15 
   869    3.698699E-01    2.500000E-01    1.795000E-01    2.347827E-14 
   870    3.708709E-01    2.500000E-01    1.795000E-01    4.848247E-14 
   871    3.718719E-01    2.500000E-01    1.795000E-01    9.017423E-14 
   872    3.728729E-01    2.500000E-01    1.795000E-01    1.534262E-13 
   873    3.738739E-01    2.500000E-01    1.795000E-01    2.360895E-13 
   874    3.748749E-01    2.500000E-01    1.795000E-01    3.242219E-13 
   875    3.758759E-01    2.500000E-01    1.795000E-01    3.615519E-13 
   876    3.768769E-01    2.500000E-01    1.795000E-01    2.197577E-13 
   877    3.778779E-01    2.500000E-01    1.795000E-01   -3.418442E-13 
   878    3.788789E-01    2.500000E-01    1.795000E-01   -1.744917E-12 
   879    3.798799E-01    2.500000E-01    1.795000E-01   -4.651872E-12 
   880    3.808809E-01    2.500000E-01    1.795000E-01   -1.010815E-11 
   881    3.818819E-01    2.500000E-01    1.795000E-01   -2.003501E-11 
   882    3.828829E-01    2.500000E-01    1.795000E-01   -3.746858E-11 
   883    3.838839E-01    2.500000E-01    1.795000E-01   -6.722703E-11 
   884    3.848849E-01    2.500000E-01    1.795000E-01   -1.168433E-10 
   885    3.858859E-01    2.500000E-01    1.795000E-01   -1.978976E-10 
   886    3.868869E-01    2.500000E-01    1.795000E-01   -3.280706E-10 
   887    3.878879E-01    2.500000E-01    1.795000E-01   -5.340765E-10 
   888    3.888889E-01    2.500000E-01    1.795000E-01   -8.557190E-10 
   889    3.898899E-01    2.500000E-01    1.795000E-01   -1.351821E-09 
   890    3.908909E-01    2.500000E-01    1.795000E-01   -2.108503E-09 
   891    3.918919E-01    2.500000E-01    1.795000E-01   -3.250638E-09 
   892    3.928929E-01    2.500000E-01    1.795000E-01   -4.957878E-09 
   893    3.938939E-01    2.500000E-01    1.795000E-01   -7.486505E-09 
   894    3.948949E-01    2.500000E-01    1.795000E-01   -1.119914E-08 
   895    3.958959E-01    2.500000E-01    1.795000E-01   -1.660504E-08 
   896    3.968969E-01    2.500000E-01    1.795000E-01   -2.441388E-08 
   897    3.978979E-01    2.500000E-01    1.795000E-01   -3.560731E-08 
   898    3.988989E-01    2.500000E-01    1.795000E-01   -5.153343E-08 
   899    3.998999E-01    2.500000E-01    1.795000E-01   -7.403023E-08 
   900    4.009009E-01    2.500000E-01    1.795000E-01   -1.055859E-07 
   901    4.019019E-01    2.500000E-01    1.795000E-01   -1.495453E-07 
   902    4.029029E-01    2.500001E-01    1.795001E-01   -2.103735E-07 
   903    4.039039E-01    2.500001E-01    1.795001E-01   -2.939899E-07 
   904    4.049049E-01    2.500001E-01    1.795001E-01   -4.081871E-07 
   905    4.059059E-01    2.500002E-01    1.795002E-01   -5.631534E-07 
   906    4.069069E-01    2.500002E-01    1.795002E-01   -7.721160E-07 
   907    4.079079E-01    2.500003E-01    1.795003E-01   -1.052129E-06 
   908    4.089089E-01    2.500004E-01    1.795004E-01   -1.425024E-06 
   909    4.099099E-01    2.500005E-01    1.795005E-01   -1.918555E-06 
   910    4.109109E-01    2.500007E-01    1.795007E-01   -2.567750E-06 
   911    4.119119E-01    2.500009E-01    1.795009E-01   -3.416494E-06 
   912    4.129129E-01    2.500012E-01    1.795012E-01   -4.519365E-06 
   913    4.139139E-01    2.500015E-01    1.795015E-01   -5.943726E-06 
   914    4.149149E-01    2.500020E-01    1.795020E-01   -7.772080E-06 
   915    4.159159E-01    2.500026E-01    1.795026E-01   -1.010468E-05 
   916    4.169169E-01    2.500033E-01    1.795033E-01   -1.306234E-05 
   917    4.179179E-01    2.500042E-01    1.795042E-01   -1.678949E-05 
   918    4.189189E-01    2.500053E-01    1.795054E-01   -2.145724E-05 
   919    4.199198E-01    2.500067E-01    1.795068E-01   -2.726647E-05 
   920    4.209208E-01    2.500085E-01    1.795085E-01   -3.445076E-05 
   921    4.219218E-01    2.500106E-01    1.795106E-01   -4.327899E-05 
   922    4.229227E-01    2.500131E-01    1.795132E-01   -5.405736E-05 
   923    4.239237E-01    2.500162E-01    1.795163E-01   -6.713075E-05 
   924    4.249246E-01    2.500200E-01    1.795201E-01   -8.288287E-05 
   925    4.259256E-01    2.500244E-01    1.795245E-01   -1.017351E-04 
   926    4.269265E-01    2.500296E-01    1.795298E-01   -1.241432E-04 
   927    4.279274E-01    2.500358E-01    1.795360E-01   -1.505920E-04 
   928    4.289282E-01    2.500430E-01    1.795432E-01   -1.815865E-04 
   929    4.299290E-01    2.500514E-01    1.795516E-01   -2.176413E-04 
   930    4.309298E-01    2.500610E-01    1.795613E-01   -2.592667E-04 
   931    4.319306E-01    2.500720E-01    1.795724E-01   -3.069527E-04 
   932    4.329313E-01    2.500845E-01    1.795849E-01   -3.611504E-04 
   933    4.339320E-01    2.500986E-01    1.795991E-01   -4.222488E-04 
   934    4.349326E-01    2.501143E-01    1.796149E-01   -4.905454E-04 
   935    4.359331E-01    2.501317E-01    1.796324E-01   -5.662108E-04 
   936    4.369336E-01    2.501507E-01    1.796515E-01   -6.492527E-04 
   937    4.379340E-01    2.501715E-01    1.796724E-01   -7.394855E-04 
   938    4.389343E-01    2.501939E-01    1.796949E-01   -8.365167E-04 
   939    4.399345E-01    2.502177E-01    1.797189E-01   -9.397483E-04 
   940    4.409346E-01    2.502428E-01    1.797441E-01   -1.048381E-03 
   941    4.419346E-01    2.502690E-01    1.797705E-01   -1.161385E-03 
   942    4.429345E-01    2.502960E-01    1.797977E-01   -1.277424E-03 
   943    4.439342E-01    2.503235E-01    1.798253E-01   -1.394747E-03 
   944    4.449339E-01    2.503511E-01    1.798530E-01   -1.511146E-03 
   945    4.459334E-01    2.503782E-01    1.798803E-01   -1.624096E-03 
   946    4.469328E-01    2.504043E-01    1.799065E-01   -1.731133E-03 
   947    4.479322E-01    2.504288E-01    1.799311E-01   -1.830371E-03 
   948    4.489314E-01    2.504510E-01    1.799536E-01   -1.920763E-03 
   949    4.499304E-01    2.504707E-01    1.799734E-01   -2.001552E-03 
   950    4.509295E-01    2.504875E-01    1.799902E-01   -2.070441E-03 
   951    4.519284E-01    2.505009E-01    1.800037E-01   -2.121829E-03 
   952    4.529273E-01    2.505099E-01    1.800127E-01   -2.149562E-03 
   953    4.539263E-01    2.505127E-01    1.800156E-01   -2.147606E-03 
   954    4.549252E-01    2.505070E-01    1.800098E-01   -2.108012E-03 
   955    4.559240E-01    2.504909E-01    1.799936E-01   -2.040061E-03 
   956    4.569228E-01    2.504642E-01    1.799668E-01   -1.972565E-03 
   957    4.579215E-01    2.504289E-01    1.799313E-01   -1.931457E-03 
   958    4.589204E-01    2.503886E-01    1.798907E-01   -1.891421E-03 
   959    4.599198E-01    2.503457E-01    1.798476E-01   -1.745043E-03 
   960    4.609201E-01    2.503000E-01    1.798017E-01   -1.376985E-03 
   961    4.619212E-01    2.502489E-01    1.797503E-01   -8.065151E-04 
   962    4.629219E-01    2.501893E-01    1.796903E-01   -2.303402E-04 
   963    4.639212E-01    2.501220E-01    1.796226E-01    1.236756E-05 
   964    4.649194E-01    2.500542E-01    1.795545E-01   -6.456052E-05 
   965    4.659183E-01    2.499962E-01    1.794961E-01   -2.832897E-04 
   966    4.669202E-01    2.499567E-01    1.794565E-01   -4.218142E-04 
   967    4.679263E-01    2.499395E-01    1.794392E-01   -4.511140E-05 
   968    4.689329E-01    2.499384E-01    1.794381E-01    5.631767E-04 
   969    4.699334E-01    2.499427E-01    1.794424E-01    6.935802E-04 
   970    4.709289E-01    2.499498E-01    1.794495E-01    4.742523E-04 
   971    4.719234E-01    2.499609E-01    1.794607E-01    2.055592E-04 
   972    4.729221E-01    2.499750E-01    1.794748E-01   -7.038132E-05 
   973    4.739333E-01    2.499912E-01    1.794912E-01   -2.306488E-04 
   974    4.749460E-01    2.500044E-01    1.795045E-01   -8.562245E-05 
   975    4.759420E-01    2.500119E-01    1.795120E-01   -1.710864E-04 
   976    4.769358E-01    2.500103E-01    1.795104E-01   -9.980424E-05 
   977    4.779274E-01    2.500024E-01    1.795024E-01   -2.076698E-04 
   978    4.789216E-01    2.499997E-01    1.794998E-01   -5.077912E-04 
   979    4.799335E-01    2.500052E-01    1.795053E-01   -7.808533E-04 
   980    4.809496E-01    2.500048E-01    1.795050E-01   -2.800152E-04 
   981    4.819681E-01    2.499835E-01    1.794840E-01    7.319693E-04 
   982    4.829586E-01    2.499442E-01    1.794445E-01    8.806902E-04 
   983    4.839218E-01    2.499041E-01    1.794040E-01    1.776249E-04 
   984    4.848675E-01    2.498953E-01    1.793957E-01   -1.608853E-03 
   985    4.859600E-01    2.498707E-01    1.793715E-01    2.158524E-04 
   986    4.870008E-01    2.497929E-01    1.792954E-01    2.663382E-04 
   987    4.880061E-01    2.496615E-01    1.791645E-01    4.891820E-04 
   988    4.889699E-01    2.494356E-01    1.789344E-01    5.738724E-04 
   989    4.897793E-01    2.491368E-01    1.786102E-01   -1.354169E-03 
   990    4.909910E-01    2.486992E-01    1.785660E-01    0.000000E+00 
   991    4.919920E-01    2.484412E-01    1.783808E-01    0.000000E+00 
   992    4.929930E-01    2.478701E-01    1.779707E-01    0.000000E+00 
   993    4.939940E-01    2.462189E-01    1.767852E-01    0.000000E+00 
   994    4.949950E-01    2.423025E-01    1.739732E-01    0.000000E+00 
   995    4.959960E-01    2.343444E-01    1.682593E-01    0.000000E+00 
   996    4.969970E-01    2.205023E-01    1.583206E-01    0.000000E+00 
   997    4.979980E-01    1.999783E-01    1.435844E-01    0.000000E+00 
   998    4.989990E-01    1.731661E-01    1.243333E-01    0.000000E+00 
   999    5.000000E-01    1.416667E-01    1.017167E-01    0.000000E+00 
