     0   -5.000000E-01    5.666667E-01    5.666667E-01    0.000000E+00 
     1   -4.989990E-01    6.926585E-01    6.926585E-01    0.000000E+00 
     2   -4.979980E-01    7.998864E-01    7.998864E-01    0.000000E+00 
     3   -4.969970E-01    8.819555E-01    8.819555E-01    0.000000E+00 
     4   -4.959960E-01    9.372954E-01    9.372954E-01    0.000000E+00 
     5   -4.949950E-01    9.690999E-01    9.690999E-01    0.000000E+00 
     6   -4.939940E-01    9.847549E-01    9.847549E-01    0.000000E+00 
     7   -4.929930E-01    9.913829E-01    9.913829E-01    0.000000E+00 
     8   -4.919920E-01    9.937018E-01    9.937018E-01    0.000000E+00 
     9   -4.909910E-01    9.947742E-01    9.947742E-01    0.000000E+00 
    10   -4.897669E-01    9.965890E-01    9.950932E-01    8.482043E-04 
    11   -4.889761E-01    9.977709E-01    9.968920E-01   -3.915088E-04 
    12   -4.880105E-01    9.986900E-01    9.981943E-01   -3.382827E-04 
    13   -4.870019E-01    9.992302E-01    9.989429E-01   -1.833960E-04 
    14   -4.859631E-01    9.995359E-01    9.993595E-01   -3.100050E-05 
    15   -4.848484E-01    9.996234E-01    9.994790E-01    1.116336E-03 
    16   -4.839255E-01    9.996450E-01    9.995058E-01   -1.480076E-04 
    17   -4.829673E-01    9.997629E-01    9.996723E-01   -4.886424E-04 
    18   -4.819748E-01    9.998680E-01    9.998187E-01   -3.516725E-04 
    19   -4.809460E-01    9.999194E-01    9.998884E-01    1.150989E-04 
    20   -4.799237E-01    9.998996E-01    9.998605E-01    5.644982E-04 
    21   -4.789197E-01    9.998641E-01    9.998102E-01    1.914873E-04 
    22   -4.779308E-01    9.998846E-01    9.998388E-01   -1.915844E-04 
    23   -4.769404E-01    9.999358E-01    9.999105E-01   -2.873149E-04 
    24   -4.759394E-01    9.999672E-01    9.999542E-01    6.981070E-05 
    25   -4.749423E-01    9.999735E-01    9.999631E-01    1.015496E-04 
    26   -4.739295E-01    9.999706E-01    9.999590E-01    1.790797E-04 
    27   -4.729214E-01    9.999639E-01    9.999497E-01    7.063994E-05 
    28   -4.719230E-01    9.999737E-01    9.999632E-01   -2.269189E-05 
    29   -4.709290E-01    9.999931E-01    9.999905E-01   -6.499567E-05 
    30   -4.699343E-01    1.000013E+00    1.000019E+00   -9.202190E-05 
    31   -4.689312E-01    1.000022E+00    1.000031E+00    1.001199E-04 
    32   -4.679238E-01    1.000012E+00    1.000017E+00    1.784926E-04 
    33   -4.669196E-01    9.999988E-01    9.999985E-01    1.149483E-04 
    34   -4.659201E-01    9.999978E-01    9.999970E-01    3.103677E-05 
    35   -4.649225E-01    1.000008E+00    1.000011E+00   -1.775008E-05 
    36   -4.639246E-01    1.000016E+00    1.000022E+00    3.862000E-06 
    37   -4.629230E-01    1.000014E+00    1.000019E+00    8.367110E-05 
    38   -4.619193E-01    1.000005E+00    1.000007E+00    7.817892E-05 
    39   -4.609160E-01    9.999979E-01    9.999971E-01    2.848784E-05 
    40   -4.599150E-01    9.999978E-01    9.999970E-01   -1.272755E-05 
    41   -4.589160E-01    1.000003E+00    1.000005E+00   -4.475587E-05 
    42   -4.579171E-01    1.000010E+00    1.000014E+00   -2.491058E-05 
    43   -4.569163E-01    1.000013E+00    1.000018E+00    7.167638E-05 
    44   -4.559137E-01    1.000015E+00    1.000022E+00    8.744987E-05 
    45   -4.549109E-01    1.000021E+00    1.000029E+00    6.278770E-05 
    46   -4.539097E-01    1.000030E+00    1.000043E+00    4.090979E-05 
    47   -4.529099E-01    1.000043E+00    1.000060E+00    3.280894E-05 
    48   -4.519104E-01    1.000053E+00    1.000074E+00    5.716028E-05 
    49   -4.509099E-01    1.000056E+00    1.000079E+00    9.586750E-05 
    50   -4.499081E-01    1.000054E+00    1.000075E+00    1.060386E-04 
    51   -4.489059E-01    1.000048E+00    1.000068E+00    9.371729E-05 
    52   -4.479045E-01    1.000042E+00    1.000059E+00    7.835358E-05 
    53   -4.469043E-01    1.000035E+00    1.000049E+00    6.664407E-05 
    54   -4.459043E-01    1.000024E+00    1.000034E+00    5.982625E-05 
    55   -4.449038E-01    1.000008E+00    1.000011E+00    5.355863E-05 
    56   -4.439023E-01    9.999852E-01    9.999793E-01    4.086504E-05 
    57   -4.429004E-01    9.999585E-01    9.999419E-01    1.652654E-05 
    58   -4.418990E-01    9.999292E-01    9.999009E-01   -1.528743E-05 
    59   -4.408983E-01    9.998977E-01    9.998568E-01   -5.178658E-05 
    60   -4.398979E-01    9.998638E-01    9.998094E-01   -9.054375E-05 
    61   -4.388971E-01    9.998289E-01    9.997604E-01   -1.296562E-04 
    62   -4.378957E-01    9.997968E-01    9.997155E-01   -1.689424E-04 
    63   -4.368938E-01    9.997740E-01    9.996836E-01   -2.182046E-04 
    64   -4.358922E-01    9.997672E-01    9.996741E-01   -2.888440E-04 
    65   -4.348910E-01    9.997810E-01    9.996933E-01   -3.685836E-04 
    66   -4.338901E-01    9.998173E-01    9.997442E-01   -4.152494E-04 
    67   -4.328891E-01    9.998768E-01    9.998275E-01   -3.588752E-04 
    68   -4.318878E-01    9.999597E-01    9.999436E-01   -2.003037E-04 
    69   -4.308865E-01    1.000066E+00    1.000093E+00    6.107404E-06 
    70   -4.298853E-01    1.000195E+00    1.000273E+00    2.188639E-04 
    71   -4.288845E-01    1.000343E+00    1.000481E+00    4.194030E-04 
    72   -4.278840E-01    1.000504E+00    1.000706E+00    6.125447E-04 
    73   -4.268837E-01    1.000668E+00    1.000936E+00    8.102845E-04 
    74   -4.258835E-01    1.000828E+00    1.001159E+00    1.015797E-03 
    75   -4.248835E-01    1.000975E+00    1.001365E+00    1.218230E-03 
    76   -4.238836E-01    1.001106E+00    1.001548E+00    1.400037E-03 
    77   -4.228838E-01    1.001217E+00    1.001704E+00    1.547758E-03 
    78   -4.218841E-01    1.001309E+00    1.001833E+00    1.657684E-03 
    79   -4.208846E-01    1.001382E+00    1.001935E+00    1.733675E-03 
    80   -4.198851E-01    1.001436E+00    1.002011E+00    1.782510E-03 
    81   -4.188856E-01    1.001473E+00    1.002063E+00    1.810701E-03 
    82   -4.178862E-01    1.001495E+00    1.002094E+00    1.824486E-03 
    83   -4.168867E-01    1.001503E+00    1.002105E+00    1.827982E-03 
    84   -4.158872E-01    1.001501E+00    1.002102E+00    1.824110E-03 
    85   -4.148878E-01    1.001489E+00    1.002086E+00    1.813432E-03 
    86   -4.138883E-01    1.001471E+00    1.002060E+00    1.795873E-03 
    87   -4.128887E-01    1.001446E+00    1.002025E+00    1.771653E-03 
    88   -4.118892E-01    1.001416E+00    1.001983E+00    1.741102E-03 
    89   -4.108896E-01    1.001382E+00    1.001935E+00    1.704801E-03 
    90   -4.098900E-01    1.001343E+00    1.001881E+00    1.663218E-03 
    91   -4.088903E-01    1.001301E+00    1.001822E+00    1.616789E-03 
    92   -4.078906E-01    1.001256E+00    1.001759E+00    1.565986E-03 
    93   -4.068908E-01    1.001208E+00    1.001692E+00    1.511329E-03 
    94   -4.058910E-01    1.001158E+00    1.001622E+00    1.453368E-03 
    95   -4.048912E-01    1.001106E+00    1.001549E+00    1.392670E-03 
    96   -4.038913E-01    1.001053E+00    1.001475E+00    1.329801E-03 
    97   -4.028913E-01    1.000999E+00    1.001400E+00    1.265322E-03 
    98   -4.018913E-01    1.000945E+00    1.001324E+00    1.199777E-03 
    99   -4.008912E-01    1.000891E+00    1.001247E+00    1.133694E-03 
   100   -3.998910E-01    1.000837E+00    1.001172E+00    1.067571E-03 
   101   -3.988908E-01    1.000783E+00    1.001097E+00    1.001877E-03 
   102   -3.978906E-01    1.000731E+00    1.001024E+00    9.370433E-04 
   103   -3.968903E-01    1.000680E+00    1.000952E+00    8.734611E-04 
   104   -3.958899E-01    1.000631E+00    1.000883E+00    8.114786E-04 
   105   -3.948895E-01    1.000583E+00    1.000816E+00    7.514002E-04 
   106   -3.938891E-01    1.000537E+00    1.000752E+00    6.934850E-04 
   107   -3.928886E-01    1.000493E+00    1.000690E+00    6.379481E-04 
   108   -3.918881E-01    1.000451E+00    1.000632E+00    5.849609E-04 
   109   -3.908875E-01    1.000412E+00    1.000577E+00    5.346532E-04 
   110   -3.898869E-01    1.000375E+00    1.000525E+00    4.871155E-04 
   111   -3.888862E-01    1.000340E+00    1.000476E+00    4.424013E-04 
   112   -3.878855E-01    1.000307E+00    1.000430E+00    4.005306E-04 
   113   -3.868848E-01    1.000277E+00    1.000388E+00    3.614928E-04 
   114   -3.858841E-01    1.000249E+00    1.000349E+00    3.252506E-04 
   115   -3.848833E-01    1.000223E+00    1.000313E+00    2.917429E-04 
   116   -3.838825E-01    1.000199E+00    1.000279E+00    2.608890E-04 
   117   -3.828817E-01    1.000178E+00    1.000249E+00    2.325911E-04 
   118   -3.818808E-01    1.000158E+00    1.000221E+00    2.067385E-04 
   119   -3.808800E-01    1.000140E+00    1.000196E+00    1.832099E-04 
   120   -3.798791E-01    1.000123E+00    1.000173E+00    1.618765E-04 
   121   -3.788782E-01    1.000109E+00    1.000152E+00    1.426047E-04 
   122   -3.778773E-01    1.000095E+00    1.000134E+00    1.252584E-04 
   123   -3.768764E-01    1.000084E+00    1.000117E+00    1.097009E-04 
   124   -3.758754E-01    1.000073E+00    1.000102E+00    9.579675E-05 
   125   -3.748745E-01    1.000064E+00    1.000089E+00    8.341334E-05 
   126   -3.738736E-01    1.000055E+00    1.000077E+00    7.242207E-05 
   127   -3.728726E-01    1.000048E+00    1.000067E+00    6.269938E-05 
   128   -3.718716E-01    1.000041E+00    1.000058E+00    5.412755E-05 
   129   -3.708707E-01    1.000036E+00    1.000050E+00    4.659530E-05 
   130   -3.698697E-01    1.000031E+00    1.000043E+00    3.999813E-05 
   131   -3.688687E-01    1.000026E+00    1.000037E+00    3.423864E-05 
   132   -3.678678E-01    1.000022E+00    1.000031E+00    2.922653E-05 
   133   -3.668668E-01    1.000019E+00    1.000027E+00    2.487863E-05 
   134   -3.658658E-01    1.000016E+00    1.000023E+00    2.111878E-05 
   135   -3.648648E-01    1.000014E+00    1.000019E+00    1.787755E-05 
   136   -3.638638E-01    1.000012E+00    1.000016E+00    1.509204E-05 
   137   -3.628628E-01    1.000010E+00    1.000014E+00    1.270552E-05 
   138   -3.618618E-01    1.000008E+00    1.000011E+00    1.066705E-05 
   139   -3.608608E-01    1.000007E+00    1.000010E+00    8.931139E-06 
   140   -3.598598E-01    1.000006E+00    1.000008E+00    7.457322E-06 
   141   -3.588588E-01    1.000005E+00    1.000007E+00    6.209760E-06 
   142   -3.578578E-01    1.000004E+00    1.000006E+00    5.156854E-06 
   143   -3.568568E-01    1.000003E+00    1.000005E+00    4.270856E-06 
   144   -3.558558E-01    1.000003E+00    1.000004E+00    3.527499E-06 
   145   -3.548548E-01    1.000002E+00    1.000003E+00    2.905642E-06 
   146   -3.538538E-01    1.000002E+00    1.000003E+00    2.386941E-06 
   147   -3.528528E-01    1.000002E+00    1.000002E+00    1.955540E-06 
   148   -3.518518E-01    1.000001E+00    1.000002E+00    1.597782E-06 
   149   -3.508508E-01    1.000001E+00    1.000001E+00    1.301952E-06 
   150   -3.498498E-01    1.000001E+00    1.000001E+00    1.058031E-06 
   151   -3.488488E-01    1.000001E+00    1.000001E+00    8.574887E-07 
   152   -3.478478E-01    1.000001E+00    1.000001E+00    6.930809E-07 
   153   -3.468468E-01    1.000000E+00    1.000001E+00    5.586817E-07 
   154   -3.458458E-01    1.000000E+00    1.000000E+00    4.491267E-07 
   155   -3.448448E-01    1.000000E+00    1.000000E+00    3.600772E-07 
   156   -3.438438E-01    1.000000E+00    1.000000E+00    2.879011E-07 
   157   -3.428428E-01    1.000000E+00    1.000000E+00    2.295671E-07 
   158   -3.418418E-01    1.000000E+00    1.000000E+00    1.825545E-07 
   159   -3.408408E-01    1.000000E+00    1.000000E+00    1.447735E-07 
   160   -3.398398E-01    1.000000E+00    1.000000E+00    1.144976E-07 
   161   -3.388388E-01    1.000000E+00    1.000000E+00    9.030488E-08 
   162   -3.378378E-01    1.000000E+00    1.000000E+00    7.102800E-08 
   163   -3.368368E-01    1.000000E+00    1.000000E+00    5.571183E-08 
   164   -3.358358E-01    1.000000E+00    1.000000E+00    4.357729E-08 
   165   -3.348348E-01    1.000000E+00    1.000000E+00    3.399094E-08 
   166   -3.338338E-01    1.000000E+00    1.000000E+00    2.643935E-08 
   167   -3.328328E-01    1.000000E+00    1.000000E+00    2.050771E-08 
   168   -3.318318E-01    1.000000E+00    1.000000E+00    1.586194E-08 
   169   -3.308308E-01    1.000000E+00    1.000000E+00    1.223381E-08 
   170   -3.298298E-01    1.000000E+00    1.000000E+00    9.408606E-09 
   171   -3.288288E-01    1.000000E+00    1.000000E+00    7.215061E-09 
   172   -3.278278E-01    1.000000E+00    1.000000E+00    5.516929E-09 
   173   -3.268268E-01    1.000000E+00    1.000000E+00    4.206185E-09 
   174   -3.258258E-01    1.000000E+00    1.000000E+00    3.197447E-09 
   175   -3.248248E-01    1.000000E+00    1.000000E+00    2.423441E-09 
   176   -3.238238E-01    1.000000E+00    1.000000E+00    1.831321E-09 
   177   -3.228228E-01    1.000000E+00    1.000000E+00    1.379709E-09 
   178   -3.218218E-01    1.000000E+00    1.000000E+00    1.036310E-09 
   179   -3.208208E-01    1.000000E+00    1.000000E+00    7.759934E-10 
   180   -3.198198E-01    1.000000E+00    1.000000E+00    5.792661E-10 
   181   -3.188188E-01    1.000000E+00    1.000000E+00    4.310574E-10 
   182   -3.178178E-01    1.000000E+00    1.000000E+00    3.197533E-10 
   183   -3.168168E-01    1.000000E+00    1.000000E+00    2.364274E-10 
   184   -3.158158E-01    1.000000E+00    1.000000E+00    1.742472E-10 
   185   -3.148148E-01    1.000000E+00    1.000000E+00    1.279961E-10 
   186   -3.138138E-01    1.000000E+00    1.000000E+00    9.370634E-11 
   187   -3.128128E-01    1.000000E+00    1.000000E+00    6.836794E-11 
   188   -3.118118E-01    1.000000E+00    1.000000E+00    4.970929E-11 
   189   -3.108108E-01    1.000000E+00    1.000000E+00    3.601398E-11 
   190   -3.098098E-01    1.000000E+00    1.000000E+00    2.599999E-11 
   191   -3.088088E-01    1.000000E+00    1.000000E+00    1.870267E-11 
   192   -3.078078E-01    1.000000E+00    1.000000E+00    1.340419E-11 
   193   -3.068068E-01    1.000000E+00    1.000000E+00    9.571522E-12 
   194   -3.058058E-01    1.000000E+00    1.000000E+00    6.809318E-12 
   195   -3.048048E-01    1.000000E+00    1.000000E+00    4.823983E-12 
   196   -3.038038E-01    1.000000E+00    1.000000E+00    3.403493E-12 
   197   -3.028028E-01    1.000000E+00    1.000000E+00    2.390657E-12 
   198   -3.018018E-01    1.000000E+00    1.000000E+00    1.670292E-12 
   199   -3.008008E-01    1.000000E+00    1.000000E+00    1.161660E-12 
   200   -2.997998E-01    1.000000E+00    1.000000E+00    8.041008E-13 
   201   -2.987988E-01    1.000000E+00    1.000000E+00    5.535131E-13 
   202   -2.977978E-01    1.000000E+00    1.000000E+00    3.790731E-13 
   203   -2.967968E-01    1.000000E+00    1.000000E+00    2.596935E-13 
   204   -2.957958E-01    1.000000E+00    1.000000E+00    1.776363E-13 
   205   -2.947948E-01    1.000000E+00    1.000000E+00    1.212225E-13 
   206   -2.937938E-01    1.000000E+00    1.000000E+00    8.330490E-14 
   207   -2.927928E-01    1.000000E+00    1.000000E+00    5.712757E-14 
   208   -2.917918E-01    1.000000E+00    1.000000E+00    3.827988E-14 
   209   -2.907908E-01    1.000000E+00    1.000000E+00    2.489901E-14 
   210   -2.897898E-01    1.000000E+00    1.000000E+00    1.578606E-14 
   211   -2.887888E-01    1.000000E+00    1.000000E+00    9.140915E-15 
   212   -2.877878E-01    1.000000E+00    1.000000E+00    4.920606E-15 
   213   -2.867868E-01    1.000000E+00    1.000000E+00    2.531079E-15 
   214   -2.857858E-01    1.000000E+00    1.000000E+00    1.253080E-15 
   215   -2.847848E-01    1.000000E+00    1.000000E+00    6.574004E-16 
   216   -2.837838E-01    1.000000E+00    1.000000E+00    4.502550E-16 
   217   -2.827828E-01    1.000000E+00    1.000000E+00    3.209301E-16 
   218   -2.817818E-01    1.000000E+00    1.000000E+00    2.054459E-16 
   219   -2.807808E-01    1.000000E+00    1.000000E+00    1.307283E-16 
   220   -2.797798E-01    1.000000E+00    1.000000E+00    1.236484E-16 
   221   -2.787788E-01    1.000000E+00    1.000000E+00    2.024092E-16 
   222   -2.777778E-01    1.000000E+00    1.000000E+00    6.534231E-17 
   223   -2.767768E-01    1.000000E+00    1.000000E+00   -3.652690E-18 
   224   -2.757758E-01    1.000000E+00    1.000000E+00    7.223746E-17 
   225   -2.747748E-01    1.000000E+00    1.000000E+00    8.989976E-17 
   226   -2.737738E-01    1.000000E+00    1.000000E+00    7.744051E-17 
   227   -2.727728E-01    1.000000E+00    1.000000E+00   -2.470400E-17 
   228   -2.717718E-01    1.000000E+00    1.000000E+00   -7.976953E-17 
   229   -2.707708E-01    1.000000E+00    1.000000E+00   -1.362079E-16 
   230   -2.697698E-01    1.000000E+00    1.000000E+00   -1.351381E-16 
   231   -2.687688E-01    1.000000E+00    1.000000E+00    4.930411E-17 
   232   -2.677678E-01    1.000000E+00    1.000000E+00    2.316541E-18 
   233   -2.667668E-01    1.000000E+00    1.000000E+00   -1.059901E-16 
   234   -2.657658E-01    1.000000E+00    1.000000E+00   -1.584759E-16 
   235   -2.647648E-01    1.000000E+00    1.000000E+00   -2.803597E-16 
   236   -2.637638E-01    1.000000E+00    1.000000E+00   -1.556579E-16 
   237   -2.627628E-01    1.000000E+00    1.000000E+00   -3.814528E-16 
   238   -2.617618E-01    1.000000E+00    1.000000E+00   -6.293798E-16 
   239   -2.607608E-01    1.000000E+00    1.000000E+00   -8.098065E-16 
   240   -2.597598E-01    1.000000E+00    1.000000E+00   -7.881939E-16 
   241   -2.587588E-01    1.000000E+00    1.000000E+00   -4.025303E-16 
   242   -2.577578E-01    1.000000E+00    1.000000E+00    1.361554E-16 
   243   -2.567568E-01    1.000000E+00    1.000000E+00    1.207683E-15 
   244   -2.557558E-01    1.000000E+00    1.000000E+00    2.931240E-16 
   245   -2.547548E-01    1.000000E+00    1.000000E+00   -4.418280E-17 
   246   -2.537538E-01    1.000000E+00    1.000000E+00   -5.366964E-16 
   247   -2.527528E-01    1.000000E+00    1.000000E+00   -9.317618E-16 
   248   -2.517518E-01    1.000000E+00    1.000000E+00   -1.772443E-15 
   249   -2.507508E-01    1.000000E+00    1.000000E+00   -1.157576E-15 
   250   -2.497497E-01    1.000000E+00    1.000000E+00    7.380152E-16 
   251   -2.487487E-01    1.000000E+00    1.000000E+00    9.236793E-16 
   252   -2.477477E-01    1.000000E+00    1.000000E+00    6.643320E-16 
   253   -2.467467E-01    1.000000E+00    1.000000E+00    1.065794E-15 
   254   -2.457457E-01    1.000000E+00    1.000000E+00    5.109212E-16 
   255   -2.447447E-01    1.000000E+00    1.000000E+00    3.905772E-16 
   256   -2.437437E-01    1.000000E+00    1.000000E+00    2.312342E-16 
   257   -2.427427E-01    1.000000E+00    1.000000E+00    4.365371E-16 
   258   -2.417417E-01    1.000000E+00    1.000000E+00    1.099619E-16 
   259   -2.407407E-01    1.000000E+00    1.000000E+00    1.737499E-16 
   260   -2.397397E-01    1.000000E+00    1.000000E+00    2.129969E-16 
   261   -2.387387E-01    1.000000E+00    1.000000E+00    2.045009E-16 
   262   -2.377377E-01    1.000000E+00    1.000000E+00    1.463869E-16 
   263   -2.367367E-01    1.000000E+00    1.000000E+00    1.807304E-16 
   264   -2.357357E-01    1.000000E+00    1.000000E+00   -4.212321E-17 
   265   -2.347347E-01    1.000000E+00    1.000000E+00   -5.651182E-17 
   266   -2.337337E-01    1.000000E+00    1.000000E+00   -1.708372E-16 
   267   -2.327327E-01    1.000000E+00    1.000000E+00   -6.904593E-16 
   268   -2.317317E-01    1.000000E+00    1.000000E+00   -6.072467E-16 
   269   -2.307307E-01    1.000000E+00    1.000000E+00   -6.423883E-16 
   270   -2.297297E-01    1.000000E+00    1.000000E+00   -5.414823E-16 
   271   -2.287287E-01    1.000000E+00    1.000000E+00    3.394932E-16 
   272   -2.277277E-01    1.000000E+00    1.000000E+00    1.020017E-15 
   273   -2.267267E-01    1.000000E+00    1.000000E+00    3.414879E-16 
   274   -2.257257E-01    1.000000E+00    1.000000E+00   -1.115936E-16 
   275   -2.247247E-01    1.000000E+00    1.000000E+00   -4.340377E-16 
   276   -2.237237E-01    1.000000E+00    1.000000E+00   -8.059222E-16 
   277   -2.227227E-01    1.000000E+00    1.000000E+00   -1.512554E-15 
   278   -2.217217E-01    1.000000E+00    1.000000E+00   -8.370708E-16 
   279   -2.207207E-01    1.000000E+00    1.000000E+00    8.500476E-17 
   280   -2.197197E-01    1.000000E+00    1.000000E+00    8.269772E-16 
   281   -2.187187E-01    1.000000E+00    1.000000E+00    5.396888E-16 
   282   -2.177177E-01    1.000000E+00    1.000000E+00    1.469898E-16 
   283   -2.167167E-01    1.000000E+00    1.000000E+00   -9.363250E-16 
   284   -2.157157E-01    1.000000E+00    1.000000E+00   -2.417398E-15 
   285   -2.147147E-01    1.000000E+00    1.000000E+00   -4.935308E-15 
   286   -2.137137E-01    1.000000E+00    1.000000E+00   -8.298030E-15 
   287   -2.127127E-01    1.000000E+00    1.000000E+00   -1.288353E-14 
   288   -2.117117E-01    1.000000E+00    1.000000E+00   -2.048543E-14 
   289   -2.107107E-01    1.000000E+00    1.000000E+00   -3.188962E-14 
   290   -2.097097E-01    1.000000E+00    1.000000E+00   -4.931981E-14 
   291   -2.087087E-01    1.000000E+00    1.000000E+00   -7.540306E-14 
   292   -2.077077E-01    1.000000E+00    1.000000E+00   -1.141684E-13 
   293   -2.067067E-01    1.000000E+00    1.000000E+00   -1.710406E-13 
   294   -2.057057E-01    1.000000E+00    1.000000E+00   -2.546224E-13 
   295   -2.047047E-01    1.000000E+00    1.000000E+00   -3.764444E-13 
   296   -2.037037E-01    1.000000E+00    1.000000E+00   -5.546607E-13 
   297   -2.027027E-01    1.000000E+00    1.000000E+00   -8.127908E-13 
   298   -2.017017E-01    1.000000E+00    1.000000E+00   -1.187097E-12 
   299   -2.007007E-01    1.000000E+00    1.000000E+00   -1.725081E-12 
   300   -1.996997E-01    1.000000E+00    1.000000E+00   -2.495063E-12 
   301   -1.986987E-01    1.000000E+00    1.000000E+00   -3.589460E-12 
   302   -1.976977E-01    1.000000E+00    1.000000E+00   -5.139183E-12 
   303   -1.966967E-01    1.000000E+00    1.000000E+00   -7.321881E-12 
   304   -1.956957E-01    1.000000E+00    1.000000E+00   -1.038475E-11 
   305   -1.946947E-01    1.000000E+00    1.000000E+00   -1.466500E-11 
   306   -1.936937E-01    1.000000E+00    1.000000E+00   -2.062368E-11 
   307   -1.926927E-01    1.000000E+00    1.000000E+00   -2.888565E-11 
   308   -1.916917E-01    1.000000E+00    1.000000E+00   -4.029939E-11 
   309   -1.906907E-01    1.000000E+00    1.000000E+00   -5.600485E-11 
   310   -1.896897E-01    1.000000E+00    1.000000E+00   -7.753438E-11 
   311   -1.886887E-01    1.000000E+00    1.000000E+00   -1.069390E-10 
   312   -1.876877E-01    1.000000E+00    1.000000E+00   -1.469509E-10 
   313   -1.866867E-01    1.000000E+00    1.000000E+00   -2.012002E-10 
   314   -1.856857E-01    1.000000E+00    1.000000E+00   -2.744922E-10 
   315   -1.846847E-01    1.000000E+00    1.000000E+00   -3.731643E-10 
   316   -1.836837E-01    1.000000E+00    1.000000E+00   -5.055461E-10 
   317   -1.826827E-01    1.000000E+00    1.000000E+00   -6.825466E-10 
   318   -1.816817E-01    1.000000E+00    1.000000E+00   -9.184008E-10 
   319   -1.806807E-01    1.000000E+00    1.000000E+00   -1.231624E-09 
   320   -1.796797E-01    1.000000E+00    1.000000E+00   -1.646210E-09 
   321   -1.786787E-01    1.000000E+00    1.000000E+00   -2.193147E-09 
   322   -1.776777E-01    1.000000E+00    1.000000E+00   -2.912321E-09 
   323   -1.766767E-01    1.000000E+00    1.000000E+00   -3.854893E-09 
   324   -1.756757E-01    1.000000E+00    1.000000E+00   -5.086254E-09 
   325   -1.746747E-01    1.000000E+00    1.000000E+00   -6.689708E-09 
   326   -1.736737E-01    1.000000E+00    1.000000E+00   -8.771003E-09 
   327   -1.726727E-01    1.000000E+00    1.000000E+00   -1.146393E-08 
   328   -1.716717E-01    1.000000E+00    1.000000E+00   -1.493715E-08 
   329   -1.706707E-01    1.000000E+00    1.000000E+00   -1.940258E-08 
   330   -1.696697E-01    1.000000E+00    1.000000E+00   -2.512554E-08 
   331   -1.686687E-01    1.000000E+00    1.000000E+00   -3.243708E-08 
   332   -1.676677E-01    1.000000E+00    1.000000E+00   -4.174879E-08 
   333   -1.666667E-01    1.000000E+00    1.000000E+00   -5.357058E-08 
   334   -1.656657E-01    1.000000E+00    1.000000E+00   -6.853201E-08 
   335   -1.646647E-01    1.000000E+00    1.000000E+00   -8.740749E-08 
   336   -1.636637E-01    1.000000E+00    1.000000E+00   -1.111463E-07 
   337   -1.626627E-01    1.000000E+00    1.000000E+00   -1.409077E-07 
   338   -1.616617E-01    1.000000E+00    1.000000E+00   -1.781024E-07 
   339   -1.606607E-01    1.000000E+00    1.000000E+00   -2.244406E-07 
   340   -1.596597E-01    1.000000E+00    1.000000E+00   -2.819878E-07 
   341   -1.586587E-01    1.000000E+00    1.000000E+00   -3.532294E-07 
   342   -1.576577E-01    1.000000E+00    1.000000E+00   -4.411442E-07 
   343   -1.566567E-01    1.000000E+00    1.000001E+00   -5.492885E-07 
   344   -1.556557E-01    1.000001E+00    1.000001E+00   -6.818917E-07 
   345   -1.546547E-01    1.000001E+00    1.000001E+00   -8.439625E-07 
   346   -1.536537E-01    1.000001E+00    1.000001E+00   -1.041409E-06 
   347   -1.526527E-01    1.000001E+00    1.000001E+00   -1.281170E-06 
   348   -1.516517E-01    1.000001E+00    1.000002E+00   -1.571362E-06 
   349   -1.506507E-01    1.000001E+00    1.000002E+00   -1.921432E-06 
   350   -1.496497E-01    1.000002E+00    1.000003E+00   -2.342332E-06 
   351   -1.486487E-01    1.000002E+00    1.000003E+00   -2.846698E-06 
   352   -1.476477E-01    1.000003E+00    1.000004E+00   -3.449037E-06 
   353   -1.466467E-01    1.000003E+00    1.000004E+00   -4.165920E-06 
   354   -1.456457E-01    1.000004E+00    1.000005E+00   -5.016185E-06 
   355   -1.446447E-01    1.000005E+00    1.000006E+00   -6.021126E-06 
   356   -1.436437E-01    1.000006E+00    1.000008E+00   -7.204680E-06 
   357   -1.426427E-01    1.000007E+00    1.000009E+00   -8.593598E-06 
   358   -1.416417E-01    1.000008E+00    1.000011E+00   -1.021759E-05 
   359   -1.406407E-01    1.000009E+00    1.000013E+00   -1.210945E-05 
   360   -1.396397E-01    1.000011E+00    1.000015E+00   -1.430508E-05 
   361   -1.386387E-01    1.000013E+00    1.000018E+00   -1.684354E-05 
   362   -1.376377E-01    1.000015E+00    1.000021E+00   -1.976698E-05 
   363   -1.366367E-01    1.000018E+00    1.000025E+00   -2.312044E-05 
   364   -1.356357E-01    1.000020E+00    1.000029E+00   -2.695159E-05 
   365   -1.346348E-01    1.000024E+00    1.000033E+00   -3.131038E-05 
   366   -1.336338E-01    1.000028E+00    1.000039E+00   -3.624846E-05 
   367   -1.326328E-01    1.000032E+00    1.000044E+00   -4.181845E-05 
   368   -1.316318E-01    1.000036E+00    1.000051E+00   -4.807312E-05 
   369   -1.306309E-01    1.000042E+00    1.000059E+00   -5.506424E-05 
   370   -1.296299E-01    1.000048E+00    1.000067E+00   -6.284131E-05 
   371   -1.286290E-01    1.000054E+00    1.000076E+00   -7.145000E-05 
   372   -1.276280E-01    1.000061E+00    1.000086E+00   -8.093042E-05 
   373   -1.266271E-01    1.000069E+00    1.000097E+00   -9.131512E-05 
   374   -1.256262E-01    1.000078E+00    1.000109E+00   -1.026269E-04 
   375   -1.246252E-01    1.000087E+00    1.000122E+00   -1.148762E-04 
   376   -1.236243E-01    1.000098E+00    1.000137E+00   -1.280588E-04 
   377   -1.226234E-01    1.000108E+00    1.000152E+00   -1.421528E-04 
   378   -1.216225E-01    1.000120E+00    1.000168E+00   -1.571158E-04 
   379   -1.206217E-01    1.000132E+00    1.000185E+00   -1.728821E-04 
   380   -1.196208E-01    1.000145E+00    1.000203E+00   -1.893597E-04 
   381   -1.186199E-01    1.000158E+00    1.000222E+00   -2.064274E-04 
   382   -1.176191E-01    1.000172E+00    1.000241E+00   -2.239319E-04 
   383   -1.166183E-01    1.000186E+00    1.000261E+00   -2.416846E-04 
   384   -1.156175E-01    1.000200E+00    1.000281E+00   -2.594608E-04 
   385   -1.146167E-01    1.000214E+00    1.000300E+00   -2.769995E-04 
   386   -1.136159E-01    1.000228E+00    1.000319E+00   -2.940026E-04 
   387   -1.126151E-01    1.000241E+00    1.000338E+00   -3.101231E-04 
   388   -1.116144E-01    1.000253E+00    1.000354E+00   -3.249273E-04 
   389   -1.106136E-01    1.000263E+00    1.000369E+00   -3.378586E-04 
   390   -1.096129E-01    1.000271E+00    1.000379E+00   -3.483981E-04 
   391   -1.086122E-01    1.000274E+00    1.000384E+00   -3.559630E-04 
   392   -1.076115E-01    1.000271E+00    1.000380E+00   -3.600382E-04 
   393   -1.066108E-01    1.000259E+00    1.000362E+00   -3.593734E-04 
   394   -1.056101E-01    1.000233E+00    1.000326E+00   -3.512728E-04 
   395   -1.046094E-01    1.000187E+00    1.000262E+00   -3.300280E-04 
   396   -1.036087E-01    1.000115E+00    1.000161E+00   -2.862924E-04 
   397   -1.026079E-01    1.000007E+00    1.000010E+00   -2.086302E-04 
   398   -1.016070E-01    9.998515E-01    9.997919E-01   -8.501025E-05 
   399   -1.006060E-01    9.996345E-01    9.994880E-01    9.988771E-05 
   400   -9.960484E-02    9.993399E-01    9.990755E-01    3.649837E-04 
   401   -9.860341E-02    9.989490E-01    9.985281E-01    7.328173E-04 
   402   -9.760162E-02    9.984403E-01    9.978158E-01    1.229432E-03 
   403   -9.659937E-02    9.977899E-01    9.969050E-01    1.884058E-03 
   404   -9.559649E-02    9.969715E-01    9.957594E-01    2.729416E-03 
   405   -9.459283E-02    9.959575E-01    9.943402E-01    3.801361E-03 
   406   -9.358816E-02    9.947189E-01    9.926072E-01    5.139008E-03 
   407   -9.258224E-02    9.932262E-01    9.905196E-01    6.784622E-03 
   408   -9.157479E-02    9.914504E-01    9.880371E-01    8.781719E-03 
   409   -9.056548E-02    9.893630E-01    9.851212E-01    1.117276E-02 
   410   -8.955397E-02    9.869378E-01    9.817359E-01    1.399624E-02 
   411   -8.853989E-02    9.841516E-01    9.778503E-01    1.728454E-02 
   412   -8.752282E-02    9.809852E-01    9.734394E-01    2.106354E-02 
   413   -8.650231E-02    9.774252E-01    9.684863E-01    2.535372E-02 
   414   -8.547785E-02    9.734640E-01    9.629832E-01    3.017213E-02 
   415   -8.444895E-02    9.691003E-01    9.569309E-01    3.553195E-02 
   416   -8.341509E-02    9.643382E-01    9.503381E-01    4.143992E-02 
   417   -8.237578E-02    9.591857E-01    9.432190E-01    4.789121E-02 
   418   -8.133058E-02    9.536534E-01    9.355919E-01    5.486586E-02 
   419   -8.027903E-02    9.477534E-01    9.274768E-01    6.232918E-02 
   420   -7.922067E-02    9.414984E-01    9.188952E-01    7.023880E-02 
   421   -7.815498E-02    9.349020E-01    9.098696E-01    7.855696E-02 
   422   -7.708143E-02    9.279783E-01    9.004231E-01    8.725993E-02 
   423   -7.599951E-02    9.207417E-01    8.905793E-01    9.635246E-02 
   424   -7.490872E-02    9.132045E-01    8.803588E-01    1.058858E-01 
   425   -7.380863E-02    9.053747E-01    8.697764E-01    1.158975E-01 
   426   -7.269884E-02    8.972549E-01    8.588399E-01    1.264018E-01 
   427   -7.157887E-02    8.888443E-01    8.475526E-01    1.373850E-01 
   428   -7.044815E-02    8.801424E-01    8.359190E-01    1.488179E-01 
   429   -6.930596E-02    8.711556E-01    8.239531E-01    1.606725E-01 
   430   -6.815153E-02    8.619022E-01    8.116844E-01    1.729413E-01 
   431   -6.698415E-02    8.524135E-01    7.991592E-01    1.856415E-01 
   432   -6.580320E-02    8.427310E-01    7.864362E-01    1.987961E-01 
   433   -6.460823E-02    8.328995E-01    7.735774E-01    2.123773E-01 
   434   -6.339891E-02    8.229612E-01    7.606404E-01    2.263472E-01 
   435   -6.217487E-02    8.129514E-01    7.476732E-01    2.406862E-01 
   436   -6.093561E-02    8.028981E-01    7.347144E-01    2.552950E-01 
   437   -5.968058E-02    7.928292E-01    7.218016E-01    2.699816E-01 
   438   -5.840928E-02    7.827798E-01    7.089805E-01    2.846018E-01 
   439   -5.712136E-02    7.727944E-01    6.963074E-01    2.990693E-01 
   440   -5.581651E-02    7.629207E-01    6.838414E-01    3.133860E-01 
   441   -5.449454E-02    7.531990E-01    6.716309E-01    3.276739E-01 
   442   -5.315539E-02    7.436495E-01    6.596975E-01    3.420069E-01 
   443   -5.179922E-02    7.342580E-01    6.480207E-01    3.563482E-01 
   444   -5.042621E-02    7.249686E-01    6.365284E-01    3.706374E-01 
   445   -4.903622E-02    7.156932E-01    6.251107E-01    3.848664E-01 
   446   -4.762860E-02    7.063311E-01    6.136449E-01    3.991198E-01 
   447   -4.620228E-02    6.967965E-01    6.020294E-01    4.135209E-01 
   448   -4.475605E-02    6.870415E-01    5.902105E-01    4.282751E-01 
   449   -4.328864E-02    6.770622E-01    5.781900E-01    4.436509E-01 
   450   -4.179886E-02    6.668910E-01    5.660123E-01    4.599008E-01 
   451   -4.028565E-02    6.565745E-01    5.537375E-01    4.771525E-01 
   452   -3.874819E-02    6.461557E-01    5.414193E-01    4.952762E-01 
   453   -3.718571E-02    6.356596E-01    5.290897E-01    5.139042E-01 
   454   -3.559734E-02    6.251020E-01    5.167707E-01    5.326424E-01 
   455   -3.398189E-02    6.145203E-01    5.045088E-01    5.512470E-01 
   456   -3.233787E-02    6.039992E-01    4.924037E-01    5.697189E-01 
   457   -3.066419E-02    5.936783E-01    4.806127E-01    5.879109E-01 
   458   -2.896081E-02    5.837353E-01    4.693311E-01    6.057386E-01 
   459   -2.722851E-02    5.743462E-01    4.587481E-01    6.231623E-01 
   460   -2.546830E-02    5.656532E-01    4.490121E-01    6.401823E-01 
   461   -2.368164E-02    5.577640E-01    4.402294E-01    6.564602E-01 
   462   -2.187089E-02    5.507595E-01    4.324738E-01    6.712635E-01 
   463   -2.003861E-02    5.447213E-01    4.258174E-01    6.838361E-01 
   464   -1.818733E-02    5.397995E-01    4.204071E-01    6.933930E-01 
   465   -1.631971E-02    5.362501E-01    4.165061E-01    6.993862E-01 
   466   -1.444016E-02    5.343286E-01    4.143801E-01    7.017686E-01 
   467   -1.255692E-02    5.340498E-01    4.140396E-01    7.003561E-01 
   468   -1.067960E-02    5.350456E-01    4.150851E-01    6.970259E-01 
   469   -8.811074E-03    5.367214E-01    4.168698E-01    6.938568E-01 
   470   -6.949047E-03    5.385441E-01    4.188100E-01    6.907903E-01 
   471   -5.094419E-03    5.402134E-01    4.205769E-01    6.876662E-01 
   472   -3.245726E-03    5.416702E-01    4.221116E-01    6.843700E-01 
   473   -1.398792E-03    5.429542E-01    4.234647E-01    6.813888E-01 
   474    4.438740E-04    5.440568E-01    4.246251E-01    6.793374E-01 
   475    2.278896E-03    5.449355E-01    4.255308E-01    6.780977E-01 
   476    4.112300E-03    5.456335E-01    4.262173E-01    6.771870E-01 
   477    5.950938E-03    5.462217E-01    4.267708E-01    6.765143E-01 
   478    7.782318E-03    5.466748E-01    4.271929E-01    6.763618E-01 
   479    9.606427E-03    5.469541E-01    4.274391E-01    6.762561E-01 
   480    1.143710E-02    5.471545E-01    4.275798E-01    6.758090E-01 
   481    1.327551E-02    5.473836E-01    4.277177E-01    6.752749E-01 
   482    1.509831E-02    5.475998E-01    4.278351E-01    6.750966E-01 
   483    1.691879E-02    5.477835E-01    4.279182E-01    6.748461E-01 
   484    1.875585E-02    5.480201E-01    4.280496E-01    6.744159E-01 
   485    2.058647E-02    5.483012E-01    4.282216E-01    6.743479E-01 
   486    2.240031E-02    5.485296E-01    4.283452E-01    6.745295E-01 
   487    2.422255E-02    5.487806E-01    4.284648E-01    6.741036E-01 
   488    2.606191E-02    5.492023E-01    4.286448E-01    6.737513E-01 
   489    2.788596E-02    5.496607E-01    4.286547E-01    6.741042E-01 
   490    2.968026E-02    5.500656E-01    4.283425E-01    6.738824E-01 
   491    3.151255E-02    5.504774E-01    4.277974E-01    6.729262E-01 
   492    3.335850E-02    5.503692E-01    4.267212E-01    6.735835E-01 
   493    3.514547E-02    5.490134E-01    4.246935E-01    6.748128E-01 
   494    3.692218E-02    5.455865E-01    4.220136E-01    6.725844E-01 
   495    3.882326E-02    5.394877E-01    4.213931E-01    6.732199E-01 
   496    4.072227E-02    5.305282E-01    4.240631E-01    6.737411E-01 
   497    4.240076E-02    5.209721E-01    4.294007E-01    6.725283E-01 
   498    4.461362E-02    5.085769E-01    4.343022E-01    6.728389E-01 
   499    4.690726E-02    4.956553E-01    4.486292E-01    6.777229E-01 
   500    4.620127E-02    4.994993E-01    3.475315E-01    6.562418E-01 
   501    4.792049E-02    4.894654E-01    3.701928E-01    6.694247E-01 
   502    4.890883E-02    4.834638E-01    3.941775E-01    6.723498E-01 
   503    4.951321E-02    4.797394E-01    4.161396E-01    6.727202E-01 
   504    4.984204E-02    4.778282E-01    4.331003E-01    6.702438E-01 
   505    5.043139E-02    4.746154E-01    4.415715E-01    6.706831E-01 
   506    5.118100E-02    4.706895E-01    4.436969E-01    6.752483E-01 
   507    5.160514E-02    4.685992E-01    4.437076E-01    6.753805E-01 
   508    5.181953E-02    4.676017E-01    4.426874E-01    6.744608E-01 
   509    5.216282E-02    4.661354E-01    4.406747E-01    6.715101E-01 
   510    5.282456E-02    4.636602E-01    4.378150E-01    6.724939E-01 
   511    5.350743E-02    4.615286E-01    4.353700E-01    6.726787E-01 
   512    5.418168E-02    4.598425E-01    4.333721E-01    6.723024E-01 
   513    5.485516E-02    4.585604E-01    4.317922E-01    6.723334E-01 
   514    5.539066E-02    4.577784E-01    4.306626E-01    6.725458E-01 
   515    5.587583E-02    4.572174E-01    4.297337E-01    6.730977E-01 
   516    5.635149E-02    4.567734E-01    4.289411E-01    6.729767E-01 
   517    5.686453E-02    4.564345E-01    4.283380E-01    6.716847E-01 
   518    5.737063E-02    4.562267E-01    4.279000E-01    6.711264E-01 
   519    5.789782E-02    4.560955E-01    4.275628E-01    6.710544E-01 
   520    5.845983E-02    4.560208E-01    4.273007E-01    6.714282E-01 
   521    5.905558E-02    4.560020E-01    4.271276E-01    6.720914E-01 
   522    5.966746E-02    4.560198E-01    4.270083E-01    6.728666E-01 
   523    6.024374E-02    4.560564E-01    4.269235E-01    6.727517E-01 
   524    6.077786E-02    4.561265E-01    4.268833E-01    6.719637E-01 
   525    6.130653E-02    4.562390E-01    4.269044E-01    6.711247E-01 
   526    6.185441E-02    4.563770E-01    4.269566E-01    6.713593E-01 
   527    6.239016E-02    4.565080E-01    4.270013E-01    6.716579E-01 
   528    6.291448E-02    4.566350E-01    4.270379E-01    6.717270E-01 
   529    6.344357E-02    4.567580E-01    4.270753E-01    6.719093E-01 
   530    6.398632E-02    4.568708E-01    4.271077E-01    6.723052E-01 
   531    6.454247E-02    4.569669E-01    4.271300E-01    6.726673E-01 
   532    6.510725E-02    4.570448E-01    4.271401E-01    6.728149E-01 
   533    6.567352E-02    4.571070E-01    4.271380E-01    6.728129E-01 
   534    6.623465E-02    4.571557E-01    4.271231E-01    6.727919E-01 
   535    6.678684E-02    4.571883E-01    4.270882E-01    6.728190E-01 
   536    6.732977E-02    4.572026E-01    4.270294E-01    6.728069E-01 
   537    6.786494E-02    4.572019E-01    4.269516E-01    6.726918E-01 
   538    6.839707E-02    4.571910E-01    4.268602E-01    6.724940E-01 
   539    6.893136E-02    4.571731E-01    4.267641E-01    6.722541E-01 
   540    6.947209E-02    4.571501E-01    4.266630E-01    6.719763E-01 
   541    7.002168E-02    4.571231E-01    4.265653E-01    6.717009E-01 
   542    7.057899E-02    4.570931E-01    4.264652E-01    6.714650E-01 
   543    7.113896E-02    4.570627E-01    4.263737E-01    6.712355E-01 
   544    7.169545E-02    4.570370E-01    4.262867E-01    6.709371E-01 
   545    7.224677E-02    4.570221E-01    4.262213E-01    6.705481E-01 
   546    7.279312E-02    4.570216E-01    4.261696E-01    6.701053E-01 
   547    7.333612E-02    4.570377E-01    4.261464E-01    6.696375E-01 
   548    7.387723E-02    4.570709E-01    4.261397E-01    6.692163E-01 
   549    7.441932E-02    4.571202E-01    4.261612E-01    6.689346E-01 
   550    7.496364E-02    4.571827E-01    4.261962E-01    6.688983E-01 
   551    7.551108E-02    4.572538E-01    4.262493E-01    6.691771E-01 
   552    7.606092E-02    4.573282E-01    4.263060E-01    6.697047E-01 
   553    7.661227E-02    4.574008E-01    4.263656E-01    6.703091E-01 
   554    7.716298E-02    4.574670E-01    4.264176E-01    6.708497E-01 
   555    7.771251E-02    4.575217E-01    4.264563E-01    6.712632E-01 
   556    7.826015E-02    4.575594E-01    4.264755E-01    6.715497E-01 
   557    7.880602E-02    4.575742E-01    4.264623E-01    6.717315E-01 
   558    7.935042E-02    4.575595E-01    4.264155E-01    6.718243E-01 
   559    7.989407E-02    4.575087E-01    4.263165E-01    6.718394E-01 
   560    8.043816E-02    4.574156E-01    4.261696E-01    6.717807E-01 
   561    8.098282E-02    4.572751E-01    4.259550E-01    6.716320E-01 
   562    8.152918E-02    4.570836E-01    4.256824E-01    6.713737E-01 
   563    8.207629E-02    4.568409E-01    4.253375E-01    6.709762E-01 
   564    8.262460E-02    4.565497E-01    4.249375E-01    6.704082E-01 
   565    8.317308E-02    4.562176E-01    4.244792E-01    6.696423E-01 
   566    8.372197E-02    4.558552E-01    4.239877E-01    6.686607E-01 
   567    8.427043E-02    4.554778E-01    4.234734E-01    6.674549E-01 
   568    8.481925E-02    4.551023E-01    4.229653E-01    6.660484E-01 
   569    8.536844E-02    4.547483E-01    4.224844E-01    6.644666E-01 
   570    8.591849E-02    4.544358E-01    4.220585E-01    6.627258E-01 
   571    8.646993E-02    4.541845E-01    4.217145E-01    6.609029E-01 
   572    8.702256E-02    4.540123E-01    4.214712E-01    6.591387E-01 
   573    8.757674E-02    4.539333E-01    4.213544E-01    6.577149E-01 
   574    8.813173E-02    4.539563E-01    4.213656E-01    6.569039E-01 
   575    8.868720E-02    4.540827E-01    4.215185E-01    6.569162E-01 
   576    8.924203E-02    4.543045E-01    4.217893E-01    6.577846E-01 
   577    8.979623E-02    4.546046E-01    4.221696E-01    6.594147E-01 
   578    9.034865E-02    4.549551E-01    4.226088E-01    6.615199E-01 
   579    9.089970E-02    4.553194E-01    4.230728E-01    6.639050E-01 
   580    9.144881E-02    4.556519E-01    4.234898E-01    6.663642E-01 
   581    9.199643E-02    4.559003E-01    4.238023E-01    6.686986E-01 
   582    9.254242E-02    4.560063E-01    4.239254E-01    6.707946E-01 
   583    9.308731E-02    4.559078E-01    4.237834E-01    6.725164E-01 
   584    9.363126E-02    4.555401E-01    4.232875E-01    6.738155E-01 
   585    9.417465E-02    4.548375E-01    4.223508E-01    6.746049E-01 
   586    9.471794E-02    4.537351E-01    4.208907E-01    6.747448E-01 
   587    9.526148E-02    4.521719E-01    4.188203E-01    6.740970E-01 
   588    9.580610E-02    4.500890E-01    4.160708E-01    6.726590E-01 
   589    9.635222E-02    4.474331E-01    4.125620E-01    6.700965E-01 
   590    9.690096E-02    4.441553E-01    4.082462E-01    6.660318E-01 
   591    9.745309E-02    4.402166E-01    4.030617E-01    6.602758E-01 
   592    9.801026E-02    4.355780E-01    3.969786E-01    6.524925E-01 
   593    9.857353E-02    4.302159E-01    3.899652E-01    6.423650E-01 
   594    9.914493E-02    4.241106E-01    3.820189E-01    6.297420E-01 
   595    9.972595E-02    4.172555E-01    3.731393E-01    6.141060E-01 
   596    1.003188E-01    4.096525E-01    3.633592E-01    5.953932E-01 
   597    1.009254E-01    4.013232E-01    3.527237E-01    5.738931E-01 
   598    1.015479E-01    3.923049E-01    3.413140E-01    5.490751E-01 
   599    1.021885E-01    3.826654E-01    3.292458E-01    5.204437E-01 
   600    1.028493E-01    3.724895E-01    3.166503E-01    4.882192E-01 
   601    1.035327E-01    3.618847E-01    3.036967E-01    4.531443E-01 
   602    1.042405E-01    3.509996E-01    2.905869E-01    4.154488E-01 
   603    1.049743E-01    3.400066E-01    2.775534E-01    3.750308E-01 
   604    1.057352E-01    3.291032E-01    2.648301E-01    3.327023E-01 
   605    1.065243E-01    3.184844E-01    2.526507E-01    2.899219E-01 
   606    1.073415E-01    3.083622E-01    2.412365E-01    2.476819E-01 
   607    1.081863E-01    2.989220E-01    2.307745E-01    2.070317E-01 
   608    1.090570E-01    2.903232E-01    2.214001E-01    1.691128E-01 
   609    1.099519E-01    2.826755E-01    2.131947E-01    1.352403E-01 
   610    1.108682E-01    2.760420E-01    2.061771E-01    1.059513E-01 
   611    1.118029E-01    2.704246E-01    2.003088E-01    8.149863E-02 
   612    1.127530E-01    2.657774E-01    1.955045E-01    6.158365E-02 
   613    1.137156E-01    2.620160E-01    1.916488E-01    4.584774E-02 
   614    1.146880E-01    2.590332E-01    1.886117E-01    3.373943E-02 
   615    1.156680E-01    2.567119E-01    1.862592E-01    2.453926E-02 
   616    1.166537E-01    2.549346E-01    1.844640E-01    1.766437E-02 
   617    1.176437E-01    2.535935E-01    1.831127E-01    1.260581E-02 
   618    1.186369E-01    2.525949E-01    1.821080E-01    8.930023E-03 
   619    1.196323E-01    2.518598E-01    1.813689E-01    6.286362E-03 
   620    1.206294E-01    2.513239E-01    1.808304E-01    4.401184E-03 
   621    1.216277E-01    2.509367E-01    1.804413E-01    3.066441E-03 
   622    1.226268E-01    2.506591E-01    1.801623E-01    2.127125E-03 
   623    1.236265E-01    2.504614E-01    1.799637E-01    1.469658E-03 
   624    1.246266E-01    2.503215E-01    1.798231E-01    1.011671E-03 
   625    1.256270E-01    2.502230E-01    1.797242E-01    6.939910E-04 
   626    1.266275E-01    2.501541E-01    1.796549E-01    4.744827E-04 
   627    1.276282E-01    2.501061E-01    1.796066E-01    3.233513E-04 
   628    1.286290E-01    2.500728E-01    1.795732E-01    2.196505E-04 
   629    1.296299E-01    2.500498E-01    1.795500E-01    1.487275E-04 
   630    1.306308E-01    2.500339E-01    1.795341E-01    1.003772E-04 
   631    1.316318E-01    2.500230E-01    1.795231E-01    6.751990E-05 
   632    1.326327E-01    2.500156E-01    1.795157E-01    4.526234E-05 
   633    1.336337E-01    2.500105E-01    1.795106E-01    3.023381E-05 
   634    1.346347E-01    2.500071E-01    1.795071E-01    2.012009E-05 
   635    1.356357E-01    2.500047E-01    1.795048E-01    1.333723E-05 
   636    1.366367E-01    2.500032E-01    1.795032E-01    8.804490E-06 
   637    1.376376E-01    2.500021E-01    1.795021E-01    5.786759E-06 
   638    1.386386E-01    2.500014E-01    1.795014E-01    3.785581E-06 
   639    1.396396E-01    2.500009E-01    1.795009E-01    2.464056E-06 
   640    1.406406E-01    2.500006E-01    1.795006E-01    1.595228E-06 
   641    1.416416E-01    2.500004E-01    1.795004E-01    1.026731E-06 
   642    1.426426E-01    2.500003E-01    1.795003E-01    6.566425E-07 
   643    1.436436E-01    2.500002E-01    1.795002E-01    4.170399E-07 
   644    1.446446E-01    2.500001E-01    1.795001E-01    2.628404E-07 
   645    1.456456E-01    2.500001E-01    1.795001E-01    1.642487E-07 
   646    1.466466E-01    2.500000E-01    1.795000E-01    1.016605E-07 
   647    1.476476E-01    2.500000E-01    1.795000E-01    6.224242E-08 
   648    1.486486E-01    2.500000E-01    1.795000E-01    3.763606E-08 
   649    1.496496E-01    2.500000E-01    1.795000E-01    2.242779E-08 
   650    1.506507E-01    2.500000E-01    1.795000E-01    1.313539E-08 
   651    1.516517E-01    2.500000E-01    1.795000E-01    7.530839E-09 
   652    1.526527E-01    2.500000E-01    1.795000E-01    4.203083E-09 
   653    1.536537E-01    2.500000E-01    1.795000E-01    2.265262E-09 
   654    1.546547E-01    2.500000E-01    1.795000E-01    1.163122E-09 
   655    1.556557E-01    2.500000E-01    1.795000E-01    5.547997E-10 
   656    1.566567E-01    2.500000E-01    1.795000E-01    2.298725E-10 
   657    1.576577E-01    2.500000E-01    1.795000E-01    6.433278E-11 
   658    1.586587E-01    2.500000E-01    1.795000E-01   -8.691926E-12 
   659    1.596597E-01    2.500000E-01    1.795000E-01   -3.263123E-11 
   660    1.606607E-01    2.500000E-01    1.795000E-01   -3.391045E-11 
   661    1.616617E-01    2.500000E-01    1.795000E-01   -2.698375E-11 
   662    1.626627E-01    2.500000E-01    1.795000E-01   -1.871503E-11 
   663    1.636637E-01    2.500000E-01    1.795000E-01   -1.177282E-11 
   664    1.646647E-01    2.500000E-01    1.795000E-01   -6.774718E-12 
   665    1.656657E-01    2.500000E-01    1.795000E-01   -3.547264E-12 
   666    1.666667E-01    2.500000E-01    1.795000E-01   -1.624531E-12 
   667    1.676677E-01    2.500000E-01    1.795000E-01   -5.793363E-13 
   668    1.686687E-01    2.500000E-01    1.795000E-01   -6.845066E-14 
   669    1.696697E-01    2.500000E-01    1.795000E-01    1.511686E-13 
   670    1.706707E-01    2.500000E-01    1.795000E-01    2.248404E-13 
   671    1.716717E-01    2.500000E-01    1.795000E-01    2.269326E-13 
   672    1.726727E-01    2.500000E-01    1.795000E-01    2.007453E-13 
   673    1.736737E-01    2.500000E-01    1.795000E-01    1.631568E-13 
   674    1.746747E-01    2.500000E-01    1.795000E-01    1.264793E-13 
   675    1.756757E-01    2.500000E-01    1.795000E-01    9.473212E-14 
   676    1.766767E-01    2.500000E-01    1.795000E-01    6.933861E-14 
   677    1.776777E-01    2.500000E-01    1.795000E-01    4.847902E-14 
   678    1.786787E-01    2.500000E-01    1.795000E-01    3.442820E-14 
   679    1.796797E-01    2.500000E-01    1.795000E-01    2.416606E-14 
   680    1.806807E-01    2.500000E-01    1.795000E-01    1.617454E-14 
   681    1.816817E-01    2.500000E-01    1.795000E-01    1.006073E-14 
   682    1.826827E-01    2.500000E-01    1.795000E-01    6.127639E-15 
   683    1.836837E-01    2.500000E-01    1.795000E-01    3.044091E-15 
   684    1.846847E-01    2.500000E-01    1.795000E-01    9.982270E-16 
   685    1.856857E-01    2.500000E-01    1.795000E-01   -1.948975E-16 
   686    1.866867E-01    2.500000E-01    1.795000E-01   -6.006669E-16 
   687    1.876877E-01    2.500000E-01    1.795000E-01   -4.275276E-16 
   688    1.886887E-01    2.500000E-01    1.795000E-01   -3.087155E-16 
   689    1.896897E-01    2.500000E-01    1.795000E-01   -3.285067E-16 
   690    1.906907E-01    2.500000E-01    1.795000E-01   -5.093244E-16 
   691    1.916917E-01    2.500000E-01    1.795000E-01   -5.224258E-16 
   692    1.926927E-01    2.500000E-01    1.795000E-01   -4.893921E-16 
   693    1.936937E-01    2.500000E-01    1.795000E-01   -7.111267E-16 
   694    1.946947E-01    2.500000E-01    1.795000E-01   -7.911404E-16 
   695    1.956957E-01    2.500000E-01    1.795000E-01   -7.953866E-16 
   696    1.966967E-01    2.500000E-01    1.795000E-01   -9.249269E-16 
   697    1.976977E-01    2.500000E-01    1.795000E-01   -7.389665E-16 
   698    1.986987E-01    2.500000E-01    1.795000E-01   -1.035507E-15 
   699    1.996997E-01    2.500000E-01    1.795000E-01   -2.166043E-17 
   700    2.007007E-01    2.500000E-01    1.795000E-01   -4.102694E-16 
   701    2.017017E-01    2.500000E-01    1.795000E-01   -6.118869E-16 
   702    2.027027E-01    2.500000E-01    1.795000E-01   -1.715287E-17 
   703    2.037037E-01    2.500000E-01    1.795000E-01   -5.287534E-16 
   704    2.047047E-01    2.500000E-01    1.795000E-01    1.533243E-16 
   705    2.057057E-01    2.500000E-01    1.795000E-01   -3.854863E-16 
   706    2.067067E-01    2.500000E-01    1.795000E-01   -4.564559E-16 
   707    2.077077E-01    2.500000E-01    1.795000E-01    2.738037E-16 
   708    2.087087E-01    2.500000E-01    1.795000E-01   -2.641110E-16 
   709    2.097097E-01    2.500000E-01    1.795000E-01    4.464860E-16 
   710    2.107107E-01    2.500000E-01    1.795000E-01    2.546726E-16 
   711    2.117117E-01    2.500000E-01    1.795000E-01   -2.669142E-18 
   712    2.127127E-01    2.500000E-01    1.795000E-01    1.236104E-15 
   713    2.137137E-01    2.500000E-01    1.795000E-01    7.903865E-16 
   714    2.147147E-01    2.500000E-01    1.795000E-01    8.232240E-16 
   715    2.157157E-01    2.500000E-01    1.795000E-01    6.777133E-16 
   716    2.167167E-01    2.500000E-01    1.795000E-01    6.812972E-16 
   717    2.177177E-01    2.500000E-01    1.795000E-01    3.167662E-16 
   718    2.187187E-01    2.500000E-01    1.795000E-01    2.252810E-16 
   719    2.197197E-01    2.500000E-01    1.795000E-01    5.576009E-17 
   720    2.207207E-01    2.500000E-01    1.795000E-01   -6.408401E-17 
   721    2.217217E-01    2.500000E-01    1.795000E-01    1.014449E-16 
   722    2.227227E-01    2.500000E-01    1.795000E-01    6.222199E-16 
   723    2.237237E-01    2.500000E-01    1.795000E-01    5.532322E-16 
   724    2.247247E-01    2.500000E-01    1.795000E-01    3.104921E-16 
   725    2.257257E-01    2.500000E-01    1.795000E-01    2.207430E-17 
   726    2.267267E-01    2.500000E-01    1.795000E-01   -7.586898E-16 
   727    2.277277E-01    2.500000E-01    1.795000E-01   -7.637518E-16 
   728    2.287287E-01    2.500000E-01    1.795000E-01   -1.314612E-15 
   729    2.297297E-01    2.500000E-01    1.795000E-01   -1.074409E-15 
   730    2.307307E-01    2.500000E-01    1.795000E-01    7.819097E-16 
   731    2.317317E-01    2.500000E-01    1.795000E-01    2.372426E-15 
   732    2.327327E-01    2.500000E-01    1.795000E-01    8.995707E-16 
   733    2.337337E-01    2.500000E-01    1.795000E-01    1.833213E-16 
   734    2.347347E-01    2.500000E-01    1.795000E-01   -2.074819E-16 
   735    2.357357E-01    2.500000E-01    1.795000E-01   -9.149038E-16 
   736    2.367367E-01    2.500000E-01    1.795000E-01   -2.424075E-15 
   737    2.377377E-01    2.500000E-01    1.795000E-01   -7.443256E-16 
   738    2.387387E-01    2.500000E-01    1.795000E-01    5.033049E-16 
   739    2.397397E-01    2.500000E-01    1.795000E-01    6.594572E-16 
   740    2.407407E-01    2.500000E-01    1.795000E-01    1.331668E-16 
   741    2.417417E-01    2.500000E-01    1.795000E-01    2.436516E-16 
   742    2.427427E-01    2.500000E-01    1.795000E-01   -6.530569E-16 
   743    2.437437E-01    2.500000E-01    1.795000E-01   -8.238831E-16 
   744    2.447447E-01    2.500000E-01    1.795000E-01   -1.092438E-15 
   745    2.457457E-01    2.500000E-01    1.795000E-01   -1.104759E-15 
   746    2.467467E-01    2.500000E-01    1.795000E-01   -5.048097E-16 
   747    2.477477E-01    2.500000E-01    1.795000E-01   -3.087155E-16 
   748    2.487487E-01    2.500000E-01    1.795000E-01   -4.276075E-16 
   749    2.497497E-01    2.500000E-01    1.795000E-01   -5.093244E-16 
   750    2.507508E-01    2.500000E-01    1.795000E-01   -5.100378E-16 
   751    2.517518E-01    2.500000E-01    1.795000E-01   -5.434473E-16 
   752    2.527528E-01    2.500000E-01    1.795000E-01   -7.111267E-16 
   753    2.537538E-01    2.500000E-01    1.795000E-01   -7.911404E-16 
   754    2.547548E-01    2.500000E-01    1.795000E-01   -7.953866E-16 
   755    2.557558E-01    2.500000E-01    1.795000E-01   -9.249269E-16 
   756    2.567568E-01    2.500000E-01    1.795000E-01   -7.400925E-16 
   757    2.577578E-01    2.500000E-01    1.795000E-01   -1.035507E-15 
   758    2.587588E-01    2.500000E-01    1.795000E-01   -2.166060E-17 
   759    2.597598E-01    2.500000E-01    1.795000E-01   -4.035125E-16 
   760    2.607608E-01    2.500000E-01    1.795000E-01   -6.186434E-16 
   761    2.617618E-01    2.500000E-01    1.795000E-01   -5.135796E-17 
   762    2.627628E-01    2.500000E-01    1.795000E-01   -5.310037E-16 
   763    2.637638E-01    2.500000E-01    1.795000E-01   -1.377029E-18 
   764    2.647648E-01    2.500000E-01    1.795000E-01   -5.071061E-16 
   765    2.657658E-01    2.500000E-01    1.795000E-01   -6.186190E-16 
   766    2.667668E-01    2.500000E-01    1.795000E-01   -5.135796E-17 
   767    2.677678E-01    2.500000E-01    1.795000E-01   -5.309971E-16 
   768    2.687688E-01    2.500000E-01    1.795000E-01   -9.549527E-19 
   769    2.697698E-01    2.500000E-01    1.795000E-01   -4.778264E-16 
   770    2.707708E-01    2.500000E-01    1.795000E-01   -6.118606E-16 
   771    2.717718E-01    2.500000E-01    1.795000E-01   -1.715287E-17 
   772    2.727728E-01    2.500000E-01    1.795000E-01   -5.287469E-16 
   773    2.737738E-01    2.500000E-01    1.795000E-01    1.533243E-16 
   774    2.747748E-01    2.500000E-01    1.795000E-01   -3.854863E-16 
   775    2.757758E-01    2.500000E-01    1.795000E-01   -4.564543E-16 
   776    2.767768E-01    2.500000E-01    1.795000E-01    2.738037E-16 
   777    2.777778E-01    2.500000E-01    1.795000E-01   -2.641110E-16 
   778    2.787788E-01    2.500000E-01    1.795000E-01    4.464860E-16 
   779    2.797798E-01    2.500000E-01    1.795000E-01    2.546726E-16 
   780    2.807808E-01    2.500000E-01    1.795000E-01   -2.669142E-18 
   781    2.817818E-01    2.500000E-01    1.795000E-01    1.236104E-15 
   782    2.827828E-01    2.500000E-01    1.795000E-01    7.903865E-16 
   783    2.837838E-01    2.500000E-01    1.795000E-01    8.232240E-16 
   784    2.847848E-01    2.500000E-01    1.795000E-01    6.777133E-16 
   785    2.857858E-01    2.500000E-01    1.795000E-01    6.812972E-16 
   786    2.867868E-01    2.500000E-01    1.795000E-01    3.167662E-16 
   787    2.877878E-01    2.500000E-01    1.795000E-01    2.252810E-16 
   788    2.887888E-01    2.500000E-01    1.795000E-01    5.576009E-17 
   789    2.897898E-01    2.500000E-01    1.795000E-01   -6.408401E-17 
   790    2.907908E-01    2.500000E-01    1.795000E-01    1.014449E-16 
   791    2.917918E-01    2.500000E-01    1.795000E-01    6.222199E-16 
   792    2.927928E-01    2.500000E-01    1.795000E-01    5.532322E-16 
   793    2.937938E-01    2.500000E-01    1.795000E-01    3.104921E-16 
   794    2.947948E-01    2.500000E-01    1.795000E-01    2.207430E-17 
   795    2.957958E-01    2.500000E-01    1.795000E-01   -7.586898E-16 
   796    2.967968E-01    2.500000E-01    1.795000E-01   -7.637518E-16 
   797    2.977978E-01    2.500000E-01    1.795000E-01   -1.314612E-15 
   798    2.987988E-01    2.500000E-01    1.795000E-01   -1.074409E-15 
   799    2.997998E-01    2.500000E-01    1.795000E-01    7.819097E-16 
   800    3.008008E-01    2.500000E-01    1.795000E-01    2.372426E-15 
   801    3.018018E-01    2.500000E-01    1.795000E-01    8.995707E-16 
   802    3.028028E-01    2.500000E-01    1.795000E-01    1.833213E-16 
   803    3.038038E-01    2.500000E-01    1.795000E-01   -2.074819E-16 
   804    3.048048E-01    2.500000E-01    1.795000E-01   -9.149038E-16 
   805    3.058058E-01    2.500000E-01    1.795000E-01   -2.424075E-15 
   806    3.068068E-01    2.500000E-01    1.795000E-01   -7.443256E-16 
   807    3.078078E-01    2.500000E-01    1.795000E-01    5.033049E-16 
   808    3.088088E-01    2.500000E-01    1.795000E-01    6.594572E-16 
   809    3.098098E-01    2.500000E-01    1.795000E-01    1.331668E-16 
   810    3.108108E-01    2.500000E-01    1.795000E-01    2.470300E-16 
   811    3.118118E-01    2.500000E-01    1.795000E-01   -6.530569E-16 
   812    3.128128E-01    2.500000E-01    1.795000E-01   -8.238831E-16 
   813    3.138138E-01    2.500000E-01    1.795000E-01   -1.092016E-15 
   814    3.148148E-01    2.500000E-01    1.795000E-01   -1.101803E-15 
   815    3.158158E-01    2.500000E-01    1.795000E-01   -4.765153E-16 
   816    3.168168E-01    2.500000E-01    1.795000E-01   -2.401612E-16 
   817    3.178178E-01    2.500000E-01    1.795000E-01   -2.560107E-16 
   818    3.188188E-01    2.500000E-01    1.795000E-01   -2.269425E-16 
   819    3.198198E-01    2.500000E-01    1.795000E-01    5.456699E-18 
   820    3.208208E-01    2.500000E-01    1.795000E-01   -1.486165E-17 
   821    3.218218E-01    2.500000E-01    1.795000E-01   -2.619358E-16 
   822    3.228228E-01    2.500000E-01    1.795000E-01   -8.820801E-16 
   823    3.238238E-01    2.500000E-01    1.795000E-01   -2.466457E-15 
   824    3.248248E-01    2.500000E-01    1.795000E-01   -5.799755E-15 
   825    3.258258E-01    2.500000E-01    1.795000E-01   -1.136490E-14 
   826    3.268268E-01    2.500000E-01    1.795000E-01   -2.210465E-14 
   827    3.278278E-01    2.500000E-01    1.795000E-01   -4.013215E-14 
   828    3.288288E-01    2.500000E-01    1.795000E-01   -7.149309E-14 
   829    3.298298E-01    2.500000E-01    1.795000E-01   -1.242205E-13 
   830    3.308308E-01    2.500000E-01    1.795000E-01   -2.113360E-13 
   831    3.318318E-01    2.500000E-01    1.795000E-01   -3.522087E-13 
   832    3.328328E-01    2.500000E-01    1.795000E-01   -5.782360E-13 
   833    3.338338E-01    2.500000E-01    1.795000E-01   -9.370102E-13 
   834    3.348348E-01    2.500000E-01    1.795000E-01   -1.497277E-12 
   835    3.358358E-01    2.500000E-01    1.795000E-01   -2.364814E-12 
   836    3.368368E-01    2.500000E-01    1.795000E-01   -3.698662E-12 
   837    3.378378E-01    2.500000E-01    1.795000E-01   -5.728512E-12 
   838    3.388388E-01    2.500000E-01    1.795000E-01   -8.790820E-12 
   839    3.398398E-01    2.500000E-01    1.795000E-01   -1.338318E-11 
   840    3.408408E-01    2.500000E-01    1.795000E-01   -2.021744E-11 
   841    3.418418E-01    2.500000E-01    1.795000E-01   -3.031765E-11 
   842    3.428428E-01    2.500000E-01    1.795000E-01   -4.515388E-11 
   843    3.438438E-01    2.500000E-01    1.795000E-01   -6.681356E-11 
   844    3.448448E-01    2.500000E-01    1.795000E-01   -9.824294E-11 
   845    3.458458E-01    2.500000E-01    1.795000E-01   -1.435933E-10 
   846    3.468468E-01    2.500000E-01    1.795000E-01   -2.086740E-10 
   847    3.478478E-01    2.500000E-01    1.795000E-01   -3.015667E-10 
   848    3.488488E-01    2.500000E-01    1.795000E-01   -4.334719E-10 
   849    3.498498E-01    2.500000E-01    1.795000E-01   -6.198346E-10 
   850    3.508509E-01    2.500000E-01    1.795000E-01   -8.818377E-10 
   851    3.518519E-01    2.500000E-01    1.795000E-01   -1.248409E-09 
   852    3.528529E-01    2.500000E-01    1.795000E-01   -1.758868E-09 
   853    3.538539E-01    2.500000E-01    1.795000E-01   -2.466404E-09 
   854    3.548549E-01    2.500000E-01    1.795000E-01   -3.442629E-09 
   855    3.558559E-01    2.500000E-01    1.795000E-01   -4.783550E-09 
   856    3.568569E-01    2.500000E-01    1.795000E-01   -6.617264E-09 
   857    3.578579E-01    2.500000E-01    1.795000E-01   -9.113933E-09 
   858    3.588589E-01    2.500000E-01    1.795000E-01   -1.249858E-08 
   859    3.598599E-01    2.500000E-01    1.795000E-01   -1.706746E-08 
   860    3.608609E-01    2.500000E-01    1.795000E-01   -2.320887E-08 
   861    3.618619E-01    2.500000E-01    1.795000E-01   -3.142948E-08 
   862    3.628629E-01    2.500000E-01    1.795000E-01   -4.238749E-08 
   863    3.638639E-01    2.500000E-01    1.795000E-01   -5.693416E-08 
   864    3.648649E-01    2.500000E-01    1.795000E-01   -7.616555E-08 
   865    3.658659E-01    2.500000E-01    1.795000E-01   -1.014866E-07 
   866    3.668669E-01    2.500000E-01    1.795000E-01   -1.346903E-07 
   867    3.678679E-01    2.500000E-01    1.795000E-01   -1.780541E-07 
   868    3.688689E-01    2.500001E-01    1.795001E-01   -2.344586E-07 
   869    3.698699E-01    2.500001E-01    1.795001E-01   -3.075299E-07 
   870    3.708709E-01    2.500001E-01    1.795001E-01   -4.018122E-07 
   871    3.718719E-01    2.500001E-01    1.795001E-01   -5.229739E-07 
   872    3.728729E-01    2.500002E-01    1.795002E-01   -6.780526E-07 
   873    3.738739E-01    2.500002E-01    1.795002E-01   -8.757450E-07 
   874    3.748749E-01    2.500003E-01    1.795003E-01   -1.126747E-06 
   875    3.758759E-01    2.500004E-01    1.795004E-01   -1.444149E-06 
   876    3.768769E-01    2.500005E-01    1.795005E-01   -1.843895E-06 
   877    3.778779E-01    2.500006E-01    1.795006E-01   -2.345308E-06 
   878    3.788789E-01    2.500007E-01    1.795007E-01   -2.971686E-06 
   879    3.798799E-01    2.500009E-01    1.795009E-01   -3.750980E-06 
   880    3.808809E-01    2.500012E-01    1.795012E-01   -4.716538E-06 
   881    3.818819E-01    2.500015E-01    1.795015E-01   -5.907948E-06 
   882    3.828829E-01    2.500018E-01    1.795018E-01   -7.371933E-06 
   883    3.838839E-01    2.500022E-01    1.795023E-01   -9.163336E-06 
   884    3.848848E-01    2.500028E-01    1.795028E-01   -1.134615E-05 
   885    3.858858E-01    2.500034E-01    1.795034E-01   -1.399463E-05 
   886    3.868868E-01    2.500042E-01    1.795042E-01   -1.719433E-05 
   887    3.878878E-01    2.500051E-01    1.795051E-01   -2.104329E-05 
   888    3.888888E-01    2.500062E-01    1.795062E-01   -2.565304E-05 
   889    3.898898E-01    2.500075E-01    1.795075E-01   -3.114960E-05 
   890    3.908907E-01    2.500090E-01    1.795091E-01   -3.767432E-05 
   891    3.918917E-01    2.500108E-01    1.795109E-01   -4.538454E-05 
   892    3.928927E-01    2.500130E-01    1.795131E-01   -5.445394E-05 
   893    3.938936E-01    2.500155E-01    1.795156E-01   -6.507259E-05 
   894    3.948946E-01    2.500184E-01    1.795185E-01   -7.744657E-05 
   895    3.958955E-01    2.500217E-01    1.795219E-01   -9.179700E-05 
   896    3.968964E-01    2.500256E-01    1.795258E-01   -1.083586E-04 
   897    3.978973E-01    2.500301E-01    1.795302E-01   -1.273773E-04 
   898    3.988982E-01    2.500351E-01    1.795353E-01   -1.491073E-04 
   899    3.998990E-01    2.500409E-01    1.795411E-01   -1.738074E-04 
   900    4.008999E-01    2.500474E-01    1.795477E-01   -2.017356E-04 
   901    4.019007E-01    2.500547E-01    1.795550E-01   -2.331438E-04 
   902    4.029015E-01    2.500629E-01    1.795632E-01   -2.682709E-04 
   903    4.039022E-01    2.500720E-01    1.795724E-01   -3.073348E-04 
   904    4.049029E-01    2.500820E-01    1.795825E-01   -3.505240E-04 
   905    4.059036E-01    2.500931E-01    1.795936E-01   -3.979882E-04 
   906    4.069042E-01    2.501052E-01    1.796057E-01   -4.498283E-04 
   907    4.079048E-01    2.501183E-01    1.796189E-01   -5.060861E-04 
   908    4.089053E-01    2.501324E-01    1.796331E-01   -5.667342E-04 
   909    4.099058E-01    2.501476E-01    1.796484E-01   -6.316653E-04 
   910    4.109062E-01    2.501637E-01    1.796646E-01   -7.006828E-04 
   911    4.119065E-01    2.501808E-01    1.796818E-01   -7.734924E-04 
   912    4.129067E-01    2.501987E-01    1.796998E-01   -8.496951E-04 
   913    4.139069E-01    2.502174E-01    1.797186E-01   -9.287839E-04 
   914    4.149070E-01    2.502366E-01    1.797379E-01   -1.010143E-03 
   915    4.159071E-01    2.502563E-01    1.797577E-01   -1.093052E-03 
   916    4.169070E-01    2.502763E-01    1.797778E-01   -1.176689E-03 
   917    4.179068E-01    2.502964E-01    1.797980E-01   -1.260133E-03 
   918    4.189066E-01    2.503162E-01    1.798180E-01   -1.342373E-03 
   919    4.199063E-01    2.503357E-01    1.798376E-01   -1.422312E-03 
   920    4.209059E-01    2.503546E-01    1.798565E-01   -1.498797E-03 
   921    4.219054E-01    2.503725E-01    1.798746E-01   -1.570667E-03 
   922    4.229049E-01    2.503892E-01    1.798914E-01   -1.636824E-03 
   923    4.239043E-01    2.504045E-01    1.799067E-01   -1.696279E-03 
   924    4.249036E-01    2.504180E-01    1.799203E-01   -1.748110E-03 
   925    4.259029E-01    2.504295E-01    1.799318E-01   -1.791270E-03 
   926    4.269021E-01    2.504386E-01    1.799410E-01   -1.824466E-03 
   927    4.279013E-01    2.504450E-01    1.799475E-01   -1.846574E-03 
   928    4.289005E-01    2.504480E-01    1.799505E-01   -1.856809E-03 
   929    4.298996E-01    2.504469E-01    1.799494E-01   -1.854363E-03 
   930    4.308988E-01    2.504409E-01    1.799434E-01   -1.837701E-03 
   931    4.318979E-01    2.504293E-01    1.799317E-01   -1.805571E-03 
   932    4.328971E-01    2.504118E-01    1.799141E-01   -1.756499E-03 
   933    4.338963E-01    2.503885E-01    1.798906E-01   -1.684892E-03 
   934    4.348957E-01    2.503595E-01    1.798615E-01   -1.576516E-03 
   935    4.358953E-01    2.503250E-01    1.798267E-01   -1.414146E-03 
   936    4.368951E-01    2.502847E-01    1.797862E-01   -1.193340E-03 
   937    4.378951E-01    2.502387E-01    1.797400E-01   -9.376687E-04 
   938    4.388951E-01    2.501880E-01    1.796890E-01   -6.932325E-04 
   939    4.398952E-01    2.501350E-01    1.796357E-01   -5.006734E-04 
   940    4.408954E-01    2.500834E-01    1.795838E-01   -3.613510E-04 
   941    4.418961E-01    2.500375E-01    1.795377E-01   -2.263225E-04 
   942    4.428976E-01    2.500004E-01    1.795004E-01   -3.571806E-05 
   943    4.438996E-01    2.499729E-01    1.794727E-01    2.229755E-04 
   944    4.449016E-01    2.499538E-01    1.794535E-01    4.618622E-04 
   945    4.459026E-01    2.499411E-01    1.794408E-01    5.327207E-04 
   946    4.469027E-01    2.499336E-01    1.794333E-01    4.514930E-04 
   947    4.479029E-01    2.499316E-01    1.794312E-01    3.130076E-04 
   948    4.489044E-01    2.499356E-01    1.794353E-01    1.821319E-04 
   949    4.499075E-01    2.499456E-01    1.794454E-01    9.864772E-05 
   950    4.509105E-01    2.499598E-01    1.794596E-01    5.487156E-05 
   951    4.519114E-01    2.499750E-01    1.794748E-01    1.731891E-05 
   952    4.529104E-01    2.499887E-01    1.794886E-01   -2.431939E-05 
   953    4.539093E-01    2.500003E-01    1.795003E-01   -6.787098E-05 
   954    4.549100E-01    2.500103E-01    1.795103E-01   -1.112070E-04 
   955    4.559133E-01    2.500186E-01    1.795187E-01   -1.476348E-04 
   956    4.569172E-01    2.500246E-01    1.795248E-01   -1.549543E-04 
   957    4.579180E-01    2.500266E-01    1.795267E-01   -1.157154E-04 
   958    4.589159E-01    2.500238E-01    1.795239E-01   -8.948736E-05 
   959    4.599137E-01    2.500183E-01    1.795184E-01   -9.813663E-05 
   960    4.609140E-01    2.500126E-01    1.795126E-01   -1.244603E-04 
   961    4.619179E-01    2.500087E-01    1.795088E-01   -1.784295E-04 
   962    4.629234E-01    2.500068E-01    1.795068E-01   -1.717182E-04 
   963    4.639253E-01    2.500037E-01    1.795037E-01    6.609312E-05 
   964    4.649230E-01    2.499971E-01    1.794971E-01    2.062363E-04 
   965    4.659192E-01    2.499895E-01    1.794894E-01    1.659780E-04 
   966    4.669172E-01    2.499852E-01    1.794851E-01    2.531275E-05 
   967    4.679213E-01    2.499859E-01    1.794858E-01   -1.154526E-04 
   968    4.689312E-01    2.499893E-01    1.794893E-01   -1.296968E-04 
   969    4.699369E-01    2.499915E-01    1.794915E-01    1.091693E-04 
   970    4.709306E-01    2.499925E-01    1.794925E-01    5.243796E-05 
   971    4.719228E-01    2.499933E-01    1.794932E-01    2.081800E-05 
   972    4.729189E-01    2.499946E-01    1.794946E-01   -7.414540E-05 
   973    4.739268E-01    2.499995E-01    1.794996E-01   -2.142933E-04 
   974    4.749424E-01    2.500033E-01    1.795034E-01   -1.887708E-04 
   975    4.759400E-01    2.500038E-01    1.795038E-01   -1.588262E-04 
   976    4.769439E-01    2.499952E-01    1.794952E-01    3.487995E-04 
   977    4.779328E-01    2.499786E-01    1.794786E-01    2.934666E-04 
   978    4.789157E-01    2.499682E-01    1.794681E-01   -1.796452E-04 
   979    4.799161E-01    2.499742E-01    1.794743E-01   -7.135613E-04 
   980    4.809444E-01    2.499778E-01    1.794779E-01   -1.135755E-04 
   981    4.819809E-01    2.499659E-01    1.794665E-01    3.895189E-04 
   982    4.829751E-01    2.499439E-01    1.794445E-01    5.619017E-04 
   983    4.839270E-01    2.499175E-01    1.794176E-01    2.546131E-04 
   984    4.848310E-01    2.499111E-01    1.794118E-01   -1.236171E-03 
   985    4.859633E-01    2.498882E-01    1.793892E-01    9.011263E-05 
   986    4.870057E-01    2.498130E-01    1.793158E-01    1.748015E-04 
   987    4.880158E-01    2.496794E-01    1.791831E-01    3.152051E-04 
   988    4.889823E-01    2.494506E-01    1.789506E-01    4.104667E-04 
   989    4.897528E-01    2.491608E-01    1.786311E-01   -8.381612E-04 
   990    4.909910E-01    2.486909E-01    1.785600E-01    0.000000E+00 
   991    4.919920E-01    2.484115E-01    1.783595E-01    0.000000E+00 
   992    4.929930E-01    2.478200E-01    1.779347E-01    0.000000E+00 
   993    4.939940E-01    2.461548E-01    1.767392E-01    0.000000E+00 
   994    4.949950E-01    2.422439E-01    1.739311E-01    0.000000E+00 
   995    4.959960E-01    2.343003E-01    1.682276E-01    0.000000E+00 
   996    4.969970E-01    2.204734E-01    1.582999E-01    0.000000E+00 
   997    4.979980E-01    1.999640E-01    1.435742E-01    0.000000E+00 
   998    4.989990E-01    1.731630E-01    1.243310E-01    0.000000E+00 
   999    5.000000E-01    1.416667E-01    1.017167E-01    0.000000E+00 
