     0   -5.000000E-01    5.666667E-01    5.666667E-01    0.000000E+00 
     1   -4.989990E-01    6.926345E-01    6.926345E-01    0.000000E+00 
     2   -4.979980E-01    7.997769E-01    7.997769E-01    0.000000E+00 
     3   -4.969970E-01    8.817351E-01    8.817351E-01    0.000000E+00 
     4   -4.959960E-01    9.369647E-01    9.369647E-01    0.000000E+00 
     5   -4.949950E-01    9.686712E-01    9.686712E-01    0.000000E+00 
     6   -4.939940E-01    9.842942E-01    9.842942E-01    0.000000E+00 
     7   -4.929930E-01    9.910342E-01    9.910342E-01    0.000000E+00 
     8   -4.919920E-01    9.935063E-01    9.935063E-01    0.000000E+00 
     9   -4.909910E-01    9.947170E-01    9.947170E-01    0.000000E+00 
    10   -4.897136E-01    9.967343E-01    9.952590E-01    3.448049E-04 
    11   -4.890023E-01    9.978066E-01    9.969555E-01   -1.732074E-04 
    12   -4.880316E-01    9.987221E-01    9.982459E-01   -1.403829E-04 
    13   -4.870142E-01    9.992560E-01    9.989818E-01   -8.146195E-05 
    14   -4.859660E-01    9.995597E-01    9.993938E-01   -1.901540E-05 
    15   -4.847658E-01    9.996835E-01    9.995647E-01    6.026152E-04 
    16   -4.839435E-01    9.997357E-01    9.996351E-01   -1.735414E-04 
    17   -4.830028E-01    9.998274E-01    9.997656E-01   -2.542634E-04 
    18   -4.819989E-01    9.998957E-01    9.998591E-01   -1.669146E-04 
    19   -4.809417E-01    9.999305E-01    9.999046E-01    7.260523E-06 
    20   -4.798685E-01    9.999090E-01    9.998756E-01    4.992241E-04 
    21   -4.789124E-01    9.998759E-01    9.998275E-01   -3.408294E-07 
    22   -4.779550E-01    9.999045E-01    9.998677E-01   -2.303416E-04 
    23   -4.769646E-01    9.999429E-01    9.999213E-01   -1.950295E-04 
    24   -4.759325E-01    9.999609E-01    9.999457E-01    5.499110E-05 
    25   -4.749245E-01    9.999507E-01    9.999314E-01    2.248823E-04 
    26   -4.739148E-01    9.999374E-01    9.999128E-01    1.082039E-04 
    27   -4.729233E-01    9.999433E-01    9.999209E-01   -8.978057E-05 
    28   -4.719333E-01    9.999670E-01    9.999541E-01   -1.369574E-04 
    29   -4.709295E-01    9.999818E-01    9.999746E-01    3.427357E-05 
    30   -4.699371E-01    9.999853E-01    9.999796E-01    2.757238E-05 
    31   -4.689220E-01    9.999841E-01    9.999779E-01    8.354054E-05 
    32   -4.679140E-01    9.999779E-01    9.999693E-01    4.075870E-05 
    33   -4.669165E-01    9.999798E-01    9.999719E-01   -1.863573E-05 
    34   -4.659233E-01    9.999865E-01    9.999812E-01   -2.299183E-05 
    35   -4.649296E-01    9.999938E-01    9.999914E-01   -5.466106E-05 
    36   -4.639227E-01    9.999971E-01    9.999960E-01    3.309209E-05 
    37   -4.629140E-01    9.999912E-01    9.999878E-01    7.797611E-05 
    38   -4.619121E-01    9.999838E-01    9.999774E-01    4.536058E-05 
    39   -4.609152E-01    9.999843E-01    9.999781E-01   -2.088628E-05 
    40   -4.599180E-01    9.999923E-01    9.999893E-01   -5.294884E-05 
    41   -4.589177E-01    9.999987E-01    9.999982E-01   -5.005581E-06 
    42   -4.579135E-01    9.999982E-01    9.999975E-01    4.928766E-05 
    43   -4.569108E-01    9.999935E-01    9.999910E-01    4.704755E-05 
    44   -4.559095E-01    9.999914E-01    9.999880E-01    1.424278E-05 
    45   -4.549094E-01    9.999945E-01    9.999923E-01   -1.385431E-05 
    46   -4.539103E-01    9.999994E-01    9.999992E-01   -1.913011E-05 
    47   -4.529098E-01    1.000002E+00    1.000003E+00    1.267215E-05 
    48   -4.519079E-01    1.000002E+00    1.000002E+00    2.731049E-05 
    49   -4.509056E-01    1.000000E+00    1.000000E+00    2.693161E-05 
    50   -4.499041E-01    9.999988E-01    9.999983E-01    1.643217E-05 
    51   -4.489037E-01    9.999999E-01    9.999999E-01   -2.053622E-06 
    52   -4.479039E-01    1.000003E+00    1.000004E+00   -6.833126E-06 
    53   -4.469032E-01    1.000004E+00    1.000006E+00    9.029902E-06 
    54   -4.459015E-01    1.000004E+00    1.000006E+00    2.204822E-05 
    55   -4.448999E-01    1.000003E+00    1.000004E+00    2.269287E-05 
    56   -4.438987E-01    1.000002E+00    1.000003E+00    1.454693E-05 
    57   -4.428980E-01    1.000003E+00    1.000004E+00    1.719983E-06 
    58   -4.418975E-01    1.000005E+00    1.000006E+00    2.609646E-07 
    59   -4.408967E-01    1.000006E+00    1.000008E+00    1.194217E-05 
    60   -4.398955E-01    1.000006E+00    1.000008E+00    1.779648E-05 
    61   -4.388942E-01    1.000005E+00    1.000007E+00    1.790050E-05 
    62   -4.378930E-01    1.000004E+00    1.000006E+00    1.343449E-05 
    63   -4.368921E-01    1.000005E+00    1.000007E+00    6.728759E-06 
    64   -4.358914E-01    1.000006E+00    1.000008E+00    5.622201E-06 
    65   -4.348905E-01    1.000007E+00    1.000009E+00    1.142227E-05 
    66   -4.338895E-01    1.000007E+00    1.000009E+00    1.533507E-05 
    67   -4.328883E-01    1.000006E+00    1.000009E+00    1.603505E-05 
    68   -4.318872E-01    1.000006E+00    1.000009E+00    1.367648E-05 
    69   -4.308862E-01    1.000006E+00    1.000009E+00    9.386065E-06 
    70   -4.298854E-01    1.000007E+00    1.000010E+00    8.210348E-06 
    71   -4.288845E-01    1.000008E+00    1.000011E+00    1.188509E-05 
    72   -4.278834E-01    1.000008E+00    1.000011E+00    1.453421E-05 
    73   -4.268824E-01    1.000007E+00    1.000010E+00    1.507028E-05 
    74   -4.258813E-01    1.000007E+00    1.000010E+00    1.391519E-05 
    75   -4.248803E-01    1.000008E+00    1.000011E+00    1.144028E-05 
    76   -4.238794E-01    1.000008E+00    1.000011E+00    1.039179E-05 
    77   -4.228785E-01    1.000008E+00    1.000012E+00    1.234660E-05 
    78   -4.218775E-01    1.000008E+00    1.000012E+00    1.403816E-05 
    79   -4.208764E-01    1.000008E+00    1.000012E+00    1.445816E-05 
    80   -4.198754E-01    1.000008E+00    1.000011E+00    1.395143E-05 
    81   -4.188744E-01    1.000008E+00    1.000011E+00    1.243748E-05 
    82   -4.178734E-01    1.000008E+00    1.000012E+00    1.140938E-05 
    83   -4.168725E-01    1.000009E+00    1.000012E+00    1.248567E-05 
    84   -4.158715E-01    1.000009E+00    1.000012E+00    1.404862E-05 
    85   -4.148705E-01    1.000009E+00    1.000012E+00    1.443405E-05 
    86   -4.138694E-01    1.000009E+00    1.000012E+00    1.426801E-05 
    87   -4.128684E-01    1.000009E+00    1.000013E+00    1.332225E-05 
    88   -4.118675E-01    1.000009E+00    1.000013E+00    1.255823E-05 
    89   -4.108665E-01    1.000010E+00    1.000013E+00    1.336517E-05 
    90   -4.098655E-01    1.000010E+00    1.000014E+00    1.457064E-05 
    91   -4.088645E-01    1.000010E+00    1.000014E+00    1.501768E-05 
    92   -4.078635E-01    1.000010E+00    1.000014E+00    1.531573E-05 
    93   -4.068625E-01    1.000010E+00    1.000014E+00    1.484216E-05 
    94   -4.058615E-01    1.000010E+00    1.000014E+00    1.422440E-05 
    95   -4.048605E-01    1.000010E+00    1.000014E+00    1.429360E-05 
    96   -4.038596E-01    1.000010E+00    1.000014E+00    1.478711E-05 
    97   -4.028586E-01    1.000010E+00    1.000014E+00    1.465574E-05 
    98   -4.018576E-01    1.000010E+00    1.000014E+00    1.464931E-05 
    99   -4.008566E-01    1.000010E+00    1.000014E+00    1.428696E-05 
   100   -3.998556E-01    1.000010E+00    1.000014E+00    1.374620E-05 
   101   -3.988546E-01    1.000011E+00    1.000015E+00    1.399324E-05 
   102   -3.978536E-01    1.000011E+00    1.000015E+00    1.553669E-05 
   103   -3.968526E-01    1.000011E+00    1.000015E+00    1.623189E-05 
   104   -3.958516E-01    1.000011E+00    1.000016E+00    1.692932E-05 
   105   -3.948506E-01    1.000012E+00    1.000016E+00    1.680203E-05 
   106   -3.938496E-01    1.000012E+00    1.000017E+00    1.650078E-05 
   107   -3.928487E-01    1.000012E+00    1.000017E+00    1.678762E-05 
   108   -3.918477E-01    1.000013E+00    1.000018E+00    1.747451E-05 
   109   -3.908467E-01    1.000013E+00    1.000018E+00    1.785725E-05 
   110   -3.898457E-01    1.000013E+00    1.000018E+00    1.837602E-05 
   111   -3.888447E-01    1.000013E+00    1.000018E+00    1.852695E-05 
   112   -3.878437E-01    1.000013E+00    1.000018E+00    1.828195E-05 
   113   -3.868427E-01    1.000013E+00    1.000018E+00    1.802525E-05 
   114   -3.858417E-01    1.000013E+00    1.000018E+00    1.789949E-05 
   115   -3.848407E-01    1.000013E+00    1.000018E+00    1.786144E-05 
   116   -3.838398E-01    1.000013E+00    1.000018E+00    1.776977E-05 
   117   -3.828388E-01    1.000013E+00    1.000019E+00    1.737572E-05 
   118   -3.818378E-01    1.000014E+00    1.000019E+00    1.699326E-05 
   119   -3.808368E-01    1.000014E+00    1.000019E+00    1.703583E-05 
   120   -3.798358E-01    1.000014E+00    1.000020E+00    1.819747E-05 
   121   -3.788348E-01    1.000015E+00    1.000020E+00    1.985632E-05 
   122   -3.778338E-01    1.000015E+00    1.000021E+00    2.104884E-05 
   123   -3.768328E-01    1.000015E+00    1.000021E+00    2.158447E-05 
   124   -3.758319E-01    1.000016E+00    1.000022E+00    2.157396E-05 
   125   -3.748309E-01    1.000016E+00    1.000022E+00    2.148365E-05 
   126   -3.738299E-01    1.000016E+00    1.000023E+00    2.161484E-05 
   127   -3.728289E-01    1.000017E+00    1.000023E+00    2.202882E-05 
   128   -3.718279E-01    1.000017E+00    1.000023E+00    2.204695E-05 
   129   -3.708269E-01    1.000017E+00    1.000024E+00    2.188672E-05 
   130   -3.698260E-01    1.000017E+00    1.000024E+00    2.164589E-05 
   131   -3.688250E-01    1.000017E+00    1.000024E+00    2.158034E-05 
   132   -3.678240E-01    1.000018E+00    1.000025E+00    2.244721E-05 
   133   -3.668230E-01    1.000018E+00    1.000025E+00    2.375528E-05 
   134   -3.658220E-01    1.000018E+00    1.000026E+00    2.471468E-05 
   135   -3.648210E-01    1.000019E+00    1.000026E+00    2.518668E-05 
   136   -3.638201E-01    1.000019E+00    1.000027E+00    2.544124E-05 
   137   -3.628191E-01    1.000020E+00    1.000028E+00    2.582916E-05 
   138   -3.618181E-01    1.000020E+00    1.000029E+00    2.645165E-05 
   139   -3.608171E-01    1.000021E+00    1.000029E+00    2.714527E-05 
   140   -3.598161E-01    1.000021E+00    1.000029E+00    2.762083E-05 
   141   -3.588152E-01    1.000021E+00    1.000029E+00    2.777980E-05 
   142   -3.578142E-01    1.000021E+00    1.000029E+00    2.771675E-05 
   143   -3.568132E-01    1.000021E+00    1.000029E+00    2.751296E-05 
   144   -3.558122E-01    1.000020E+00    1.000028E+00    2.722755E-05 
   145   -3.548112E-01    1.000020E+00    1.000027E+00    2.683910E-05 
   146   -3.538103E-01    1.000019E+00    1.000026E+00    2.630346E-05 
   147   -3.528093E-01    1.000018E+00    1.000025E+00    2.553836E-05 
   148   -3.518083E-01    1.000016E+00    1.000023E+00    2.448248E-05 
   149   -3.508073E-01    1.000015E+00    1.000021E+00    2.310258E-05 
   150   -3.498063E-01    1.000013E+00    1.000018E+00    2.138877E-05 
   151   -3.488053E-01    1.000010E+00    1.000015E+00    1.931550E-05 
   152   -3.478043E-01    1.000008E+00    1.000011E+00    1.683889E-05 
   153   -3.468034E-01    1.000004E+00    1.000006E+00    1.389474E-05 
   154   -3.458024E-01    1.000001E+00    1.000001E+00    1.041151E-05 
   155   -3.448014E-01    9.999965E-01    9.999951E-01    6.322468E-06 
   156   -3.438003E-01    9.999916E-01    9.999883E-01    1.591209E-06 
   157   -3.427993E-01    9.999862E-01    9.999806E-01   -3.792812E-06 
   158   -3.417983E-01    9.999800E-01    9.999720E-01   -9.922086E-06 
   159   -3.407973E-01    9.999732E-01    9.999624E-01   -1.682641E-05 
   160   -3.397963E-01    9.999655E-01    9.999517E-01   -2.454338E-05 
   161   -3.387952E-01    9.999571E-01    9.999400E-01   -3.321168E-05 
   162   -3.377942E-01    9.999479E-01    9.999271E-01   -4.281654E-05 
   163   -3.367931E-01    9.999378E-01    9.999130E-01   -5.330560E-05 
   164   -3.357921E-01    9.999269E-01    9.998976E-01   -6.489512E-05 
   165   -3.347910E-01    9.999150E-01    9.998810E-01   -7.746753E-05 
   166   -3.337899E-01    9.999021E-01    9.998630E-01   -9.107670E-05 
   167   -3.327888E-01    9.998883E-01    9.998436E-01   -1.060419E-04 
   168   -3.317877E-01    9.998735E-01    9.998229E-01   -1.219029E-04 
   169   -3.307866E-01    9.998578E-01    9.998008E-01   -1.390645E-04 
   170   -3.297854E-01    9.998412E-01    9.997776E-01   -1.581366E-04 
   171   -3.287843E-01    9.998240E-01    9.997536E-01   -1.779549E-04 
   172   -3.277831E-01    9.998070E-01    9.997298E-01   -1.993910E-04 
   173   -3.267819E-01    9.997910E-01    9.997073E-01   -2.231478E-04 
   174   -3.257806E-01    9.997774E-01    9.996884E-01   -2.474264E-04 
   175   -3.247794E-01    9.997684E-01    9.996757E-01   -2.741336E-04 
   176   -3.237781E-01    9.997660E-01    9.996724E-01   -3.038938E-04 
   177   -3.227769E-01    9.997728E-01    9.996819E-01   -3.224006E-04 
   178   -3.217756E-01    9.997907E-01    9.997070E-01   -3.146710E-04 
   179   -3.207743E-01    9.998214E-01    9.997500E-01   -2.790861E-04 
   180   -3.197731E-01    9.998656E-01    9.998119E-01   -2.224439E-04 
   181   -3.187719E-01    9.999232E-01    9.998925E-01   -1.468273E-04 
   182   -3.177708E-01    9.999931E-01    9.999903E-01   -5.415226E-05 
   183   -3.167698E-01    1.000073E+00    1.000103E+00    5.264321E-05 
   184   -3.157689E-01    1.000162E+00    1.000227E+00    1.699610E-04 
   185   -3.147681E-01    1.000256E+00    1.000358E+00    2.939376E-04 
   186   -3.137674E-01    1.000352E+00    1.000494E+00    4.207023E-04 
   187   -3.127668E-01    1.000449E+00    1.000629E+00    5.465916E-04 
   188   -3.117663E-01    1.000544E+00    1.000762E+00    6.683253E-04 
   189   -3.107659E-01    1.000634E+00    1.000888E+00    7.830727E-04 
   190   -3.097656E-01    1.000718E+00    1.001006E+00    8.885352E-04 
   191   -3.087654E-01    1.000795E+00    1.001113E+00    9.829546E-04 
   192   -3.077653E-01    1.000862E+00    1.001208E+00    1.065178E-03 
   193   -3.067652E-01    1.000921E+00    1.001290E+00    1.134613E-03 
   194   -3.057652E-01    1.000970E+00    1.001358E+00    1.191205E-03 
   195   -3.047652E-01    1.001010E+00    1.001414E+00    1.235442E-03 
   196   -3.037653E-01    1.001041E+00    1.001458E+00    1.268195E-03 
   197   -3.027654E-01    1.001065E+00    1.001491E+00    1.290494E-03 
   198   -3.017655E-01    1.001081E+00    1.001514E+00    1.303868E-03 
   199   -3.007656E-01    1.001091E+00    1.001528E+00    1.310659E-03 
   200   -2.997657E-01    1.001097E+00    1.001536E+00    1.313139E-03 
   201   -2.987658E-01    1.001098E+00    1.001538E+00    1.312804E-03 
   202   -2.977659E-01    1.001096E+00    1.001535E+00    1.310361E-03 
   203   -2.967660E-01    1.001092E+00    1.001529E+00    1.305808E-03 
   204   -2.957661E-01    1.001085E+00    1.001519E+00    1.299134E-03 
   205   -2.947662E-01    1.001076E+00    1.001507E+00    1.290294E-03 
   206   -2.937663E-01    1.001066E+00    1.001492E+00    1.279379E-03 
   207   -2.927663E-01    1.001054E+00    1.001475E+00    1.266489E-03 
   208   -2.917664E-01    1.001040E+00    1.001456E+00    1.251694E-03 
   209   -2.907664E-01    1.001025E+00    1.001435E+00    1.235058E-03 
   210   -2.897665E-01    1.001009E+00    1.001413E+00    1.216648E-03 
   211   -2.887665E-01    1.000991E+00    1.001388E+00    1.196543E-03 
   212   -2.877664E-01    1.000972E+00    1.001362E+00    1.174827E-03 
   213   -2.867664E-01    1.000953E+00    1.001334E+00    1.151594E-03 
   214   -2.857664E-01    1.000932E+00    1.001305E+00    1.126940E-03 
   215   -2.847663E-01    1.000910E+00    1.001274E+00    1.100966E-03 
   216   -2.837662E-01    1.000888E+00    1.001243E+00    1.073776E-03 
   217   -2.827661E-01    1.000864E+00    1.001210E+00    1.045480E-03 
   218   -2.817659E-01    1.000841E+00    1.001177E+00    1.016187E-03 
   219   -2.807657E-01    1.000816E+00    1.001143E+00    9.860075E-04 
   220   -2.797655E-01    1.000792E+00    1.001108E+00    9.550547E-04 
   221   -2.787653E-01    1.000767E+00    1.001073E+00    9.234398E-04 
   222   -2.777651E-01    1.000741E+00    1.001038E+00    8.912733E-04 
   223   -2.767648E-01    1.000716E+00    1.001003E+00    8.586642E-04 
   224   -2.757645E-01    1.000691E+00    1.000967E+00    8.257190E-04 
   225   -2.747642E-01    1.000665E+00    1.000932E+00    7.925412E-04 
   226   -2.737638E-01    1.000640E+00    1.000897E+00    7.592309E-04 
   227   -2.727635E-01    1.000615E+00    1.000862E+00    7.258841E-04 
   228   -2.717631E-01    1.000591E+00    1.000827E+00    6.925925E-04 
   229   -2.707626E-01    1.000567E+00    1.000794E+00    6.594433E-04 
   230   -2.697622E-01    1.000543E+00    1.000761E+00    6.265184E-04 
   231   -2.687617E-01    1.000520E+00    1.000728E+00    5.938947E-04 
   232   -2.677612E-01    1.000497E+00    1.000697E+00    5.616439E-04 
   233   -2.667607E-01    1.000476E+00    1.000666E+00    5.298323E-04 
   234   -2.657602E-01    1.000454E+00    1.000636E+00    4.985209E-04 
   235   -2.647596E-01    1.000434E+00    1.000608E+00    4.677654E-04 
   236   -2.637590E-01    1.000414E+00    1.000580E+00    4.376164E-04 
   237   -2.627584E-01    1.000395E+00    1.000553E+00    4.081195E-04 
   238   -2.617578E-01    1.000377E+00    1.000528E+00    3.793158E-04 
   239   -2.607572E-01    1.000360E+00    1.000504E+00    3.512417E-04 
   240   -2.597565E-01    1.000343E+00    1.000481E+00    3.239296E-04 
   241   -2.587559E-01    1.000328E+00    1.000459E+00    2.974082E-04 
   242   -2.577552E-01    1.000313E+00    1.000438E+00    2.717025E-04 
   243   -2.567545E-01    1.000299E+00    1.000418E+00    2.468348E-04 
   244   -2.557538E-01    1.000286E+00    1.000400E+00    2.228246E-04 
   245   -2.547530E-01    1.000273E+00    1.000383E+00    1.996893E-04 
   246   -2.537523E-01    1.000262E+00    1.000367E+00    1.774445E-04 
   247   -2.527516E-01    1.000251E+00    1.000351E+00    1.561047E-04 
   248   -2.517508E-01    1.000241E+00    1.000337E+00    1.356835E-04 
   249   -2.507500E-01    1.000232E+00    1.000324E+00    1.161942E-04 
   250   -2.497492E-01    1.000223E+00    1.000312E+00    9.765038E-05 
   251   -2.487485E-01    1.000215E+00    1.000300E+00    8.006636E-05 
   252   -2.477477E-01    1.000207E+00    1.000290E+00    6.345811E-05 
   253   -2.467469E-01    1.000200E+00    1.000280E+00    4.784422E-05 
   254   -2.457461E-01    1.000193E+00    1.000270E+00    3.324668E-05 
   255   -2.447453E-01    1.000187E+00    1.000261E+00    1.969189E-05 
   256   -2.437444E-01    1.000181E+00    1.000253E+00    7.210187E-06 
   257   -2.427436E-01    1.000175E+00    1.000245E+00   -4.162370E-06 
   258   -2.417428E-01    1.000169E+00    1.000237E+00   -1.437853E-05 
   259   -2.407419E-01    1.000163E+00    1.000228E+00   -2.336410E-05 
   260   -2.397411E-01    1.000157E+00    1.000220E+00   -3.099798E-05 
   261   -2.387403E-01    1.000151E+00    1.000211E+00   -3.714548E-05 
   262   -2.377394E-01    1.000143E+00    1.000200E+00   -4.173580E-05 
   263   -2.367386E-01    1.000134E+00    1.000188E+00   -4.463990E-05 
   264   -2.357377E-01    1.000123E+00    1.000172E+00   -4.569493E-05 
   265   -2.347368E-01    1.000108E+00    1.000152E+00   -4.421102E-05 
   266   -2.337359E-01    1.000089E+00    1.000125E+00   -3.866707E-05 
   267   -2.327350E-01    1.000064E+00    1.000089E+00   -2.651990E-05 
   268   -2.317341E-01    1.000030E+00    1.000042E+00   -4.896933E-06 
   269   -2.307332E-01    9.999866E-01    9.999812E-01    2.860343E-05 
   270   -2.297322E-01    9.999304E-01    9.999026E-01    7.618793E-05 
   271   -2.287312E-01    9.998590E-01    9.998026E-01    1.407447E-04 
   272   -2.277300E-01    9.997693E-01    9.996770E-01    2.255628E-04 
   273   -2.267289E-01    9.996577E-01    9.995208E-01    3.345622E-04 
   274   -2.257276E-01    9.995202E-01    9.993282E-01    4.723403E-04 
   275   -2.247261E-01    9.993522E-01    9.990931E-01    6.442010E-04 
   276   -2.237245E-01    9.991487E-01    9.988082E-01    8.562006E-04 
   277   -2.227227E-01    9.989040E-01    9.984657E-01    1.115084E-03 
   278   -2.217207E-01    9.986121E-01    9.980570E-01    1.428320E-03 
   279   -2.207184E-01    9.982663E-01    9.975731E-01    1.803971E-03 
   280   -2.197157E-01    9.978597E-01    9.970042E-01    2.250682E-03 
   281   -2.187126E-01    9.973851E-01    9.963401E-01    2.777613E-03 
   282   -2.177091E-01    9.968349E-01    9.955704E-01    3.394309E-03 
   283   -2.167049E-01    9.962014E-01    9.946843E-01    4.110617E-03 
   284   -2.157001E-01    9.954770E-01    9.936713E-01    4.936522E-03 
   285   -2.146946E-01    9.946542E-01    9.925210E-01    5.881957E-03 
   286   -2.136882E-01    9.937257E-01    9.912234E-01    6.956653E-03 
   287   -2.126809E-01    9.926848E-01    9.897691E-01    8.169858E-03 
   288   -2.116724E-01    9.915252E-01    9.881498E-01    9.530182E-03 
   289   -2.106628E-01    9.902417E-01    9.863580E-01    1.104533E-02 
   290   -2.096517E-01    9.888296E-01    9.843880E-01    1.272189E-02 
   291   -2.086392E-01    9.872857E-01    9.822351E-01    1.456516E-02 
   292   -2.076250E-01    9.856076E-01    9.798966E-01    1.657897E-02 
   293   -2.066091E-01    9.837945E-01    9.773716E-01    1.876546E-02 
   294   -2.055911E-01    9.818466E-01    9.746609E-01    2.112508E-02 
   295   -2.045711E-01    9.797657E-01    9.717674E-01    2.365652E-02 
   296   -2.035488E-01    9.775547E-01    9.686958E-01    2.635665E-02 
   297   -2.025241E-01    9.752181E-01    9.654525E-01    2.922065E-02 
   298   -2.014968E-01    9.727613E-01    9.620457E-01    3.224207E-02 
   299   -2.004669E-01    9.701908E-01    9.584849E-01    3.541300E-02 
   300   -1.994341E-01    9.675141E-01    9.547809E-01    3.872421E-02 
   301   -1.983984E-01    9.647394E-01    9.509456E-01    4.216544E-02 
   302   -1.973596E-01    9.618754E-01    9.469916E-01    4.572558E-02 
   303   -1.963176E-01    9.589313E-01    9.429317E-01    4.939297E-02 
   304   -1.952723E-01    9.559161E-01    9.387791E-01    5.315571E-02 
   305   -1.942236E-01    9.528390E-01    9.345467E-01    5.700192E-02 
   306   -1.931715E-01    9.497089E-01    9.302468E-01    6.092003E-02 
   307   -1.921158E-01    9.465339E-01    9.258912E-01    6.489904E-02 
   308   -1.910565E-01    9.433218E-01    9.214906E-01    6.892879E-02 
   309   -1.899936E-01    9.400792E-01    9.170543E-01    7.300008E-02 
   310   -1.889270E-01    9.368117E-01    9.125903E-01    7.710503E-02 
   311   -1.878566E-01    9.335238E-01    9.081045E-01    8.123711E-02 
   312   -1.867823E-01    9.302183E-01    9.036011E-01    8.539157E-02 
   313   -1.857043E-01    9.268965E-01    8.990819E-01    8.956558E-02 
   314   -1.846224E-01    9.235578E-01    8.945463E-01    9.375867E-02 
   315   -1.835365E-01    9.201997E-01    8.899909E-01    9.797295E-02 
   316   -1.824467E-01    9.168175E-01    8.854092E-01    1.022133E-01 
   317   -1.813529E-01    9.134041E-01    8.807923E-01    1.064875E-01 
   318   -1.802550E-01    9.099510E-01    8.761283E-01    1.108067E-01 
   319   -1.791529E-01    9.064476E-01    8.714037E-01    1.151919E-01 
   320   -1.780466E-01    9.028828E-01    8.666034E-01    1.196638E-01 
   321   -1.769359E-01    8.992451E-01    8.617126E-01    1.242431E-01 
   322   -1.758208E-01    8.955238E-01    8.567174E-01    1.289501E-01 
   323   -1.747009E-01    8.917098E-01    8.516063E-01    1.338035E-01 
   324   -1.735762E-01    8.877965E-01    8.463711E-01    1.388186E-01 
   325   -1.724465E-01    8.837806E-01    8.410080E-01    1.440061E-01 
   326   -1.713115E-01    8.796619E-01    8.355178E-01    1.493715E-01 
   327   -1.701712E-01    8.754445E-01    8.299066E-01    1.549142E-01 
   328   -1.690252E-01    8.711357E-01    8.241850E-01    1.606208E-01 
   329   -1.678734E-01    8.667463E-01    8.183681E-01    1.664743E-01 
   330   -1.667156E-01    8.622895E-01    8.124740E-01    1.724547E-01 
   331   -1.655518E-01    8.577803E-01    8.065231E-01    1.785395E-01 
   332   -1.643817E-01    8.532346E-01    8.005368E-01    1.847050E-01 
   333   -1.632053E-01    8.486682E-01    7.945361E-01    1.909272E-01 
   334   -1.620224E-01    8.440960E-01    7.885409E-01    1.971833E-01 
   335   -1.608331E-01    8.395316E-01    7.825689E-01    2.034527E-01 
   336   -1.596373E-01    8.349860E-01    7.766347E-01    2.097168E-01 
   337   -1.584350E-01    8.304680E-01    7.707492E-01    2.159607E-01 
   338   -1.572261E-01    8.259831E-01    7.649197E-01    2.221735E-01 
   339   -1.560106E-01    8.215341E-01    7.591492E-01    2.283497E-01 
   340   -1.547886E-01    8.171204E-01    7.534370E-01    2.344887E-01 
   341   -1.535600E-01    8.127393E-01    7.477792E-01    2.405938E-01 
   342   -1.523249E-01    8.083865E-01    7.421698E-01    2.466806E-01 
   343   -1.510831E-01    8.040565E-01    7.366019E-01    2.527723E-01 
   344   -1.498347E-01    7.997443E-01    7.310686E-01    2.588792E-01 
   345   -1.485795E-01    7.954451E-01    7.255640E-01    2.650017E-01 
   346   -1.473176E-01    7.911556E-01    7.200837E-01    2.711408E-01 
   347   -1.460488E-01    7.868741E-01    7.146254E-01    2.772955E-01 
   348   -1.447731E-01    7.826001E-01    7.091887E-01    2.834708E-01 
   349   -1.434904E-01    7.783355E-01    7.037758E-01    2.896772E-01 
   350   -1.422006E-01    7.740844E-01    6.983920E-01    2.959083E-01 
   351   -1.409038E-01    7.698530E-01    6.930448E-01    3.021494E-01 
   352   -1.395997E-01    7.656489E-01    6.877440E-01    3.083858E-01 
   353   -1.382884E-01    7.614808E-01    6.825001E-01    3.145999E-01 
   354   -1.369700E-01    7.573572E-01    6.773237E-01    3.207735E-01 
   355   -1.356443E-01    7.532861E-01    6.722242E-01    3.268891E-01 
   356   -1.343115E-01    7.492742E-01    6.672098E-01    3.329323E-01 
   357   -1.329716E-01    7.453266E-01    6.622864E-01    3.388914E-01 
   358   -1.316246E-01    7.414471E-01    6.574580E-01    3.447583E-01 
   359   -1.302706E-01    7.376373E-01    6.527263E-01    3.505289E-01 
   360   -1.289096E-01    7.338965E-01    6.480899E-01    3.562035E-01 
   361   -1.275418E-01    7.302216E-01    6.435443E-01    3.617858E-01 
   362   -1.261671E-01    7.266063E-01    6.390813E-01    3.672828E-01 
   363   -1.247856E-01    7.230410E-01    6.346887E-01    3.727040E-01 
   364   -1.233975E-01    7.195124E-01    6.303497E-01    3.780634E-01 
   365   -1.220026E-01    7.160028E-01    6.260425E-01    3.833818E-01 
   366   -1.206009E-01    7.124903E-01    6.217399E-01    3.886879E-01 
   367   -1.191924E-01    7.089483E-01    6.174096E-01    3.940190E-01 
   368   -1.177769E-01    7.053467E-01    6.130152E-01    3.994352E-01 
   369   -1.163542E-01    7.016532E-01    6.085176E-01    4.050077E-01 
   370   -1.149241E-01    6.978355E-01    6.038784E-01    4.108064E-01 
   371   -1.134860E-01    6.938645E-01    5.990635E-01    4.168947E-01 
   372   -1.120396E-01    6.897171E-01    5.940464E-01    4.233244E-01 
   373   -1.105843E-01    6.853797E-01    5.888121E-01    4.301317E-01 
   374   -1.091195E-01    6.808500E-01    5.833601E-01    4.373348E-01 
   375   -1.076447E-01    6.761386E-01    5.777048E-01    4.449191E-01 
   376   -1.061592E-01    6.712678E-01    5.718749E-01    4.528464E-01 
   377   -1.046626E-01    6.662688E-01    5.659093E-01    4.610642E-01 
   378   -1.031544E-01    6.611789E-01    5.598540E-01    4.695098E-01 
   379   -1.016343E-01    6.560380E-01    5.537571E-01    4.781144E-01 
   380   -1.001021E-01    6.508846E-01    5.476649E-01    4.868100E-01 
   381   -9.855765E-02    6.457538E-01    5.416187E-01    4.955273E-01 
   382   -9.700084E-02    6.406752E-01    5.356531E-01    5.042025E-01 
   383   -9.543166E-02    6.356723E-01    5.297952E-01    5.127826E-01 
   384   -9.385018E-02    6.307626E-01    5.240644E-01    5.212334E-01 
   385   -9.225645E-02    6.259562E-01    5.184715E-01    5.295370E-01 
   386   -9.065060E-02    6.212556E-01    5.130183E-01    5.376902E-01 
   387   -8.903276E-02    6.166544E-01    5.076964E-01    5.457019E-01 
   388   -8.740302E-02    6.121377E-01    5.024874E-01    5.535948E-01 
   389   -8.576145E-02    6.076837E-01    4.973658E-01    5.614054E-01 
   390   -8.410799E-02    6.032691E-01    4.923040E-01    5.692092E-01 
   391   -8.244250E-02    5.988721E-01    4.872772E-01    5.770558E-01 
   392   -8.076479E-02    5.944774E-01    4.822676E-01    5.849578E-01 
   393   -7.907463E-02    5.900773E-01    4.772668E-01    5.929211E-01 
   394   -7.737178E-02    5.856731E-01    4.722763E-01    6.009589E-01 
   395   -7.565601E-02    5.812748E-01    4.673076E-01    6.090914E-01 
   396   -7.392713E-02    5.769017E-01    4.623825E-01    6.172796E-01 
   397   -7.218500E-02    5.725803E-01    4.575304E-01    6.254629E-01 
   398   -7.042964E-02    5.683409E-01    4.527848E-01    6.335653E-01 
   399   -6.866117E-02    5.642154E-01    4.481805E-01    6.415023E-01 
   400   -6.687980E-02    5.602359E-01    4.437519E-01    6.491927E-01 
   401   -6.508585E-02    5.564350E-01    4.395339E-01    6.565599E-01 
   402   -6.327978E-02    5.528471E-01    4.355630E-01    6.635379E-01 
   403   -6.146218E-02    5.495093E-01    4.318781E-01    6.700657E-01 
   404   -5.963379E-02    5.464625E-01    4.285221E-01    6.760799E-01 
   405   -5.779551E-02    5.437514E-01    4.255419E-01    6.814971E-01 
   406   -5.594846E-02    5.414268E-01    4.229908E-01    6.862071E-01 
   407   -5.409396E-02    5.395464E-01    4.209293E-01    6.900671E-01 
   408   -5.223355E-02    5.381684E-01    4.194190E-01    6.929152E-01 
   409   -5.036901E-02    5.373299E-01    4.184983E-01    6.946050E-01 
   410   -4.850262E-02    5.370142E-01    4.181477E-01    6.948158E-01 
   411   -4.663674E-02    5.371366E-01    4.182748E-01    6.937826E-01 
   412   -4.477257E-02    5.375692E-01    4.187401E-01    6.924716E-01 
   413   -4.291073E-02    5.381864E-01    4.194067E-01    6.910537E-01 
   414   -4.105142E-02    5.388965E-01    4.201752E-01    6.895705E-01 
   415   -3.919482E-02    5.396460E-01    4.209869E-01    6.880598E-01 
   416   -3.734082E-02    5.404064E-01    4.218109E-01    6.865418E-01 
   417   -3.548951E-02    5.411596E-01    4.226272E-01    6.850477E-01 
   418   -3.364087E-02    5.418905E-01    4.234194E-01    6.836180E-01 
   419   -3.179467E-02    5.425857E-01    4.241728E-01    6.822805E-01 
   420   -2.995085E-02    5.432348E-01    4.248758E-01    6.810534E-01 
   421   -2.810913E-02    5.438305E-01    4.255205E-01    6.799479E-01 
   422   -2.626937E-02    5.443673E-01    4.261006E-01    6.789744E-01 
   423   -2.443139E-02    5.448419E-01    4.266125E-01    6.781320E-01 
   424   -2.259484E-02    5.452542E-01    4.270561E-01    6.774097E-01 
   425   -2.075958E-02    5.456077E-01    4.274350E-01    6.767973E-01 
   426   -1.892539E-02    5.459073E-01    4.277546E-01    6.762852E-01 
   427   -1.709212E-02    5.461585E-01    4.280208E-01    6.758633E-01 
   428   -1.525959E-02    5.463677E-01    4.282409E-01    6.755172E-01 
   429   -1.342765E-02    5.465418E-01    4.284221E-01    6.752330E-01 
   430   -1.159625E-02    5.466868E-01    4.285713E-01    6.750005E-01 
   431   -9.765273E-03    5.468081E-01    4.286940E-01    6.748091E-01 
   432   -7.934633E-03    5.469102E-01    4.287955E-01    6.746501E-01 
   433   -6.104308E-03    5.469972E-01    4.288801E-01    6.745141E-01 
   434   -4.274255E-03    5.470726E-01    4.289516E-01    6.743961E-01 
   435   -2.444394E-03    5.471391E-01    4.290132E-01    6.742924E-01 
   436   -6.147575E-04    5.471988E-01    4.290667E-01    6.742007E-01 
   437    1.214665E-03    5.472530E-01    4.291140E-01    6.741184E-01 
   438    3.043974E-03    5.473031E-01    4.291565E-01    6.740423E-01 
   439    4.873086E-03    5.473501E-01    4.291951E-01    6.739731E-01 
   440    6.702056E-03    5.473942E-01    4.292302E-01    6.739101E-01 
   441    8.530876E-03    5.474359E-01    4.292623E-01    6.738512E-01 
   442    1.035955E-02    5.474758E-01    4.292919E-01    6.737954E-01 
   443    1.218817E-02    5.475142E-01    4.293194E-01    6.737433E-01 
   444    1.401656E-02    5.475511E-01    4.293446E-01    6.736953E-01 
   445    1.584485E-02    5.475867E-01    4.293681E-01    6.736491E-01 
   446    1.767313E-02    5.476216E-01    4.293907E-01    6.736047E-01 
   447    1.950116E-02    5.476558E-01    4.294117E-01    6.735642E-01 
   448    2.132910E-02    5.476892E-01    4.294308E-01    6.735255E-01 
   449    2.315702E-02    5.477221E-01    4.294484E-01    6.734874E-01 
   450    2.498475E-02    5.477547E-01    4.294658E-01    6.734519E-01 
   451    2.681238E-02    5.477868E-01    4.294827E-01    6.734195E-01 
   452    2.863991E-02    5.478184E-01    4.294979E-01    6.733868E-01 
   453    3.046734E-02    5.478502E-01    4.295115E-01    6.733551E-01 
   454    3.229475E-02    5.478821E-01    4.295238E-01    6.733272E-01 
   455    3.412186E-02    5.479132E-01    4.295358E-01    6.733008E-01 
   456    3.594894E-02    5.479445E-01    4.295482E-01    6.732728E-01 
   457    3.777615E-02    5.479765E-01    4.295603E-01    6.732470E-01 
   458    3.960293E-02    5.480086E-01    4.295696E-01    6.732265E-01 
   459    4.142959E-02    5.480405E-01    4.295765E-01    6.732035E-01 
   460    4.325650E-02    5.480733E-01    4.295843E-01    6.731788E-01 
   461    4.508309E-02    5.481069E-01    4.295935E-01    6.731603E-01 
   462    4.690933E-02    5.481399E-01    4.296016E-01    6.731447E-01 
   463    4.873576E-02    5.481736E-01    4.296076E-01    6.731227E-01 
   464    5.056219E-02    5.482098E-01    4.296134E-01    6.731025E-01 
   465    5.238821E-02    5.482469E-01    4.296178E-01    6.730917E-01 
   466    5.421399E-02    5.482831E-01    4.296196E-01    6.730782E-01 
   467    5.604004E-02    5.483211E-01    4.296230E-01    6.730561E-01 
   468    5.786600E-02    5.483620E-01    4.296305E-01    6.730422E-01 
   469    5.969128E-02    5.484031E-01    4.296365E-01    6.730388E-01 
   470    6.151663E-02    5.484451E-01    4.296363E-01    6.730235E-01 
   471    6.334240E-02    5.484921E-01    4.296334E-01    6.730005E-01 
   472    6.516749E-02    5.485422E-01    4.296320E-01    6.729927E-01 
   473    6.699203E-02    5.485900E-01    4.296342E-01    6.730002E-01 
   474    6.881714E-02    5.486392E-01    4.296424E-01    6.729756E-01 
   475    7.064194E-02    5.486988E-01    4.296517E-01    6.729432E-01 
   476    7.246640E-02    5.487628E-01    4.296439E-01    6.729607E-01 
   477    7.429055E-02    5.488235E-01    4.296198E-01    6.729753E-01 
   478    7.611407E-02    5.488904E-01    4.296190E-01    6.729062E-01 
   479    7.793815E-02    5.489679E-01    4.296441E-01    6.728922E-01 
   480    7.976380E-02    5.490438E-01    4.296482E-01    6.729972E-01 
   481    8.158345E-02    5.491229E-01    4.296220E-01    6.728873E-01 
   482    8.340573E-02    5.492281E-01    4.296174E-01    6.728122E-01 
   483    8.523722E-02    5.493349E-01    4.296157E-01    6.729969E-01 
   484    8.705084E-02    5.494348E-01    4.295976E-01    6.729306E-01 
   485    8.886604E-02    5.495688E-01    4.296087E-01    6.726946E-01 
   486    9.070929E-02    5.497388E-01    4.296673E-01    6.729970E-01 
   487    9.252082E-02    5.499451E-01    4.297380E-01    6.730246E-01 
   488    9.431204E-02    5.502390E-01    4.297803E-01    6.724978E-01 
   489    9.617980E-02    5.506937E-01    4.297819E-01    6.730784E-01 
   490    9.799600E-02    5.511383E-01    4.295109E-01    6.730644E-01 
   491    9.972684E-02    5.514124E-01    4.288196E-01    6.723152E-01 
   492    1.016472E-01    5.513350E-01    4.277754E-01    6.732242E-01 
   493    1.034620E-01    5.498931E-01    4.256706E-01    6.729400E-01 
   494    1.051128E-01    5.468088E-01    4.232814E-01    6.723167E-01 
   495    1.071386E-01    5.402174E-01    4.222198E-01    6.733305E-01 
   496    1.089395E-01    5.319482E-01    4.254585E-01    6.724558E-01 
   497    1.106921E-01    5.222153E-01    4.306776E-01    6.729777E-01 
   498    1.128740E-01    5.100227E-01    4.358657E-01    6.727929E-01 
   499    1.154061E-01    4.948181E-01    4.481787E-01    6.745118E-01 
   500    1.137962E-01    5.043460E-01    3.511648E-01    6.704452E-01 
   501    1.157288E-01    4.927573E-01    3.729998E-01    6.682439E-01 
   502    1.170765E-01    4.840677E-01    3.949263E-01    6.717948E-01 
   503    1.177872E-01    4.794988E-01    4.161483E-01    6.730725E-01 
   504    1.179941E-01    4.782406E-01    4.336724E-01    6.726133E-01 
   505    1.184274E-01    4.757538E-01    4.427921E-01    6.710702E-01 
   506    1.194248E-01    4.705659E-01    4.437384E-01    6.724163E-01 
   507    1.200648E-01    4.675591E-01    4.428856E-01    6.747067E-01 
   508    1.202788E-01    4.666279E-01    4.419273E-01    6.746292E-01 
   509    1.204345E-01    4.659838E-01    4.406792E-01    6.734903E-01 
   510    1.209606E-01    4.640621E-01    4.383422E-01    6.711507E-01 
   511    1.216979E-01    4.618551E-01    4.358428E-01    6.722208E-01 
   512    1.223596E-01    4.602862E-01    4.339721E-01    6.723263E-01 
   513    1.230116E-01    4.591109E-01    4.325101E-01    6.722143E-01 
   514    1.235537E-01    4.583880E-01    4.314584E-01    6.718152E-01 
   515    1.242129E-01    4.577411E-01    4.304721E-01    6.735510E-01 
   516    1.247069E-01    4.573797E-01    4.297790E-01    6.737472E-01 
   517    1.251232E-01    4.571520E-01    4.292910E-01    6.734369E-01 
   518    1.255712E-01    4.569944E-01    4.289082E-01    6.727877E-01 
   519    1.261077E-01    4.568848E-01    4.285991E-01    6.725414E-01 
   520    1.266672E-01    4.568397E-01    4.283754E-01    6.723920E-01 
   521    1.272550E-01    4.568506E-01    4.282415E-01    6.722529E-01 
   522    1.279068E-01    4.569023E-01    4.281658E-01    6.723707E-01 
   523    1.285142E-01    4.569596E-01    4.281067E-01    6.728696E-01 
   524    1.290385E-01    4.570116E-01    4.280425E-01    6.732034E-01 
   525    1.295325E-01    4.570613E-01    4.279827E-01    6.731468E-01 
   526    1.300509E-01    4.571263E-01    4.279408E-01    6.726702E-01 
   527    1.305939E-01    4.572059E-01    4.279172E-01    6.726490E-01 
   528    1.311196E-01    4.572822E-01    4.278871E-01    6.727039E-01 
   529    1.316500E-01    4.573608E-01    4.278659E-01    6.725699E-01 
   530    1.322099E-01    4.574452E-01    4.278600E-01    6.725242E-01 
   531    1.327942E-01    4.575290E-01    4.278647E-01    6.728244E-01 
   532    1.333652E-01    4.575996E-01    4.278648E-01    6.730608E-01 
   533    1.339096E-01    4.576594E-01    4.278604E-01    6.729439E-01 
   534    1.344414E-01    4.577234E-01    4.278666E-01    6.726545E-01 
   535    1.349879E-01    4.577940E-01    4.278817E-01    6.725170E-01 
   536    1.355419E-01    4.578622E-01    4.278925E-01    6.726390E-01 
   537    1.360786E-01    4.579228E-01    4.278948E-01    6.726705E-01 
   538    1.366105E-01    4.579800E-01    4.278921E-01    6.726731E-01 
   539    1.371500E-01    4.580344E-01    4.278902E-01    6.727750E-01 
   540    1.376945E-01    4.580841E-01    4.278838E-01    6.728730E-01 
   541    1.382431E-01    4.581298E-01    4.278810E-01    6.728706E-01 
   542    1.387977E-01    4.581752E-01    4.278793E-01    6.727677E-01 
   543    1.393551E-01    4.582225E-01    4.278895E-01    6.726386E-01 
   544    1.399098E-01    4.582701E-01    4.278980E-01    6.726018E-01 
   545    1.404603E-01    4.583148E-01    4.279103E-01    6.726578E-01 
   546    1.410039E-01    4.583554E-01    4.279120E-01    6.727111E-01 
   547    1.415417E-01    4.583926E-01    4.279165E-01    6.727322E-01 
   548    1.420765E-01    4.584273E-01    4.279117E-01    6.727425E-01 
   549    1.426124E-01    4.584604E-01    4.279120E-01    6.727277E-01 
   550    1.431539E-01    4.584932E-01    4.279081E-01    6.726966E-01 
   551    1.437040E-01    4.585259E-01    4.279109E-01    6.726825E-01 
   552    1.442602E-01    4.585573E-01    4.279112E-01    6.727007E-01 
   553    1.448152E-01    4.585863E-01    4.279136E-01    6.727225E-01 
   554    1.453653E-01    4.586130E-01    4.279141E-01    6.727293E-01 
   555    1.459116E-01    4.586380E-01    4.279140E-01    6.727248E-01 
   556    1.464547E-01    4.586618E-01    4.279148E-01    6.727074E-01 
   557    1.469951E-01    4.586852E-01    4.279129E-01    6.726755E-01 
   558    1.475342E-01    4.587088E-01    4.279162E-01    6.726398E-01 
   559    1.480748E-01    4.587326E-01    4.279145E-01    6.726205E-01 
   560    1.486193E-01    4.587555E-01    4.279190E-01    6.726400E-01 
   561    1.491674E-01    4.587767E-01    4.279154E-01    6.726917E-01 
   562    1.497171E-01    4.587956E-01    4.279174E-01    6.727314E-01 
   563    1.502659E-01    4.588128E-01    4.279115E-01    6.727383E-01 
   564    1.508138E-01    4.588290E-01    4.279126E-01    6.727213E-01 
   565    1.513602E-01    4.588451E-01    4.279085E-01    6.726972E-01 
   566    1.519055E-01    4.588614E-01    4.279108E-01    6.726704E-01 
   567    1.524490E-01    4.588779E-01    4.279099E-01    6.726429E-01 
   568    1.529918E-01    4.588945E-01    4.279125E-01    6.726246E-01 
   569    1.535346E-01    4.589106E-01    4.279134E-01    6.726256E-01 
   570    1.540783E-01    4.589257E-01    4.279137E-01    6.726464E-01 
   571    1.546235E-01    4.589395E-01    4.279144E-01    6.726720E-01 
   572    1.551696E-01    4.589521E-01    4.279113E-01    6.726858E-01 
   573    1.557167E-01    4.589637E-01    4.279123E-01    6.726874E-01 
   574    1.562637E-01    4.589747E-01    4.279076E-01    6.726823E-01 
   575    1.568105E-01    4.589853E-01    4.279097E-01    6.726738E-01 
   576    1.573561E-01    4.589955E-01    4.279049E-01    6.726637E-01 
   577    1.579013E-01    4.590057E-01    4.279078E-01    6.726515E-01 
   578    1.584452E-01    4.590159E-01    4.279040E-01    6.726390E-01 
   579    1.589890E-01    4.590261E-01    4.279071E-01    6.726280E-01 
   580    1.595327E-01    4.590360E-01    4.279045E-01    6.726240E-01 
   581    1.600771E-01    4.590454E-01    4.279064E-01    6.726288E-01 
   582    1.606223E-01    4.590540E-01    4.279041E-01    6.726394E-01 
   583    1.611683E-01    4.590618E-01    4.279037E-01    6.726490E-01 
   584    1.617144E-01    4.590689E-01    4.279020E-01    6.726535E-01 
   585    1.622604E-01    4.590755E-01    4.278995E-01    6.726525E-01 
   586    1.628063E-01    4.590816E-01    4.278993E-01    6.726466E-01 
   587    1.633513E-01    4.590876E-01    4.278954E-01    6.726377E-01 
   588    1.638963E-01    4.590936E-01    4.278970E-01    6.726271E-01 
   589    1.644406E-01    4.590998E-01    4.278930E-01    6.726178E-01 
   590    1.649851E-01    4.591060E-01    4.278961E-01    6.726102E-01 
   591    1.655295E-01    4.591121E-01    4.278921E-01    6.726075E-01 
   592    1.660744E-01    4.591177E-01    4.278949E-01    6.726102E-01 
   593    1.666195E-01    4.591228E-01    4.278906E-01    6.726158E-01 
   594    1.671650E-01    4.591273E-01    4.278919E-01    6.726195E-01 
   595    1.677105E-01    4.591313E-01    4.278878E-01    6.726207E-01 
   596    1.682559E-01    4.591349E-01    4.278875E-01    6.726181E-01 
   597    1.688013E-01    4.591383E-01    4.278847E-01    6.726133E-01 
   598    1.693463E-01    4.591416E-01    4.278831E-01    6.726077E-01 
   599    1.698913E-01    4.591449E-01    4.278823E-01    6.726013E-01 
   600    1.704359E-01    4.591482E-01    4.278797E-01    6.725955E-01 
   601    1.709807E-01    4.591515E-01    4.278807E-01    6.725909E-01 
   602    1.715254E-01    4.591546E-01    4.278769E-01    6.725882E-01 
   603    1.720704E-01    4.591576E-01    4.278789E-01    6.725872E-01 
   604    1.726153E-01    4.591601E-01    4.278741E-01    6.725871E-01 
   605    1.731607E-01    4.591624E-01    4.278760E-01    6.725867E-01 
   606    1.737058E-01    4.591643E-01    4.278708E-01    6.725860E-01 
   607    1.742511E-01    4.591660E-01    4.278720E-01    6.725837E-01 
   608    1.747962E-01    4.591675E-01    4.278673E-01    6.725805E-01 
   609    1.753412E-01    4.591689E-01    4.278675E-01    6.725764E-01 
   610    1.758862E-01    4.591703E-01    4.278642E-01    6.725714E-01 
   611    1.764309E-01    4.591716E-01    4.278634E-01    6.725670E-01 
   612    1.769759E-01    4.591729E-01    4.278617E-01    6.725628E-01 
   613    1.775207E-01    4.591740E-01    4.278596E-01    6.725596E-01 
   614    1.780657E-01    4.591751E-01    4.278595E-01    6.725573E-01 
   615    1.786106E-01    4.591759E-01    4.278558E-01    6.725554E-01 
   616    1.791558E-01    4.591766E-01    4.278567E-01    6.725535E-01 
   617    1.797008E-01    4.591771E-01    4.278517E-01    6.725515E-01 
   618    1.802460E-01    4.591774E-01    4.278532E-01    6.725485E-01 
   619    1.807910E-01    4.591776E-01    4.278477E-01    6.725454E-01 
   620    1.813360E-01    4.591777E-01    4.278491E-01    6.725416E-01 
   621    1.818810E-01    4.591778E-01    4.278441E-01    6.725376E-01 
   622    1.824259E-01    4.591778E-01    4.278449E-01    6.725339E-01 
   623    1.829708E-01    4.591778E-01    4.278409E-01    6.725302E-01 
   624    1.835157E-01    4.591777E-01    4.278407E-01    6.725270E-01 
   625    1.840608E-01    4.591775E-01    4.278381E-01    6.725241E-01 
   626    1.846057E-01    4.591771E-01    4.278363E-01    6.725214E-01 
   627    1.851508E-01    4.591767E-01    4.278352E-01    6.725188E-01 
   628    1.856958E-01    4.591761E-01    4.278319E-01    6.725160E-01 
   629    1.862409E-01    4.591755E-01    4.278321E-01    6.725128E-01 
   630    1.867858E-01    4.591748E-01    4.278274E-01    6.725097E-01 
   631    1.873310E-01    4.591739E-01    4.278285E-01    6.725059E-01 
   632    1.878758E-01    4.591731E-01    4.278231E-01    6.725025E-01 
   633    1.884209E-01    4.591721E-01    4.278245E-01    6.724988E-01 
   634    1.889658E-01    4.591712E-01    4.278191E-01    6.724953E-01 
   635    1.895108E-01    4.591701E-01    4.278200E-01    6.724921E-01 
   636    1.900558E-01    4.591689E-01    4.278153E-01    6.724885E-01 
   637    1.906008E-01    4.591677E-01    4.278152E-01    6.724854E-01 
   638    1.911459E-01    4.591664E-01    4.278116E-01    6.724819E-01 
   639    1.916909E-01    4.591650E-01    4.278102E-01    6.724783E-01 
   640    1.922359E-01    4.591635E-01    4.278080E-01    6.724748E-01 
   641    1.927809E-01    4.591619E-01    4.278050E-01    6.724708E-01 
   642    1.933260E-01    4.591603E-01    4.278043E-01    6.724668E-01 
   643    1.938709E-01    4.591587E-01    4.277998E-01    6.724629E-01 
   644    1.944160E-01    4.591570E-01    4.278003E-01    6.724584E-01 
   645    1.949609E-01    4.591553E-01    4.277949E-01    6.724547E-01 
   646    1.955060E-01    4.591535E-01    4.277959E-01    6.724505E-01 
   647    1.960510E-01    4.591516E-01    4.277901E-01    6.724466E-01 
   648    1.965960E-01    4.591498E-01    4.277910E-01    6.724429E-01 
   649    1.971411E-01    4.591478E-01    4.277856E-01    6.724389E-01 
   650    1.976861E-01    4.591458E-01    4.277857E-01    6.724353E-01 
   651    1.982312E-01    4.591437E-01    4.277811E-01    6.724313E-01 
   652    1.987762E-01    4.591415E-01    4.277799E-01    6.724273E-01 
   653    1.993212E-01    4.591392E-01    4.277766E-01    6.724237E-01 
   654    1.998663E-01    4.591367E-01    4.277737E-01    6.724197E-01 
   655    2.004113E-01    4.591341E-01    4.277716E-01    6.724159E-01 
   656    2.009563E-01    4.591313E-01    4.277668E-01    6.724119E-01 
   657    2.015015E-01    4.591283E-01    4.277656E-01    6.724072E-01 
   658    2.020464E-01    4.591251E-01    4.277591E-01    6.724027E-01 
   659    2.025916E-01    4.591216E-01    4.277582E-01    6.723968E-01 
   660    2.031365E-01    4.591179E-01    4.277505E-01    6.723908E-01 
   661    2.036817E-01    4.591139E-01    4.277492E-01    6.723837E-01 
   662    2.042267E-01    4.591097E-01    4.277411E-01    6.723755E-01 
   663    2.047718E-01    4.591055E-01    4.277390E-01    6.723666E-01 
   664    2.053169E-01    4.591011E-01    4.277314E-01    6.723561E-01 
   665    2.058619E-01    4.590968E-01    4.277284E-01    6.723449E-01 
   666    2.064070E-01    4.590927E-01    4.277223E-01    6.723330E-01 
   667    2.069521E-01    4.590888E-01    4.277187E-01    6.723201E-01 
   668    2.074973E-01    4.590853E-01    4.277149E-01    6.723074E-01 
   669    2.080423E-01    4.590823E-01    4.277110E-01    6.722942E-01 
   670    2.085875E-01    4.590798E-01    4.277101E-01    6.722819E-01 
   671    2.091326E-01    4.590780E-01    4.277063E-01    6.722731E-01 
   672    2.096779E-01    4.590767E-01    4.277082E-01    6.722671E-01 
   673    2.102229E-01    4.590760E-01    4.277049E-01    6.722685E-01 
   674    2.107681E-01    4.590757E-01    4.277087E-01    6.722741E-01 
   675    2.113132E-01    4.590755E-01    4.277058E-01    6.722849E-01 
   676    2.118583E-01    4.590752E-01    4.277095E-01    6.722986E-01 
   677    2.124034E-01    4.590744E-01    4.277062E-01    6.723124E-01 
   678    2.129485E-01    4.590726E-01    4.277072E-01    6.723266E-01 
   679    2.134936E-01    4.590693E-01    4.277017E-01    6.723383E-01 
   680    2.140387E-01    4.590641E-01    4.276971E-01    6.723474E-01 
   681    2.145838E-01    4.590562E-01    4.276871E-01    6.723530E-01 
   682    2.151289E-01    4.590454E-01    4.276738E-01    6.723530E-01 
   683    2.156740E-01    4.590310E-01    4.276568E-01    6.723471E-01 
   684    2.162190E-01    4.590129E-01    4.276326E-01    6.723336E-01 
   685    2.167643E-01    4.589910E-01    4.276072E-01    6.723093E-01 
   686    2.173093E-01    4.589655E-01    4.275720E-01    6.722718E-01 
   687    2.178546E-01    4.589366E-01    4.275384E-01    6.722172E-01 
   688    2.183997E-01    4.589053E-01    4.274950E-01    6.721465E-01 
   689    2.189450E-01    4.588724E-01    4.274565E-01    6.720573E-01 
   690    2.194903E-01    4.588394E-01    4.274110E-01    6.719510E-01 
   691    2.200357E-01    4.588078E-01    4.273736E-01    6.718287E-01 
   692    2.205812E-01    4.587793E-01    4.273348E-01    6.716918E-01 
   693    2.211267E-01    4.587558E-01    4.273071E-01    6.715446E-01 
   694    2.216724E-01    4.587389E-01    4.272844E-01    6.713956E-01 
   695    2.222181E-01    4.587300E-01    4.272745E-01    6.712616E-01 
   696    2.227639E-01    4.587301E-01    4.272756E-01    6.711706E-01 
   697    2.233097E-01    4.587399E-01    4.272887E-01    6.711414E-01 
   698    2.238556E-01    4.587592E-01    4.273162E-01    6.711906E-01 
   699    2.244013E-01    4.587870E-01    4.273513E-01    6.713154E-01 
   700    2.249472E-01    4.588216E-01    4.274001E-01    6.714981E-01 
   701    2.254926E-01    4.588605E-01    4.274486E-01    6.717226E-01 
   702    2.260381E-01    4.589004E-01    4.275048E-01    6.719621E-01 
   703    2.265834E-01    4.589371E-01    4.275501E-01    6.722050E-01 
   704    2.271285E-01    4.589661E-01    4.275921E-01    6.724337E-01 
   705    2.276735E-01    4.589824E-01    4.276111E-01    6.726342E-01 
   706    2.282183E-01    4.589808E-01    4.276126E-01    6.727973E-01 
   707    2.287631E-01    4.589562E-01    4.275792E-01    6.729151E-01 
   708    2.293078E-01    4.589041E-01    4.275136E-01    6.729782E-01 
   709    2.298526E-01    4.588205E-01    4.274044E-01    6.729783E-01 
   710    2.303973E-01    4.587029E-01    4.272521E-01    6.729078E-01 
   711    2.309421E-01    4.585503E-01    4.270543E-01    6.727523E-01 
   712    2.314871E-01    4.583635E-01    4.268102E-01    6.724937E-01 
   713    2.320324E-01    4.581459E-01    4.265291E-01    6.721058E-01 
   714    2.325777E-01    4.579032E-01    4.262108E-01    6.715679E-01 
   715    2.331238E-01    4.576437E-01    4.258763E-01    6.708741E-01 
   716    2.336701E-01    4.573787E-01    4.255282E-01    6.700248E-01 
   717    2.342172E-01    4.571207E-01    4.251963E-01    6.690321E-01 
   718    2.347648E-01    4.568847E-01    4.248861E-01    6.679178E-01 
   719    2.353132E-01    4.566856E-01    4.246306E-01    6.666841E-01 
   720    2.358624E-01    4.565381E-01    4.244365E-01    6.654135E-01 
   721    2.364122E-01    4.564550E-01    4.243314E-01    6.642403E-01 
   722    2.369627E-01    4.564460E-01    4.243188E-01    6.633923E-01 
   723    2.375135E-01    4.565160E-01    4.244118E-01    6.630520E-01 
   724    2.380645E-01    4.566636E-01    4.246046E-01    6.633749E-01 
   725    2.386150E-01    4.568804E-01    4.248875E-01    6.643579E-01 
   726    2.391649E-01    4.571501E-01    4.252408E-01    6.658604E-01 
   727    2.397136E-01    4.574479E-01    4.256278E-01    6.677106E-01 
   728    2.402613E-01    4.577417E-01    4.260139E-01    6.697443E-01 
   729    2.408075E-01    4.579919E-01    4.263374E-01    6.717916E-01 
   730    2.413526E-01    4.581524E-01    4.265500E-01    6.737538E-01 
   731    2.418963E-01    4.581721E-01    4.265712E-01    6.754785E-01 
   732    2.424392E-01    4.579954E-01    4.263416E-01    6.768825E-01 
   733    2.429812E-01    4.575641E-01    4.257704E-01    6.778914E-01 
   734    2.435229E-01    4.568177E-01    4.247905E-01    6.784678E-01 
   735    2.440644E-01    4.556959E-01    4.233104E-01    6.784939E-01 
   736    2.446063E-01    4.541396E-01    4.212620E-01    6.778125E-01 
   737    2.451490E-01    4.520932E-01    4.185644E-01    6.763740E-01 
   738    2.456933E-01    4.495027E-01    4.151520E-01    6.739416E-01 
   739    2.462400E-01    4.463195E-01    4.109624E-01    6.700656E-01 
   740    2.467899E-01    4.425015E-01    4.059426E-01    6.645464E-01 
   741    2.473445E-01    4.380104E-01    4.000517E-01    6.571813E-01 
   742    2.479049E-01    4.328165E-01    3.932555E-01    6.475857E-01 
   743    2.484729E-01    4.268989E-01    3.855476E-01    6.356267E-01 
   744    2.490499E-01    4.202479E-01    3.769186E-01    6.208972E-01 
   745    2.496381E-01    4.128594E-01    3.673981E-01    6.030643E-01 
   746    2.502392E-01    4.047510E-01    3.570173E-01    5.824450E-01 
   747    2.508557E-01    3.959493E-01    3.458503E-01    5.587943E-01 
   748    2.514891E-01    3.865157E-01    3.339950E-01    5.315481E-01 
   749    2.521420E-01    3.765227E-01    3.215788E-01    5.005721E-01 
   750    2.528165E-01    3.660732E-01    3.087519E-01    4.665347E-01 
   751    2.535148E-01    3.552915E-01    2.957014E-01    4.299435E-01 
   752    2.542382E-01    3.443461E-01    2.826477E-01    3.906735E-01 
   753    2.549882E-01    3.334187E-01    2.698213E-01    3.491131E-01 
   754    2.557659E-01    3.227052E-01    2.574519E-01    3.066058E-01 
   755    2.565718E-01    3.124065E-01    2.457634E-01    2.643043E-01 
   756    2.574052E-01    3.027186E-01    2.349543E-01    2.231799E-01 
   757    2.582651E-01    2.938084E-01    2.251774E-01    1.842778E-01 
   758    2.591499E-01    2.858032E-01    2.165341E-01    1.489418E-01 
   759    2.600572E-01    2.787839E-01    2.090664E-01    1.179437E-01 
   760    2.609840E-01    2.727763E-01    2.027582E-01    9.168188E-02 
   761    2.619274E-01    2.677522E-01    1.975418E-01    7.003996E-02 
   762    2.628844E-01    2.636429E-01    1.933142E-01    5.267310E-02 
   763    2.638523E-01    2.603498E-01    1.899515E-01    3.913800E-02 
   764    2.648287E-01    2.577612E-01    1.873225E-01    2.877029E-02 
   765    2.658116E-01    2.557603E-01    1.852982E-01    2.093153E-02 
   766    2.667994E-01    2.542361E-01    1.837605E-01    1.509900E-02 
   767    2.677909E-01    2.530905E-01    1.826069E-01    1.081494E-02 
   768    2.687851E-01    2.522394E-01    1.817507E-01    7.700422E-03 
   769    2.697812E-01    2.516133E-01    1.811213E-01    5.454791E-03 
   770    2.707788E-01    2.511566E-01    1.806624E-01    3.846238E-03 
   771    2.717773E-01    2.508261E-01    1.803303E-01    2.699936E-03 
   772    2.727766E-01    2.505886E-01    1.800915E-01    1.886305E-03 
   773    2.737764E-01    2.504188E-01    1.799209E-01    1.310527E-03 
   774    2.747765E-01    2.502983E-01    1.797998E-01    9.037853E-04 
   775    2.757769E-01    2.502131E-01    1.797142E-01    6.165645E-04 
   776    2.767774E-01    2.501534E-01    1.796542E-01    4.134784E-04 
   777    2.777781E-01    2.501118E-01    1.796124E-01    2.693683E-04 
   778    2.787789E-01    2.500831E-01    1.795836E-01    1.664178E-04 
   779    2.797797E-01    2.500636E-01    1.795639E-01    9.204819E-05 
   780    2.807805E-01    2.500506E-01    1.795509E-01    3.739844E-05 
   781    2.817814E-01    2.500422E-01    1.795425E-01   -3.764784E-06 
   782    2.827823E-01    2.500372E-01    1.795374E-01   -3.582331E-05 
   783    2.837832E-01    2.500346E-01    1.795348E-01   -6.185820E-05 
   784    2.847840E-01    2.500337E-01    1.795339E-01   -8.403856E-05 
   785    2.857849E-01    2.500342E-01    1.795343E-01   -1.038952E-04 
   786    2.867858E-01    2.500356E-01    1.795358E-01   -1.225125E-04 
   787    2.877867E-01    2.500379E-01    1.795381E-01   -1.406625E-04 
   788    2.887875E-01    2.500407E-01    1.795410E-01   -1.588989E-04 
   789    2.897883E-01    2.500442E-01    1.795444E-01   -1.776215E-04 
   790    2.907892E-01    2.500481E-01    1.795484E-01   -1.971221E-04 
   791    2.917900E-01    2.500525E-01    1.795528E-01   -2.176146E-04 
   792    2.927908E-01    2.500573E-01    1.795576E-01   -2.392571E-04 
   793    2.937915E-01    2.500625E-01    1.795628E-01   -2.621662E-04 
   794    2.947923E-01    2.500681E-01    1.795685E-01   -2.864263E-04 
   795    2.957930E-01    2.500741E-01    1.795745E-01   -3.120963E-04 
   796    2.967937E-01    2.500805E-01    1.795809E-01   -3.392138E-04 
   797    2.977944E-01    2.500872E-01    1.795877E-01   -3.677971E-04 
   798    2.987950E-01    2.500944E-01    1.795949E-01   -3.978473E-04 
   799    2.997956E-01    2.501019E-01    1.796024E-01   -4.293485E-04 
   800    3.007962E-01    2.501097E-01    1.796103E-01   -4.622680E-04 
   801    3.017968E-01    2.501179E-01    1.796185E-01   -4.965566E-04 
   802    3.027973E-01    2.501264E-01    1.796271E-01   -5.321484E-04 
   803    3.037978E-01    2.501353E-01    1.796360E-01   -5.689600E-04 
   804    3.047982E-01    2.501444E-01    1.796452E-01   -6.068912E-04 
   805    3.057986E-01    2.501538E-01    1.796546E-01   -6.458241E-04 
   806    3.067990E-01    2.501634E-01    1.796643E-01   -6.856237E-04 
   807    3.077993E-01    2.501732E-01    1.796742E-01   -7.261381E-04 
   808    3.087996E-01    2.501832E-01    1.796842E-01   -7.671987E-04 
   809    3.097999E-01    2.501933E-01    1.796943E-01   -8.086214E-04 
   810    3.108001E-01    2.502035E-01    1.797046E-01   -8.502070E-04 
   811    3.118002E-01    2.502136E-01    1.797148E-01   -8.917430E-04 
   812    3.128004E-01    2.502238E-01    1.797250E-01   -9.330050E-04 
   813    3.138004E-01    2.502339E-01    1.797351E-01   -9.737582E-04 
   814    3.148005E-01    2.502438E-01    1.797451E-01   -1.013760E-03 
   815    3.158005E-01    2.502535E-01    1.797549E-01   -1.052761E-03 
   816    3.168005E-01    2.502630E-01    1.797644E-01   -1.090511E-03 
   817    3.178004E-01    2.502721E-01    1.797736E-01   -1.126756E-03 
   818    3.188003E-01    2.502809E-01    1.797824E-01   -1.161247E-03 
   819    3.198001E-01    2.502892E-01    1.797907E-01   -1.193739E-03 
   820    3.207999E-01    2.502970E-01    1.797986E-01   -1.223992E-03 
   821    3.217997E-01    2.503042E-01    1.798059E-01   -1.251783E-03 
   822    3.227995E-01    2.503109E-01    1.798126E-01   -1.276900E-03 
   823    3.237992E-01    2.503168E-01    1.798185E-01   -1.299152E-03 
   824    3.247989E-01    2.503221E-01    1.798238E-01   -1.318354E-03 
   825    3.257986E-01    2.503265E-01    1.798283E-01   -1.334310E-03 
   826    3.267983E-01    2.503301E-01    1.798319E-01   -1.346822E-03 
   827    3.277980E-01    2.503327E-01    1.798345E-01   -1.355754E-03 
   828    3.287976E-01    2.503342E-01    1.798360E-01   -1.361164E-03 
   829    3.297973E-01    2.503344E-01    1.798362E-01   -1.363051E-03 
   830    3.307969E-01    2.503331E-01    1.798349E-01   -1.360827E-03 
   831    3.317965E-01    2.503300E-01    1.798318E-01   -1.353157E-03 
   832    3.327962E-01    2.503247E-01    1.798265E-01   -1.337793E-03 
   833    3.337959E-01    2.503171E-01    1.798188E-01   -1.312186E-03 
   834    3.347956E-01    2.503067E-01    1.798083E-01   -1.274561E-03 
   835    3.357953E-01    2.502933E-01    1.797949E-01   -1.223754E-03 
   836    3.367951E-01    2.502769E-01    1.797784E-01   -1.158821E-03 
   837    3.377950E-01    2.502574E-01    1.797588E-01   -1.079407E-03 
   838    3.387949E-01    2.502348E-01    1.797361E-01   -9.856929E-04 
   839    3.397950E-01    2.502095E-01    1.797106E-01   -8.786401E-04 
   840    3.407952E-01    2.501817E-01    1.796827E-01   -7.598837E-04 
   841    3.417955E-01    2.501521E-01    1.796529E-01   -6.316331E-04 
   842    3.427959E-01    2.501213E-01    1.796219E-01   -4.967690E-04 
   843    3.437965E-01    2.500900E-01    1.795905E-01   -3.585927E-04 
   844    3.447972E-01    2.500593E-01    1.795596E-01   -2.210338E-04 
   845    3.457981E-01    2.500298E-01    1.795300E-01   -8.853467E-05 
   846    3.467991E-01    2.500027E-01    1.795027E-01    3.419380E-05 
   847    3.478002E-01    2.499787E-01    1.794786E-01    1.424547E-04 
   848    3.488014E-01    2.499585E-01    1.794583E-01    2.323782E-04 
   849    3.498026E-01    2.499428E-01    1.794425E-01    3.012970E-04 
   850    3.508040E-01    2.499317E-01    1.794313E-01    3.468249E-04 
   851    3.518054E-01    2.499252E-01    1.794248E-01    3.646353E-04 
   852    3.528068E-01    2.499229E-01    1.794225E-01    3.540708E-04 
   853    3.538081E-01    2.499242E-01    1.794238E-01    3.231674E-04 
   854    3.548095E-01    2.499283E-01    1.794279E-01    2.839384E-04 
   855    3.558107E-01    2.499344E-01    1.794340E-01    2.437877E-04 
   856    3.568120E-01    2.499416E-01    1.794413E-01    2.053346E-04 
   857    3.578132E-01    2.499493E-01    1.794491E-01    1.691596E-04 
   858    3.588144E-01    2.499571E-01    1.794569E-01    1.363582E-04 
   859    3.598156E-01    2.499645E-01    1.794643E-01    1.073030E-04 
   860    3.608167E-01    2.499713E-01    1.794712E-01    8.193176E-05 
   861    3.618177E-01    2.499774E-01    1.794773E-01    6.002479E-05 
   862    3.628188E-01    2.499828E-01    1.794827E-01    4.122938E-05 
   863    3.638199E-01    2.499875E-01    1.794875E-01    2.532837E-05 
   864    3.648209E-01    2.499916E-01    1.794915E-01    1.213627E-05 
   865    3.658219E-01    2.499949E-01    1.794949E-01    1.505178E-06 
   866    3.668229E-01    2.499977E-01    1.794977E-01   -6.878653E-06 
   867    3.678239E-01    2.500000E-01    1.795000E-01   -1.342208E-05 
   868    3.688249E-01    2.500018E-01    1.795018E-01   -1.857796E-05 
   869    3.698259E-01    2.500031E-01    1.795031E-01   -2.243224E-05 
   870    3.708269E-01    2.500042E-01    1.795042E-01   -2.499424E-05 
   871    3.718279E-01    2.500049E-01    1.795049E-01   -2.623990E-05 
   872    3.728288E-01    2.500053E-01    1.795053E-01   -2.636881E-05 
   873    3.738298E-01    2.500054E-01    1.795055E-01   -2.570606E-05 
   874    3.748308E-01    2.500053E-01    1.795054E-01   -2.477751E-05 
   875    3.758317E-01    2.500050E-01    1.795051E-01   -2.395779E-05 
   876    3.768327E-01    2.500046E-01    1.795047E-01   -2.320665E-05 
   877    3.778337E-01    2.500042E-01    1.795042E-01   -2.176149E-05 
   878    3.788347E-01    2.500037E-01    1.795037E-01   -1.842379E-05 
   879    3.798357E-01    2.500033E-01    1.795033E-01   -1.315210E-05 
   880    3.808367E-01    2.500029E-01    1.795030E-01   -8.325402E-06 
   881    3.818377E-01    2.500027E-01    1.795027E-01   -6.995908E-06 
   882    3.828387E-01    2.500025E-01    1.795025E-01   -8.569901E-06 
   883    3.838397E-01    2.500024E-01    1.795025E-01   -1.113363E-05 
   884    3.848407E-01    2.500026E-01    1.795026E-01   -1.322019E-05 
   885    3.858417E-01    2.500028E-01    1.795028E-01   -1.462355E-05 
   886    3.868426E-01    2.500031E-01    1.795031E-01   -1.616005E-05 
   887    3.878436E-01    2.500035E-01    1.795035E-01   -1.821031E-05 
   888    3.888446E-01    2.500039E-01    1.795039E-01   -2.018690E-05 
   889    3.898456E-01    2.500043E-01    1.795043E-01   -2.149583E-05 
   890    3.908466E-01    2.500046E-01    1.795046E-01   -2.208366E-05 
   891    3.918476E-01    2.500048E-01    1.795048E-01   -2.232686E-05 
   892    3.928485E-01    2.500049E-01    1.795049E-01   -2.237452E-05 
   893    3.938495E-01    2.500048E-01    1.795049E-01   -2.243552E-05 
   894    3.948505E-01    2.500047E-01    1.795048E-01   -2.288939E-05 
   895    3.958515E-01    2.500046E-01    1.795046E-01   -2.312839E-05 
   896    3.968525E-01    2.500044E-01    1.795044E-01   -2.208309E-05 
   897    3.978535E-01    2.500042E-01    1.795042E-01   -1.959957E-05 
   898    3.988545E-01    2.500040E-01    1.795040E-01   -1.602152E-05 
   899    3.998554E-01    2.500037E-01    1.795037E-01   -1.309700E-05 
   900    4.008564E-01    2.500034E-01    1.795034E-01   -1.321345E-05 
   901    4.018574E-01    2.500031E-01    1.795031E-01   -1.465358E-05 
   902    4.028584E-01    2.500030E-01    1.795030E-01   -1.559789E-05 
   903    4.038594E-01    2.500029E-01    1.795029E-01   -1.528257E-05 
   904    4.048604E-01    2.500029E-01    1.795029E-01   -1.373134E-05 
   905    4.058614E-01    2.500030E-01    1.795031E-01   -1.337012E-05 
   906    4.068623E-01    2.500032E-01    1.795032E-01   -1.511478E-05 
   907    4.078633E-01    2.500034E-01    1.795034E-01   -1.696609E-05 
   908    4.088643E-01    2.500036E-01    1.795036E-01   -1.768474E-05 
   909    4.098653E-01    2.500037E-01    1.795037E-01   -1.803938E-05 
   910    4.108663E-01    2.500038E-01    1.795038E-01   -1.813619E-05 
   911    4.118673E-01    2.500038E-01    1.795038E-01   -1.764096E-05 
   912    4.128682E-01    2.500038E-01    1.795038E-01   -1.825711E-05 
   913    4.138692E-01    2.500037E-01    1.795037E-01   -1.992887E-05 
   914    4.148702E-01    2.500036E-01    1.795037E-01   -2.031299E-05 
   915    4.158713E-01    2.500036E-01    1.795036E-01   -1.898124E-05 
   916    4.168723E-01    2.500035E-01    1.795035E-01   -1.617020E-05 
   917    4.178732E-01    2.500033E-01    1.795033E-01   -1.140921E-05 
   918    4.188741E-01    2.500030E-01    1.795030E-01   -1.062393E-05 
   919    4.198751E-01    2.500028E-01    1.795028E-01   -1.352467E-05 
   920    4.208761E-01    2.500026E-01    1.795026E-01   -1.586651E-05 
   921    4.218772E-01    2.500025E-01    1.795026E-01   -1.656609E-05 
   922    4.228783E-01    2.500025E-01    1.795025E-01   -1.502102E-05 
   923    4.238792E-01    2.500025E-01    1.795026E-01   -9.719688E-06 
   924    4.248800E-01    2.500025E-01    1.795025E-01   -9.490289E-06 
   925    4.258810E-01    2.500025E-01    1.795025E-01   -1.406736E-05 
   926    4.268820E-01    2.500027E-01    1.795027E-01   -1.744616E-05 
   927    4.278832E-01    2.500028E-01    1.795028E-01   -1.817289E-05 
   928    4.288843E-01    2.500029E-01    1.795029E-01   -1.675671E-05 
   929    4.298852E-01    2.500029E-01    1.795029E-01   -1.075629E-05 
   930    4.308860E-01    2.500026E-01    1.795026E-01   -8.656621E-06 
   931    4.318868E-01    2.500024E-01    1.795024E-01   -1.465556E-05 
   932    4.328879E-01    2.500023E-01    1.795023E-01   -1.993854E-05 
   933    4.338891E-01    2.500024E-01    1.795024E-01   -2.070212E-05 
   934    4.348904E-01    2.500024E-01    1.795024E-01   -1.682970E-05 
   935    4.358913E-01    2.500022E-01    1.795022E-01   -5.825406E-06 
   936    4.368919E-01    2.500019E-01    1.795019E-01    3.299255E-07 
   937    4.378926E-01    2.500015E-01    1.795015E-01   -8.823075E-06 
   938    4.388937E-01    2.500015E-01    1.795015E-01   -1.925903E-05 
   939    4.398951E-01    2.500017E-01    1.795017E-01   -2.335589E-05 
   940    4.408965E-01    2.500019E-01    1.795019E-01   -1.944194E-05 
   941    4.418976E-01    2.500018E-01    1.795018E-01   -1.804582E-06 
   942    4.428980E-01    2.500014E-01    1.795014E-01    6.107012E-06 
   943    4.438982E-01    2.500010E-01    1.795010E-01   -1.087731E-05 
   944    4.448992E-01    2.500012E-01    1.795012E-01   -2.727852E-05 
   945    4.459009E-01    2.500016E-01    1.795016E-01   -3.067138E-05 
   946    4.469030E-01    2.500019E-01    1.795019E-01   -1.783110E-05 
   947    4.479042E-01    2.500016E-01    1.795016E-01    4.234041E-06 
   948    4.489037E-01    2.500008E-01    1.795008E-01    1.263458E-05 
   949    4.499035E-01    2.500001E-01    1.795001E-01   -9.232088E-06 
   950    4.509047E-01    2.500000E-01    1.795000E-01   -2.766303E-05 
   951    4.519071E-01    2.500005E-01    1.795004E-01   -3.901710E-05 
   952    4.529095E-01    2.500008E-01    1.795008E-01   -3.045972E-05 
   953    4.539110E-01    2.500004E-01    1.795004E-01    2.087932E-05 
   954    4.549098E-01    2.499991E-01    1.794991E-01    3.474148E-05 
   955    4.559090E-01    2.499979E-01    1.794979E-01    1.890441E-06 
   956    4.569092E-01    2.499982E-01    1.794982E-01   -5.868278E-05 
   957    4.579120E-01    2.499997E-01    1.794997E-01   -7.266570E-05 
   958    4.589179E-01    2.500003E-01    1.795003E-01   -3.780770E-06 
   959    4.599199E-01    2.499989E-01    1.794989E-01    6.758022E-05 
   960    4.609158E-01    2.499969E-01    1.794969E-01    3.237085E-05 
   961    4.619105E-01    2.499965E-01    1.794965E-01   -3.733612E-05 
   962    4.629113E-01    2.499979E-01    1.794979E-01   -8.560887E-05 
   963    4.639216E-01    2.499994E-01    1.794994E-01   -5.461618E-05 
   964    4.649317E-01    2.499990E-01    1.794990E-01    5.271001E-05 
   965    4.659239E-01    2.499978E-01    1.794978E-01    9.832622E-06 
   966    4.669173E-01    2.499958E-01    1.794958E-01    5.697731E-05 
   967    4.679125E-01    2.499941E-01    1.794941E-01   -1.693290E-05 
   968    4.689190E-01    2.499951E-01    1.794951E-01   -1.037814E-04 
   969    4.699363E-01    2.499960E-01    1.794960E-01   -6.458177E-05 
   970    4.709280E-01    2.499959E-01    1.794958E-01   -5.098213E-05 
   971    4.719385E-01    2.499926E-01    1.794926E-01    1.682615E-04 
   972    4.729268E-01    2.499866E-01    1.794866E-01    1.424837E-04 
   973    4.739108E-01    2.499843E-01    1.794843E-01   -1.034675E-04 
   974    4.749162E-01    2.499878E-01    1.794879E-01   -3.035054E-04 
   975    4.759303E-01    2.499909E-01    1.794910E-01   -5.404529E-05 
   976    4.769720E-01    2.499870E-01    1.794872E-01    2.119501E-04 
   977    4.779637E-01    2.499785E-01    1.794787E-01    2.671897E-04 
   978    4.789124E-01    2.499716E-01    1.794717E-01    3.474946E-05 
   979    4.798496E-01    2.499793E-01    1.794798E-01   -5.706507E-04 
   980    4.809415E-01    2.499841E-01    1.794843E-01    2.839298E-06 
   981    4.820053E-01    2.499761E-01    1.794770E-01    1.645157E-04 
   982    4.830123E-01    2.499606E-01    1.794618E-01    2.624105E-04 
   983    4.839501E-01    2.499391E-01    1.794397E-01    2.046006E-04 
   984    4.847430E-01    2.499249E-01    1.794259E-01   -6.217793E-04 
   985    4.859668E-01    2.498921E-01    1.793933E-01    1.625305E-05 
   986    4.870174E-01    2.498161E-01    1.793193E-01    7.460521E-05 
   987    4.880368E-01    2.496826E-01    1.791875E-01    1.412530E-04 
   988    4.890089E-01    2.494531E-01    1.789557E-01    1.742454E-04 
   989    4.897005E-01    2.491921E-01    1.786559E-01   -3.365493E-04 
   990    4.909910E-01    2.486760E-01    1.785494E-01    0.000000E+00 
   991    4.919920E-01    2.483655E-01    1.783264E-01    0.000000E+00 
   992    4.929930E-01    2.477388E-01    1.778764E-01    0.000000E+00 
   993    4.939940E-01    2.460474E-01    1.766621E-01    0.000000E+00 
   994    4.949950E-01    2.421433E-01    1.738589E-01    0.000000E+00 
   995    4.959960E-01    2.342221E-01    1.681715E-01    0.000000E+00 
   996    4.969970E-01    2.204210E-01    1.582623E-01    0.000000E+00 
   997    4.979980E-01    1.999379E-01    1.435554E-01    0.000000E+00 
   998    4.989990E-01    1.731573E-01    1.243269E-01    0.000000E+00 
   999    5.000000E-01    1.416667E-01    1.017167E-01    0.000000E+00 
