     0   -5.000000E-01    5.666667E-01    5.666667E-01    0.000000E+00 
     1   -4.989990E-01    6.926364E-01    6.926364E-01    0.000000E+00 
     2   -4.979980E-01    7.997859E-01    7.997859E-01    0.000000E+00 
     3   -4.969970E-01    8.817531E-01    8.817531E-01    0.000000E+00 
     4   -4.959960E-01    9.369916E-01    9.369916E-01    0.000000E+00 
     5   -4.949950E-01    9.687057E-01    9.687057E-01    0.000000E+00 
     6   -4.939940E-01    9.843311E-01    9.843311E-01    0.000000E+00 
     7   -4.929930E-01    9.910622E-01    9.910622E-01    0.000000E+00 
     8   -4.919920E-01    9.935220E-01    9.935220E-01    0.000000E+00 
     9   -4.909910E-01    9.947220E-01    9.947220E-01    0.000000E+00 
    10   -4.897181E-01    9.967230E-01    9.952464E-01    3.738916E-04 
    11   -4.890000E-01    9.978051E-01    9.969522E-01   -1.871148E-04 
    12   -4.880297E-01    9.987199E-01    9.982423E-01   -1.507952E-04 
    13   -4.870131E-01    9.992538E-01    9.989785E-01   -8.888549E-05 
    14   -4.859658E-01    9.995573E-01    9.993904E-01   -2.145221E-05 
    15   -4.847737E-01    9.996783E-01    9.995575E-01    6.417575E-04 
    16   -4.839413E-01    9.997287E-01    9.996252E-01   -1.768287E-04 
    17   -4.829995E-01    9.998225E-01    9.997585E-01   -2.714612E-04 
    18   -4.819967E-01    9.998931E-01    9.998554E-01   -1.797352E-04 
    19   -4.809418E-01    9.999291E-01    9.999025E-01    1.244963E-05 
    20   -4.798749E-01    9.999070E-01    9.998725E-01    5.129513E-04 
    21   -4.789124E-01    9.998733E-01    9.998238E-01    9.756812E-06 
    22   -4.779520E-01    9.999022E-01    9.998644E-01   -2.359923E-04 
    23   -4.769620E-01    9.999422E-01    9.999202E-01   -2.030369E-04 
    24   -4.759332E-01    9.999610E-01    9.999457E-01    5.880668E-05 
    25   -4.749273E-01    9.999516E-01    9.999327E-01    2.173647E-04 
    26   -4.739162E-01    9.999386E-01    9.999145E-01    1.178623E-04 
    27   -4.729223E-01    9.999431E-01    9.999206E-01   -7.873044E-05 
    28   -4.719316E-01    9.999666E-01    9.999535E-01   -1.369508E-04 
    29   -4.709299E-01    9.999819E-01    9.999748E-01    2.990176E-05 
    30   -4.699374E-01    9.999862E-01    9.999808E-01    1.789972E-05 
    31   -4.689230E-01    9.999855E-01    9.999799E-01    8.544485E-05 
    32   -4.679146E-01    9.999786E-01    9.999703E-01    5.321972E-05 
    33   -4.669164E-01    9.999788E-01    9.999705E-01   -1.046778E-05 
    34   -4.659230E-01    9.999852E-01    9.999794E-01   -2.727470E-05 
    35   -4.649289E-01    9.999935E-01    9.999910E-01   -5.978880E-05 
    36   -4.639231E-01    9.999976E-01    9.999966E-01    3.042689E-05 
    37   -4.629150E-01    9.999918E-01    9.999887E-01    8.237715E-05 
    38   -4.619128E-01    9.999840E-01    9.999777E-01    5.157222E-05 
    39   -4.609149E-01    9.999842E-01    9.999779E-01   -1.727470E-05 
    40   -4.599174E-01    9.999923E-01    9.999893E-01   -5.133092E-05 
    41   -4.589176E-01    9.999992E-01    9.999988E-01   -8.553330E-06 
    42   -4.579141E-01    9.999993E-01    9.999990E-01    4.752722E-05 
    43   -4.569114E-01    9.999950E-01    9.999931E-01    4.833660E-05 
    44   -4.559097E-01    9.999926E-01    9.999897E-01    2.004693E-05 
    45   -4.549092E-01    9.999950E-01    9.999931E-01   -8.502231E-06 
    46   -4.539101E-01    9.999999E-01    9.999998E-01   -1.938857E-05 
    47   -4.529099E-01    1.000003E+00    1.000004E+00    9.003506E-06 
    48   -4.519082E-01    1.000003E+00    1.000004E+00    2.680881E-05 
    49   -4.509060E-01    1.000001E+00    1.000002E+00    3.016742E-05 
    50   -4.499043E-01    9.999998E-01    9.999997E-01    2.095486E-05 
    51   -4.489037E-01    1.000001E+00    1.000001E+00    1.652865E-06 
    52   -4.479038E-01    1.000003E+00    1.000005E+00   -6.995424E-06 
    53   -4.469033E-01    1.000005E+00    1.000007E+00    7.846389E-06 
    54   -4.459018E-01    1.000005E+00    1.000007E+00    2.257256E-05 
    55   -4.449002E-01    1.000004E+00    1.000006E+00    2.482137E-05 
    56   -4.438989E-01    1.000003E+00    1.000004E+00    1.797155E-05 
    57   -4.428980E-01    1.000004E+00    1.000005E+00    4.856212E-06 
    58   -4.418976E-01    1.000005E+00    1.000008E+00    9.278684E-07 
    59   -4.408968E-01    1.000007E+00    1.000009E+00    1.158892E-05 
    60   -4.398957E-01    1.000007E+00    1.000009E+00    1.853425E-05 
    61   -4.388944E-01    1.000006E+00    1.000009E+00    1.990233E-05 
    62   -4.378932E-01    1.000006E+00    1.000008E+00    1.649264E-05 
    63   -4.368922E-01    1.000006E+00    1.000008E+00    9.544866E-06 
    64   -4.358915E-01    1.000007E+00    1.000010E+00    6.654644E-06 
    65   -4.348907E-01    1.000008E+00    1.000011E+00    1.174901E-05 
    66   -4.338897E-01    1.000008E+00    1.000011E+00    1.646966E-05 
    67   -4.328885E-01    1.000008E+00    1.000011E+00    1.775979E-05 
    68   -4.318874E-01    1.000007E+00    1.000010E+00    1.600025E-05 
    69   -4.308863E-01    1.000007E+00    1.000010E+00    1.162398E-05 
    70   -4.298855E-01    1.000008E+00    1.000011E+00    9.238470E-06 
    71   -4.288846E-01    1.000008E+00    1.000012E+00    1.221878E-05 
    72   -4.278836E-01    1.000009E+00    1.000012E+00    1.567781E-05 
    73   -4.268826E-01    1.000008E+00    1.000012E+00    1.661409E-05 
    74   -4.258815E-01    1.000008E+00    1.000012E+00    1.575508E-05 
    75   -4.248804E-01    1.000009E+00    1.000012E+00    1.316120E-05 
    76   -4.238795E-01    1.000009E+00    1.000013E+00    1.130315E-05 
    77   -4.228786E-01    1.000009E+00    1.000013E+00    1.315004E-05 
    78   -4.218776E-01    1.000010E+00    1.000014E+00    1.572844E-05 
    79   -4.208766E-01    1.000010E+00    1.000014E+00    1.673212E-05 
    80   -4.198756E-01    1.000010E+00    1.000013E+00    1.669782E-05 
    81   -4.188745E-01    1.000010E+00    1.000013E+00    1.518120E-05 
    82   -4.178736E-01    1.000010E+00    1.000014E+00    1.375200E-05 
    83   -4.168726E-01    1.000010E+00    1.000014E+00    1.435343E-05 
    84   -4.158717E-01    1.000010E+00    1.000014E+00    1.582588E-05 
    85   -4.148707E-01    1.000010E+00    1.000014E+00    1.600296E-05 
    86   -4.138696E-01    1.000010E+00    1.000014E+00    1.600305E-05 
    87   -4.128686E-01    1.000010E+00    1.000014E+00    1.493080E-05 
    88   -4.118676E-01    1.000010E+00    1.000015E+00    1.373782E-05 
    89   -4.108667E-01    1.000011E+00    1.000015E+00    1.420605E-05 
    90   -4.098657E-01    1.000011E+00    1.000015E+00    1.658127E-05 
    91   -4.088647E-01    1.000011E+00    1.000016E+00    1.768419E-05 
    92   -4.078637E-01    1.000012E+00    1.000016E+00    1.821248E-05 
    93   -4.068627E-01    1.000012E+00    1.000017E+00    1.754543E-05 
    94   -4.058617E-01    1.000012E+00    1.000017E+00    1.679269E-05 
    95   -4.048607E-01    1.000013E+00    1.000018E+00    1.721346E-05 
    96   -4.038598E-01    1.000013E+00    1.000019E+00    1.845801E-05 
    97   -4.028588E-01    1.000013E+00    1.000019E+00    1.910870E-05 
    98   -4.018578E-01    1.000013E+00    1.000019E+00    1.987325E-05 
    99   -4.008568E-01    1.000013E+00    1.000019E+00    1.974883E-05 
   100   -3.998558E-01    1.000013E+00    1.000019E+00    1.915360E-05 
   101   -3.988548E-01    1.000013E+00    1.000018E+00    1.875989E-05 
   102   -3.978538E-01    1.000013E+00    1.000018E+00    1.871765E-05 
   103   -3.968528E-01    1.000013E+00    1.000019E+00    1.859786E-05 
   104   -3.958518E-01    1.000013E+00    1.000019E+00    1.836138E-05 
   105   -3.948508E-01    1.000014E+00    1.000019E+00    1.781940E-05 
   106   -3.938499E-01    1.000014E+00    1.000019E+00    1.715416E-05 
   107   -3.928489E-01    1.000014E+00    1.000020E+00    1.709253E-05 
   108   -3.918479E-01    1.000014E+00    1.000020E+00    1.877738E-05 
   109   -3.908469E-01    1.000015E+00    1.000021E+00    2.108128E-05 
   110   -3.898459E-01    1.000015E+00    1.000021E+00    2.272389E-05 
   111   -3.888449E-01    1.000016E+00    1.000022E+00    2.298206E-05 
   112   -3.878439E-01    1.000016E+00    1.000023E+00    2.268740E-05 
   113   -3.868430E-01    1.000017E+00    1.000024E+00    2.257736E-05 
   114   -3.858420E-01    1.000017E+00    1.000024E+00    2.287522E-05 
   115   -3.848410E-01    1.000018E+00    1.000025E+00    2.350786E-05 
   116   -3.838400E-01    1.000018E+00    1.000025E+00    2.372413E-05 
   117   -3.828390E-01    1.000018E+00    1.000025E+00    2.364799E-05 
   118   -3.818380E-01    1.000018E+00    1.000025E+00    2.331622E-05 
   119   -3.808371E-01    1.000018E+00    1.000025E+00    2.296953E-05 
   120   -3.798361E-01    1.000018E+00    1.000026E+00    2.350692E-05 
   121   -3.788351E-01    1.000019E+00    1.000026E+00    2.520895E-05 
   122   -3.778341E-01    1.000019E+00    1.000027E+00    2.617906E-05 
   123   -3.768331E-01    1.000020E+00    1.000028E+00    2.629924E-05 
   124   -3.758322E-01    1.000020E+00    1.000028E+00    2.619487E-05 
   125   -3.748312E-01    1.000021E+00    1.000029E+00    2.647662E-05 
   126   -3.738302E-01    1.000021E+00    1.000030E+00    2.739588E-05 
   127   -3.728292E-01    1.000022E+00    1.000030E+00    2.850709E-05 
   128   -3.718282E-01    1.000022E+00    1.000031E+00    2.922264E-05 
   129   -3.708273E-01    1.000022E+00    1.000031E+00    2.943789E-05 
   130   -3.698263E-01    1.000022E+00    1.000031E+00    2.932126E-05 
   131   -3.688253E-01    1.000022E+00    1.000030E+00    2.903600E-05 
   132   -3.678243E-01    1.000021E+00    1.000030E+00    2.869578E-05 
   133   -3.668233E-01    1.000020E+00    1.000029E+00    2.829048E-05 
   134   -3.658224E-01    1.000019E+00    1.000027E+00    2.770278E-05 
   135   -3.648214E-01    1.000018E+00    1.000025E+00    2.681440E-05 
   136   -3.638204E-01    1.000017E+00    1.000023E+00    2.553871E-05 
   137   -3.628194E-01    1.000015E+00    1.000020E+00    2.385117E-05 
   138   -3.618184E-01    1.000012E+00    1.000017E+00    2.174940E-05 
   139   -3.608174E-01    1.000009E+00    1.000013E+00    1.922406E-05 
   140   -3.598165E-01    1.000006E+00    1.000008E+00    1.621040E-05 
   141   -3.588155E-01    1.000002E+00    1.000003E+00    1.257533E-05 
   142   -3.578145E-01    9.999972E-01    9.999961E-01    8.240401E-06 
   143   -3.568135E-01    9.999919E-01    9.999887E-01    3.165758E-06 
   144   -3.558124E-01    9.999859E-01    9.999803E-01   -2.716041E-06 
   145   -3.548114E-01    9.999791E-01    9.999708E-01   -9.419687E-06 
   146   -3.538104E-01    9.999715E-01    9.999601E-01   -1.696184E-05 
   147   -3.528094E-01    9.999630E-01    9.999482E-01   -2.552895E-05 
   148   -3.518083E-01    9.999536E-01    9.999351E-01   -3.512931E-05 
   149   -3.508073E-01    9.999433E-01    9.999205E-01   -4.581325E-05 
   150   -3.498062E-01    9.999319E-01    9.999046E-01   -5.772775E-05 
   151   -3.488052E-01    9.999195E-01    9.998873E-01   -7.066369E-05 
   152   -3.478041E-01    9.999060E-01    9.998684E-01   -8.481060E-05 
   153   -3.468030E-01    9.998914E-01    9.998479E-01   -1.004816E-04 
   154   -3.458019E-01    9.998756E-01    9.998259E-01   -1.171656E-04 
   155   -3.448007E-01    9.998588E-01    9.998023E-01   -1.354343E-04 
   156   -3.437996E-01    9.998411E-01    9.997775E-01   -1.557254E-04 
   157   -3.427984E-01    9.998228E-01    9.997519E-01   -1.770448E-04 
   158   -3.417972E-01    9.998047E-01    9.997266E-01   -2.006650E-04 
   159   -3.407960E-01    9.997880E-01    9.997032E-01   -2.262980E-04 
   160   -3.397948E-01    9.997743E-01    9.996840E-01   -2.517324E-04 
   161   -3.387936E-01    9.997658E-01    9.996720E-01   -2.819175E-04 
   162   -3.377923E-01    9.997649E-01    9.996709E-01   -3.131725E-04 
   163   -3.367910E-01    9.997744E-01    9.996841E-01   -3.285571E-04 
   164   -3.357897E-01    9.997962E-01    9.997146E-01   -3.136839E-04 
   165   -3.347884E-01    9.998319E-01    9.997646E-01   -2.706478E-04 
   166   -3.337872E-01    9.998820E-01    9.998348E-01   -2.055661E-04 
   167   -3.327861E-01    9.999461E-01    9.999245E-01   -1.204663E-04 
   168   -3.317850E-01    1.000023E+00    1.000032E+00   -1.793860E-05 
   169   -3.307840E-01    1.000110E+00    1.000154E+00    9.846146E-05 
   170   -3.297832E-01    1.000205E+00    1.000287E+00    2.246803E-04 
   171   -3.287824E-01    1.000305E+00    1.000426E+00    3.564983E-04 
   172   -3.277818E-01    1.000406E+00    1.000569E+00    4.898012E-04 
   173   -3.267812E-01    1.000507E+00    1.000710E+00    6.207046E-04 
   174   -3.257808E-01    1.000604E+00    1.000846E+00    7.457865E-04 
   175   -3.247805E-01    1.000696E+00    1.000974E+00    8.621587E-04 
   176   -3.237803E-01    1.000780E+00    1.001092E+00    9.675008E-04 
   177   -3.227801E-01    1.000856E+00    1.001198E+00    1.060219E-03 
   178   -3.217801E-01    1.000921E+00    1.001290E+00    1.139385E-03 
   179   -3.207801E-01    1.000977E+00    1.001368E+00    1.204702E-03 
   180   -3.197801E-01    1.001023E+00    1.001433E+00    1.256454E-03 
   181   -3.187802E-01    1.001059E+00    1.001484E+00    1.295457E-03 
   182   -3.177803E-01    1.001087E+00    1.001522E+00    1.322787E-03 
   183   -3.167804E-01    1.001107E+00    1.001549E+00    1.339815E-03 
   184   -3.157806E-01    1.001119E+00    1.001567E+00    1.348931E-03 
   185   -3.147807E-01    1.001126E+00    1.001577E+00    1.352790E-03 
   186   -3.137808E-01    1.001129E+00    1.001581E+00    1.353193E-03 
   187   -3.127810E-01    1.001127E+00    1.001579E+00    1.351087E-03 
   188   -3.117811E-01    1.001123E+00    1.001572E+00    1.346814E-03 
   189   -3.107812E-01    1.001116E+00    1.001562E+00    1.340197E-03 
   190   -3.097814E-01    1.001106E+00    1.001549E+00    1.331224E-03 
   191   -3.087815E-01    1.001095E+00    1.001533E+00    1.319965E-03 
   192   -3.077816E-01    1.001082E+00    1.001515E+00    1.306542E-03 
   193   -3.067816E-01    1.001067E+00    1.001494E+00    1.291049E-03 
   194   -3.057817E-01    1.001050E+00    1.001471E+00    1.273561E-03 
   195   -3.047817E-01    1.001033E+00    1.001446E+00    1.254163E-03 
   196   -3.037818E-01    1.001013E+00    1.001419E+00    1.232948E-03 
   197   -3.027818E-01    1.000993E+00    1.001390E+00    1.210019E-03 
   198   -3.017818E-01    1.000971E+00    1.001359E+00    1.185487E-03 
   199   -3.007817E-01    1.000948E+00    1.001327E+00    1.159470E-03 
   200   -2.997817E-01    1.000924E+00    1.001294E+00    1.132089E-03 
   201   -2.987816E-01    1.000899E+00    1.001259E+00    1.103471E-03 
   202   -2.977815E-01    1.000873E+00    1.001223E+00    1.073746E-03 
   203   -2.967813E-01    1.000847E+00    1.001186E+00    1.043047E-03 
   204   -2.957812E-01    1.000820E+00    1.001148E+00    1.011506E-03 
   205   -2.947810E-01    1.000793E+00    1.001110E+00    9.792567E-04 
   206   -2.937808E-01    1.000765E+00    1.001071E+00    9.464331E-04 
   207   -2.927805E-01    1.000737E+00    1.001032E+00    9.131659E-04 
   208   -2.917802E-01    1.000709E+00    1.000992E+00    8.795839E-04 
   209   -2.907799E-01    1.000681E+00    1.000953E+00    8.458121E-04 
   210   -2.897796E-01    1.000653E+00    1.000914E+00    8.119716E-04 
   211   -2.887792E-01    1.000625E+00    1.000875E+00    7.781784E-04 
   212   -2.877788E-01    1.000597E+00    1.000836E+00    7.445431E-04 
   213   -2.867784E-01    1.000569E+00    1.000797E+00    7.111702E-04 
   214   -2.857780E-01    1.000542E+00    1.000760E+00    6.781575E-04 
   215   -2.847775E-01    1.000516E+00    1.000722E+00    6.455963E-04 
   216   -2.837770E-01    1.000490E+00    1.000686E+00    6.135702E-04 
   217   -2.827765E-01    1.000465E+00    1.000650E+00    5.821558E-04 
   218   -2.817759E-01    1.000440E+00    1.000616E+00    5.514218E-04 
   219   -2.807753E-01    1.000416E+00    1.000582E+00    5.214295E-04 
   220   -2.797747E-01    1.000392E+00    1.000549E+00    4.922322E-04 
   221   -2.787741E-01    1.000370E+00    1.000518E+00    4.638761E-04 
   222   -2.777735E-01    1.000348E+00    1.000487E+00    4.363994E-04 
   223   -2.767728E-01    1.000327E+00    1.000458E+00    4.098333E-04 
   224   -2.757721E-01    1.000307E+00    1.000430E+00    3.842019E-04 
   225   -2.747714E-01    1.000288E+00    1.000403E+00    3.595224E-04 
   226   -2.737707E-01    1.000269E+00    1.000377E+00    3.358056E-04 
   227   -2.727699E-01    1.000252E+00    1.000352E+00    3.130559E-04 
   228   -2.717692E-01    1.000235E+00    1.000329E+00    2.912722E-04 
   229   -2.707684E-01    1.000219E+00    1.000307E+00    2.704477E-04 
   230   -2.697676E-01    1.000204E+00    1.000286E+00    2.505706E-04 
   231   -2.687668E-01    1.000190E+00    1.000267E+00    2.316247E-04 
   232   -2.677660E-01    1.000177E+00    1.000248E+00    2.135894E-04 
   233   -2.667651E-01    1.000165E+00    1.000231E+00    1.964403E-04 
   234   -2.657643E-01    1.000153E+00    1.000215E+00    1.801499E-04 
   235   -2.647634E-01    1.000142E+00    1.000199E+00    1.646873E-04 
   236   -2.637626E-01    1.000132E+00    1.000185E+00    1.500196E-04 
   237   -2.627617E-01    1.000123E+00    1.000173E+00    1.361114E-04 
   238   -2.617608E-01    1.000115E+00    1.000161E+00    1.229258E-04 
   239   -2.607599E-01    1.000107E+00    1.000150E+00    1.104243E-04 
   240   -2.597590E-01    1.000100E+00    1.000140E+00    9.856773E-05 
   241   -2.587581E-01    1.000094E+00    1.000131E+00    8.731608E-05 
   242   -2.577572E-01    1.000088E+00    1.000123E+00    7.662916E-05 
   243   -2.567563E-01    1.000083E+00    1.000116E+00    6.646681E-05 
   244   -2.557554E-01    1.000078E+00    1.000109E+00    5.678924E-05 
   245   -2.547544E-01    1.000074E+00    1.000104E+00    4.755735E-05 
   246   -2.537535E-01    1.000071E+00    1.000099E+00    3.873297E-05 
   247   -2.527526E-01    1.000068E+00    1.000095E+00    3.027918E-05 
   248   -2.517516E-01    1.000066E+00    1.000092E+00    2.216058E-05 
   249   -2.507507E-01    1.000064E+00    1.000089E+00    1.434348E-05 
   250   -2.497498E-01    1.000062E+00    1.000087E+00    6.796209E-06 
   251   -2.487488E-01    1.000061E+00    1.000086E+00   -5.106846E-07 
   252   -2.477479E-01    1.000061E+00    1.000085E+00   -7.604224E-06 
   253   -2.467469E-01    1.000061E+00    1.000085E+00   -1.450879E-05 
   254   -2.457460E-01    1.000061E+00    1.000085E+00   -2.124592E-05 
   255   -2.447450E-01    1.000062E+00    1.000086E+00   -2.783413E-05 
   256   -2.437441E-01    1.000062E+00    1.000087E+00   -3.428877E-05 
   257   -2.427432E-01    1.000064E+00    1.000089E+00   -4.062182E-05 
   258   -2.417422E-01    1.000065E+00    1.000091E+00   -4.684181E-05 
   259   -2.407413E-01    1.000067E+00    1.000094E+00   -5.295362E-05 
   260   -2.397404E-01    1.000069E+00    1.000097E+00   -5.895849E-05 
   261   -2.387394E-01    1.000071E+00    1.000100E+00   -6.485381E-05 
   262   -2.377385E-01    1.000074E+00    1.000103E+00   -7.063316E-05 
   263   -2.367376E-01    1.000076E+00    1.000107E+00   -7.628624E-05 
   264   -2.357367E-01    1.000079E+00    1.000111E+00   -8.179886E-05 
   265   -2.347357E-01    1.000082E+00    1.000115E+00   -8.715299E-05 
   266   -2.337348E-01    1.000085E+00    1.000119E+00   -9.232671E-05 
   267   -2.327339E-01    1.000088E+00    1.000123E+00   -9.729417E-05 
   268   -2.317330E-01    1.000090E+00    1.000126E+00   -1.020258E-04 
   269   -2.307321E-01    1.000093E+00    1.000130E+00   -1.064886E-04 
   270   -2.297312E-01    1.000096E+00    1.000134E+00   -1.106465E-04 
   271   -2.287303E-01    1.000098E+00    1.000137E+00   -1.144603E-04 
   272   -2.277294E-01    1.000100E+00    1.000141E+00   -1.178842E-04 
   273   -2.267285E-01    1.000102E+00    1.000143E+00   -1.208569E-04 
   274   -2.257276E-01    1.000104E+00    1.000146E+00   -1.233077E-04 
   275   -2.247267E-01    1.000105E+00    1.000147E+00   -1.251701E-04 
   276   -2.237258E-01    1.000105E+00    1.000147E+00   -1.264055E-04 
   277   -2.227249E-01    1.000104E+00    1.000146E+00   -1.269139E-04 
   278   -2.217240E-01    1.000101E+00    1.000142E+00   -1.265240E-04 
   279   -2.207231E-01    1.000096E+00    1.000135E+00   -1.246068E-04 
   280   -2.197222E-01    1.000088E+00    1.000123E+00   -1.201823E-04 
   281   -2.187213E-01    1.000075E+00    1.000106E+00   -1.116630E-04 
   282   -2.177204E-01    1.000057E+00    1.000080E+00   -9.746104E-05 
   283   -2.167195E-01    1.000031E+00    1.000044E+00   -7.583702E-05 
   284   -2.157185E-01    9.999959E-01    9.999942E-01   -4.466525E-05 
   285   -2.147176E-01    9.999488E-01    9.999283E-01   -1.326312E-06 
   286   -2.137165E-01    9.998871E-01    9.998419E-01    5.726637E-05 
   287   -2.127155E-01    9.998075E-01    9.997305E-01    1.347844E-04 
   288   -2.117143E-01    9.997063E-01    9.995888E-01    2.354602E-04 
   289   -2.107131E-01    9.995793E-01    9.994109E-01    3.642556E-04 
   290   -2.097117E-01    9.994215E-01    9.991900E-01    5.267895E-04 
   291   -2.087102E-01    9.992275E-01    9.989185E-01    7.294924E-04 
   292   -2.077085E-01    9.989915E-01    9.985881E-01    9.795225E-04 
   293   -2.067065E-01    9.987067E-01    9.981894E-01    1.284857E-03 
   294   -2.057043E-01    9.983660E-01    9.977127E-01    1.654207E-03 
   295   -2.047018E-01    9.979619E-01    9.971471E-01    2.097042E-03 
   296   -2.036988E-01    9.974863E-01    9.964817E-01    2.623436E-03 
   297   -2.026953E-01    9.969309E-01    9.957046E-01    3.244044E-03 
   298   -2.016913E-01    9.962871E-01    9.948040E-01    3.969896E-03 
   299   -2.006867E-01    9.955462E-01    9.937679E-01    4.812267E-03 
   300   -1.996812E-01    9.946998E-01    9.925846E-01    5.782473E-03 
   301   -1.986749E-01    9.937396E-01    9.912425E-01    6.891616E-03 
   302   -1.976676E-01    9.926578E-01    9.897311E-01    8.150400E-03 
   303   -1.966591E-01    9.914473E-01    9.880405E-01    9.568774E-03 
   304   -1.956494E-01    9.901018E-01    9.861623E-01    1.115577E-02 
   305   -1.946383E-01    9.886160E-01    9.840894E-01    1.291914E-02 
   306   -1.936255E-01    9.869859E-01    9.818165E-01    1.486517E-02 
   307   -1.926110E-01    9.852088E-01    9.793402E-01    1.699848E-02 
   308   -1.915946E-01    9.832834E-01    9.766591E-01    1.932180E-02 
   309   -1.905762E-01    9.812099E-01    9.737741E-01    2.183589E-02 
   310   -1.895555E-01    9.789901E-01    9.706883E-01    2.453950E-02 
   311   -1.885323E-01    9.766274E-01    9.674066E-01    2.742927E-02 
   312   -1.875066E-01    9.741265E-01    9.639364E-01    3.049987E-02 
   313   -1.864782E-01    9.714935E-01    9.602868E-01    3.374404E-02 
   314   -1.854468E-01    9.687358E-01    9.564685E-01    3.715280E-02 
   315   -1.844124E-01    9.658617E-01    9.524936E-01    4.071572E-02 
   316   -1.833748E-01    9.628804E-01    9.483755E-01    4.442111E-02 
   317   -1.823339E-01    9.598018E-01    9.441283E-01    4.825647E-02 
   318   -1.812896E-01    9.566359E-01    9.397663E-01    5.220874E-02 
   319   -1.802416E-01    9.533929E-01    9.353040E-01    5.626468E-02 
   320   -1.791901E-01    9.500827E-01    9.307557E-01    6.041117E-02 
   321   -1.781348E-01    9.467148E-01    9.261345E-01    6.463549E-02 
   322   -1.770756E-01    9.432980E-01    9.214529E-01    6.892574E-02 
   323   -1.760126E-01    9.398400E-01    9.167218E-01    7.327107E-02 
   324   -1.749456E-01    9.363472E-01    9.119502E-01    7.766209E-02 
   325   -1.738745E-01    9.328247E-01    9.071451E-01    8.209129E-02 
   326   -1.727994E-01    9.292756E-01    9.023112E-01    8.655335E-02 
   327   -1.717201E-01    9.257012E-01    8.974502E-01    9.104549E-02 
   328   -1.706367E-01    9.221003E-01    8.925606E-01    9.556781E-02 
   329   -1.695490E-01    9.184692E-01    8.876379E-01    1.001235E-01 
   330   -1.684570E-01    9.148020E-01    8.826737E-01    1.047187E-01 
   331   -1.673606E-01    9.110900E-01    8.776570E-01    1.093636E-01 
   332   -1.662598E-01    9.073232E-01    8.725743E-01    1.140797E-01 
   333   -1.651544E-01    9.034899E-01    8.674104E-01    1.188889E-01 
   334   -1.640443E-01    8.995785E-01    8.621500E-01    1.238134E-01 
   335   -1.629294E-01    8.955778E-01    8.567789E-01    1.288757E-01 
   336   -1.618094E-01    8.914784E-01    8.512849E-01    1.340960E-01 
   337   -1.606843E-01    8.872733E-01    8.456598E-01    1.394910E-01 
   338   -1.595537E-01    8.829591E-01    8.398996E-01    1.450715E-01 
   339   -1.584175E-01    8.785360E-01    8.340056E-01    1.508435E-01 
   340   -1.572755E-01    8.740084E-01    8.279848E-01    1.568062E-01 
   341   -1.561274E-01    8.693850E-01    8.218493E-01    1.629441E-01 
   342   -1.549731E-01    8.646777E-01    8.156161E-01    1.692378E-01 
   343   -1.538123E-01    8.599015E-01    8.093056E-01    1.756654E-01 
   344   -1.526450E-01    8.550730E-01    8.029403E-01    1.822021E-01 
   345   -1.514710E-01    8.502095E-01    7.965436E-01    1.888217E-01 
   346   -1.502901E-01    8.453280E-01    7.901379E-01    1.954976E-01 
   347   -1.491023E-01    8.404438E-01    7.837437E-01    2.022051E-01 
   348   -1.479076E-01    8.355705E-01    7.773786E-01    2.089218E-01 
   349   -1.467058E-01    8.307184E-01    7.710562E-01    2.156291E-01 
   350   -1.454970E-01    8.258949E-01    7.647857E-01    2.223131E-01 
   351   -1.442812E-01    8.211041E-01    7.585721E-01    2.289663E-01 
   352   -1.430583E-01    8.163464E-01    7.524160E-01    2.355870E-01 
   353   -1.418283E-01    8.116204E-01    7.463149E-01    2.421798E-01 
   354   -1.405912E-01    8.069225E-01    7.402642E-01    2.487678E-01 
   355   -1.393468E-01    8.022486E-01    7.342584E-01    2.553698E-01 
   356   -1.380953E-01    7.975946E-01    7.282920E-01    2.619861E-01 
   357   -1.368364E-01    7.929572E-01    7.223607E-01    2.686155E-01 
   358   -1.355702E-01    7.883342E-01    7.164619E-01    2.752558E-01 
   359   -1.342966E-01    7.837253E-01    7.105947E-01    2.819043E-01 
   360   -1.330154E-01    7.791316E-01    7.047608E-01    2.885729E-01 
   361   -1.317267E-01    7.745568E-01    6.989646E-01    2.952671E-01 
   362   -1.304303E-01    7.700069E-01    6.932136E-01    3.019714E-01 
   363   -1.291262E-01    7.654896E-01    6.875175E-01    3.086691E-01 
   364   -1.278143E-01    7.610136E-01    6.818868E-01    3.153431E-01 
   365   -1.264948E-01    7.565879E-01    6.763324E-01    3.219740E-01 
   366   -1.251675E-01    7.522205E-01    6.708641E-01    3.285427E-01 
   367   -1.238324E-01    7.479183E-01    6.654900E-01    3.350310E-01 
   368   -1.224898E-01    7.436864E-01    6.602158E-01    3.414250E-01 
   369   -1.211395E-01    7.395279E-01    6.550449E-01    3.477169E-01 
   370   -1.197817E-01    7.354437E-01    6.499776E-01    3.539042E-01 
   371   -1.184163E-01    7.314315E-01    6.450107E-01    3.599899E-01 
   372   -1.170436E-01    7.274857E-01    6.401367E-01    3.659810E-01 
   373   -1.156635E-01    7.235965E-01    6.353427E-01    3.718897E-01 
   374   -1.142760E-01    7.197486E-01    6.306097E-01    3.777326E-01 
   375   -1.128813E-01    7.159213E-01    6.259120E-01    3.835327E-01 
   376   -1.114791E-01    7.120881E-01    6.212168E-01    3.893211E-01 
   377   -1.100695E-01    7.082174E-01    6.164857E-01    3.951434E-01 
   378   -1.086523E-01    7.042744E-01    6.116766E-01    4.010743E-01 
   379   -1.072272E-01    7.002235E-01    6.067467E-01    4.071919E-01 
   380   -1.057937E-01    6.960309E-01    6.016562E-01    4.135742E-01 
   381   -1.043516E-01    6.916681E-01    5.963717E-01    4.202907E-01 
   382   -1.029002E-01    6.871146E-01    5.908704E-01    4.273961E-01 
   383   -1.014389E-01    6.823613E-01    5.851433E-01    4.349226E-01 
   384   -9.996717E-02    6.774119E-01    5.791968E-01    4.428747E-01 
   385   -9.848430E-02    6.722830E-01    5.730533E-01    4.512129E-01 
   386   -9.698973E-02    6.670036E-01    5.667491E-01    4.598810E-01 
   387   -9.548295E-02    6.616116E-01    5.603316E-01    4.688125E-01 
   388   -9.396355E-02    6.561510E-01    5.538538E-01    4.779373E-01 
   389   -9.243125E-02    6.506662E-01    5.473696E-01    4.871826E-01 
   390   -9.088583E-02    6.451988E-01    5.409278E-01    4.964744E-01 
   391   -8.932722E-02    6.397839E-01    5.345696E-01    5.057429E-01 
   392   -8.775539E-02    6.344483E-01    5.283258E-01    5.149283E-01 
   393   -8.617038E-02    6.292097E-01    5.222160E-01    5.239868E-01 
   394   -8.457227E-02    6.240763E-01    5.162486E-01    5.328892E-01 
   395   -8.296115E-02    6.190469E-01    5.104212E-01    5.416263E-01 
   396   -8.133709E-02    6.141117E-01    5.047213E-01    5.502110E-01 
   397   -7.970016E-02    6.092546E-01    4.991292E-01    5.586814E-01 
   398   -7.805033E-02    6.044560E-01    4.936219E-01    5.671217E-01 
   399   -7.638749E-02    5.996966E-01    4.881767E-01    5.756048E-01 
   400   -7.471150E-02    5.949605E-01    4.827752E-01    5.841435E-01 
   401   -7.302217E-02    5.902372E-01    4.774055E-01    5.927368E-01 
   402   -7.131928E-02    5.855237E-01    4.720643E-01    6.013766E-01 
   403   -6.960258E-02    5.808267E-01    4.667590E-01    6.100753E-01 
   404   -6.787187E-02    5.761649E-01    4.615105E-01    6.187905E-01 
   405   -6.612701E-02    5.715684E-01    4.563525E-01    6.274604E-01 
   406   -6.436799E-02    5.670760E-01    4.513275E-01    6.360157E-01 
   407   -6.259500E-02    5.627294E-01    4.464809E-01    6.443763E-01 
   408   -6.080839E-02    5.585689E-01    4.418560E-01    6.524589E-01 
   409   -5.900863E-02    5.546318E-01    4.374921E-01    6.601729E-01 
   410   -5.719629E-02    5.509544E-01    4.334274E-01    6.674194E-01 
   411   -5.537212E-02    5.475764E-01    4.297029E-01    6.740971E-01 
   412   -5.353702E-02    5.445449E-01    4.263680E-01    6.801060E-01 
   413   -5.169206E-02    5.419185E-01    4.234844E-01    6.853383E-01 
   414   -4.983858E-02    5.397687E-01    4.211272E-01    6.896624E-01 
   415   -4.797828E-02    5.381706E-01    4.193756E-01    6.929233E-01 
   416   -4.611318E-02    5.371756E-01    4.182834E-01    6.949793E-01 
   417   -4.424569E-02    5.367718E-01    4.178360E-01    6.955319E-01 
   418   -4.237864E-02    5.368644E-01    4.179294E-01    6.945291E-01 
   419   -4.051352E-02    5.373047E-01    4.184018E-01    6.931373E-01 
   420   -3.865082E-02    5.379496E-01    4.190975E-01    6.915846E-01 
   421   -3.679065E-02    5.387014E-01    4.199101E-01    6.899400E-01 
   422   -3.493332E-02    5.395042E-01    4.207786E-01    6.882653E-01 
   423   -3.307903E-02    5.403237E-01    4.216658E-01    6.866236E-01 
   424   -3.122757E-02    5.411344E-01    4.225437E-01    6.850444E-01 
   425   -2.937892E-02    5.419169E-01    4.233910E-01    6.835464E-01 
   426   -2.753292E-02    5.426557E-01    4.241906E-01    6.821509E-01 
   427   -2.568946E-02    5.433376E-01    4.249280E-01    6.808829E-01 
   428   -2.384824E-02    5.439534E-01    4.255932E-01    6.797534E-01 
   429   -2.200893E-02    5.444994E-01    4.261818E-01    6.787621E-01 
   430   -2.017138E-02    5.449764E-01    4.266949E-01    6.779089E-01 
   431   -1.833531E-02    5.453873E-01    4.271352E-01    6.771915E-01 
   432   -1.650052E-02    5.457359E-01    4.275069E-01    6.766017E-01 
   433   -1.466677E-02    5.460276E-01    4.278160E-01    6.761195E-01 
   434   -1.283389E-02    5.462697E-01    4.280704E-01    6.757253E-01 
   435   -1.100168E-02    5.464697E-01    4.282783E-01    6.754047E-01 
   436   -9.170096E-03    5.466343E-01    4.284471E-01    6.751449E-01 
   437   -7.339018E-03    5.467700E-01    4.285839E-01    6.749321E-01 
   438   -5.508249E-03    5.468834E-01    4.286958E-01    6.747523E-01 
   439   -3.677855E-03    5.469800E-01    4.287889E-01    6.746005E-01 
   440   -1.847755E-03    5.470638E-01    4.288675E-01    6.744723E-01 
   441   -1.791156E-05    5.471374E-01    4.289346E-01    6.743612E-01 
   442    1.811709E-03    5.472035E-01    4.289930E-01    6.742617E-01 
   443    3.641193E-03    5.472639E-01    4.290446E-01    6.741720E-01 
   444    5.470364E-03    5.473195E-01    4.290904E-01    6.740914E-01 
   445    7.299394E-03    5.473712E-01    4.291316E-01    6.740169E-01 
   446    9.128381E-03    5.474200E-01    4.291693E-01    6.739471E-01 
   447    1.095705E-02    5.474664E-01    4.292038E-01    6.738836E-01 
   448    1.278560E-02    5.475107E-01    4.292348E-01    6.738240E-01 
   449    1.461411E-02    5.475535E-01    4.292633E-01    6.737676E-01 
   450    1.644239E-02    5.475950E-01    4.292905E-01    6.737159E-01 
   451    1.827052E-02    5.476352E-01    4.293163E-01    6.736683E-01 
   452    2.009855E-02    5.476743E-01    4.293399E-01    6.736207E-01 
   453    2.192646E-02    5.477134E-01    4.293613E-01    6.735755E-01 
   454    2.375430E-02    5.477519E-01    4.293809E-01    6.735352E-01 
   455    2.558182E-02    5.477892E-01    4.293996E-01    6.734960E-01 
   456    2.740933E-02    5.478265E-01    4.294187E-01    6.734553E-01 
   457    2.923693E-02    5.478644E-01    4.294372E-01    6.734185E-01 
   458    3.106403E-02    5.479018E-01    4.294525E-01    6.733876E-01 
   459    3.289105E-02    5.479388E-01    4.294650E-01    6.733534E-01 
   460    3.471834E-02    5.479768E-01    4.294783E-01    6.733185E-01 
   461    3.654521E-02    5.480151E-01    4.294928E-01    6.732917E-01 
   462    3.837170E-02    5.480523E-01    4.295055E-01    6.732670E-01 
   463    4.019848E-02    5.480904E-01    4.295163E-01    6.732347E-01 
   464    4.202521E-02    5.481310E-01    4.295269E-01    6.732069E-01 
   465    4.385140E-02    5.481718E-01    4.295354E-01    6.731896E-01 
   466    4.567742E-02    5.482115E-01    4.295410E-01    6.731663E-01 
   467    4.750381E-02    5.482535E-01    4.295489E-01    6.731348E-01 
   468    4.932997E-02    5.482982E-01    4.295606E-01    6.731165E-01 
   469    5.115532E-02    5.483420E-01    4.295695E-01    6.731074E-01 
   470    5.298093E-02    5.483871E-01    4.295727E-01    6.730802E-01 
   471    5.480704E-02    5.484381E-01    4.295741E-01    6.730514E-01 
   472    5.663220E-02    5.484906E-01    4.295754E-01    6.730459E-01 
   473    5.845671E-02    5.485395E-01    4.295789E-01    6.730429E-01 
   474    6.028220E-02    5.485916E-01    4.295902E-01    6.730072E-01 
   475    6.210739E-02    5.486544E-01    4.296031E-01    6.729771E-01 
   476    6.393156E-02    5.487190E-01    4.295959E-01    6.730037E-01 
   477    6.575569E-02    5.487798E-01    4.295719E-01    6.729947E-01 
   478    6.758006E-02    5.488496E-01    4.295743E-01    6.729284E-01 
   479    6.940429E-02    5.489283E-01    4.296007E-01    6.729198E-01 
   480    7.122865E-02    5.490033E-01    4.296039E-01    6.730188E-01 
   481    7.304980E-02    5.490850E-01    4.295805E-01    6.728915E-01 
   482    7.487297E-02    5.491937E-01    4.295797E-01    6.728271E-01 
   483    7.670215E-02    5.493016E-01    4.295793E-01    6.730072E-01 
   484    7.851671E-02    5.494017E-01    4.295614E-01    6.729219E-01 
   485    8.033477E-02    5.495401E-01    4.295772E-01    6.727077E-01 
   486    8.217446E-02    5.497097E-01    4.296355E-01    6.729677E-01 
   487    8.398535E-02    5.499154E-01    4.297056E-01    6.730370E-01 
   488    8.578335E-02    5.502140E-01    4.297527E-01    6.724975E-01 
   489    8.764398E-02    5.506629E-01    4.297484E-01    6.730366E-01 
   490    8.945997E-02    5.511075E-01    4.294774E-01    6.730875E-01 
   491    9.120065E-02    5.513849E-01    4.287893E-01    6.722829E-01 
   492    9.310940E-02    5.513002E-01    4.277369E-01    6.732063E-01 
   493    9.492765E-02    5.498642E-01    4.256386E-01    6.729429E-01 
   494    9.658678E-02    5.467526E-01    4.232255E-01    6.722633E-01 
   495    9.859921E-02    5.402068E-01    4.222022E-01    6.733590E-01 
   496    1.004119E-01    5.318573E-01    4.253736E-01    6.723628E-01 
   497    1.021571E-01    5.221611E-01    4.306276E-01    6.730130E-01 
   498    1.043418E-01    5.099667E-01    4.358144E-01    6.727525E-01 
   499    1.068521E-01    4.949408E-01    4.482821E-01    6.744865E-01 
   500    1.052957E-01    5.041089E-01    3.509983E-01    6.700874E-01 
   501    1.072527E-01    4.923877E-01    3.727115E-01    6.684298E-01 
   502    1.085566E-01    4.840109E-01    3.948719E-01    6.718222E-01 
   503    1.092513E-01    4.795531E-01    4.161886E-01    6.730651E-01 
   504    1.094645E-01    4.782575E-01    4.336814E-01    6.725095E-01 
   505    1.099181E-01    4.756628E-01    4.427022E-01    6.708555E-01 
   506    1.108977E-01    4.705762E-01    4.437442E-01    6.723262E-01 
   507    1.115078E-01    4.677008E-01    4.430159E-01    6.747453E-01 
   508    1.117224E-01    4.667586E-01    4.420467E-01    6.747261E-01 
   509    1.118935E-01    4.660457E-01    4.407335E-01    6.734355E-01 
   510    1.124490E-01    4.640124E-01    4.382901E-01    6.711592E-01 
   511    1.131731E-01    4.618463E-01    4.358296E-01    6.721631E-01 
   512    1.138334E-01    4.602764E-01    4.339576E-01    6.722635E-01 
   513    1.144872E-01    4.590962E-01    4.324909E-01    6.720989E-01 
   514    1.150341E-01    4.583665E-01    4.314326E-01    6.717419E-01 
   515    1.156707E-01    4.577377E-01    4.304627E-01    6.735817E-01 
   516    1.161623E-01    4.573701E-01    4.297624E-01    6.737592E-01 
   517    1.165833E-01    4.571369E-01    4.292692E-01    6.733228E-01 
   518    1.170395E-01    4.569767E-01    4.288846E-01    6.726911E-01 
   519    1.175784E-01    4.568660E-01    4.285743E-01    6.725400E-01 
   520    1.181400E-01    4.568196E-01    4.283489E-01    6.723617E-01 
   521    1.187299E-01    4.568307E-01    4.282152E-01    6.721788E-01 
   522    1.193797E-01    4.568823E-01    4.281394E-01    6.723714E-01 
   523    1.199807E-01    4.569378E-01    4.280783E-01    6.728862E-01 
   524    1.205012E-01    4.569882E-01    4.280120E-01    6.731456E-01 
   525    1.209962E-01    4.570388E-01    4.279533E-01    6.730407E-01 
   526    1.215206E-01    4.571063E-01    4.279144E-01    6.725777E-01 
   527    1.220638E-01    4.571864E-01    4.278915E-01    6.725749E-01 
   528    1.225887E-01    4.572631E-01    4.278620E-01    6.726354E-01 
   529    1.231206E-01    4.573417E-01    4.278408E-01    6.725289E-01 
   530    1.236809E-01    4.574252E-01    4.278336E-01    6.725232E-01 
   531    1.242613E-01    4.575065E-01    4.278352E-01    6.728404E-01 
   532    1.248295E-01    4.575748E-01    4.278326E-01    6.730302E-01 
   533    1.253757E-01    4.576345E-01    4.278278E-01    6.728752E-01 
   534    1.259113E-01    4.576996E-01    4.278354E-01    6.725581E-01 
   535    1.264594E-01    4.577711E-01    4.278515E-01    6.724504E-01 
   536    1.270118E-01    4.578393E-01    4.278625E-01    6.725742E-01 
   537    1.275481E-01    4.579002E-01    4.278651E-01    6.726076E-01 
   538    1.280799E-01    4.579575E-01    4.278627E-01    6.726324E-01 
   539    1.286180E-01    4.580116E-01    4.278605E-01    6.727404E-01 
   540    1.291614E-01    4.580610E-01    4.278537E-01    6.728216E-01 
   541    1.297101E-01    4.581070E-01    4.278512E-01    6.728034E-01 
   542    1.302660E-01    4.581532E-01    4.278506E-01    6.727042E-01 
   543    1.308249E-01    4.582011E-01    4.278614E-01    6.725922E-01 
   544    1.313801E-01    4.582488E-01    4.278700E-01    6.725621E-01 
   545    1.319298E-01    4.582933E-01    4.278822E-01    6.726182E-01 
   546    1.324729E-01    4.583337E-01    4.278838E-01    6.726604E-01 
   547    1.330104E-01    4.583709E-01    4.278881E-01    6.726737E-01 
   548    1.335451E-01    4.584058E-01    4.278836E-01    6.726728E-01 
   549    1.340813E-01    4.584393E-01    4.278844E-01    6.726504E-01 
   550    1.346231E-01    4.584726E-01    4.278811E-01    6.726242E-01 
   551    1.351733E-01    4.585053E-01    4.278841E-01    6.726271E-01 
   552    1.357292E-01    4.585363E-01    4.278837E-01    6.726655E-01 
   553    1.362839E-01    4.585644E-01    4.278851E-01    6.726939E-01 
   554    1.368339E-01    4.585903E-01    4.278844E-01    6.726923E-01 
   555    1.373804E-01    4.586148E-01    4.278836E-01    6.726759E-01 
   556    1.379237E-01    4.586384E-01    4.278843E-01    6.726488E-01 
   557    1.384645E-01    4.586620E-01    4.278827E-01    6.726107E-01 
   558    1.390042E-01    4.586860E-01    4.278865E-01    6.725725E-01 
   559    1.395449E-01    4.587101E-01    4.278851E-01    6.725557E-01 
   560    1.400892E-01    4.587331E-01    4.278897E-01    6.725810E-01 
   561    1.406365E-01    4.587541E-01    4.278858E-01    6.726351E-01 
   562    1.411858E-01    4.587727E-01    4.278875E-01    6.726728E-01 
   563    1.417345E-01    4.587895E-01    4.278812E-01    6.726782E-01 
   564    1.422826E-01    4.588055E-01    4.278819E-01    6.726614E-01 
   565    1.428293E-01    4.588212E-01    4.278773E-01    6.726362E-01 
   566    1.433749E-01    4.588371E-01    4.278792E-01    6.726097E-01 
   567    1.439188E-01    4.588534E-01    4.278779E-01    6.725826E-01 
   568    1.444619E-01    4.588698E-01    4.278802E-01    6.725626E-01 
   569    1.450047E-01    4.588857E-01    4.278809E-01    6.725584E-01 
   570    1.455481E-01    4.589008E-01    4.278811E-01    6.725724E-01 
   571    1.460930E-01    4.589146E-01    4.278819E-01    6.725951E-01 
   572    1.466390E-01    4.589271E-01    4.278788E-01    6.726122E-01 
   573    1.471860E-01    4.589387E-01    4.278796E-01    6.726175E-01 
   574    1.477331E-01    4.589495E-01    4.278747E-01    6.726150E-01 
   575    1.482799E-01    4.589597E-01    4.278763E-01    6.726078E-01 
   576    1.488257E-01    4.589695E-01    4.278710E-01    6.725978E-01 
   577    1.493710E-01    4.589793E-01    4.278733E-01    6.725845E-01 
   578    1.499151E-01    4.589891E-01    4.278690E-01    6.725711E-01 
   579    1.504591E-01    4.589990E-01    4.278718E-01    6.725581E-01 
   580    1.510029E-01    4.590088E-01    4.278690E-01    6.725503E-01 
   581    1.515472E-01    4.590182E-01    4.278709E-01    6.725516E-01 
   582    1.520923E-01    4.590268E-01    4.278686E-01    6.725603E-01 
   583    1.526381E-01    4.590345E-01    4.278680E-01    6.725700E-01 
   584    1.531842E-01    4.590414E-01    4.278661E-01    6.725753E-01 
   585    1.537302E-01    4.590476E-01    4.278632E-01    6.725748E-01 
   586    1.542762E-01    4.590534E-01    4.278625E-01    6.725690E-01 
   587    1.548213E-01    4.590590E-01    4.278581E-01    6.725600E-01 
   588    1.553664E-01    4.590646E-01    4.278591E-01    6.725494E-01 
   589    1.559109E-01    4.590703E-01    4.278545E-01    6.725393E-01 
   590    1.564555E-01    4.590761E-01    4.278570E-01    6.725313E-01 
   591    1.569999E-01    4.590818E-01    4.278526E-01    6.725265E-01 
   592    1.575448E-01    4.590872E-01    4.278550E-01    6.725260E-01 
   593    1.580898E-01    4.590920E-01    4.278505E-01    6.725286E-01 
   594    1.586353E-01    4.590963E-01    4.278515E-01    6.725308E-01 
   595    1.591807E-01    4.591001E-01    4.278472E-01    6.725315E-01 
   596    1.597263E-01    4.591035E-01    4.278466E-01    6.725291E-01 
   597    1.602717E-01    4.591067E-01    4.278434E-01    6.725247E-01 
   598    1.608168E-01    4.591097E-01    4.278415E-01    6.725193E-01 
   599    1.613618E-01    4.591127E-01    4.278402E-01    6.725125E-01 
   600    1.619065E-01    4.591157E-01    4.278372E-01    6.725060E-01 
   601    1.624514E-01    4.591187E-01    4.278379E-01    6.725003E-01 
   602    1.629961E-01    4.591216E-01    4.278338E-01    6.724961E-01 
   603    1.635411E-01    4.591243E-01    4.278355E-01    6.724939E-01 
   604    1.640861E-01    4.591267E-01    4.278305E-01    6.724928E-01 
   605    1.646314E-01    4.591289E-01    4.278323E-01    6.724917E-01 
   606    1.651766E-01    4.591307E-01    4.278269E-01    6.724907E-01 
   607    1.657219E-01    4.591323E-01    4.278280E-01    6.724882E-01 
   608    1.662670E-01    4.591337E-01    4.278231E-01    6.724850E-01 
   609    1.668121E-01    4.591349E-01    4.278232E-01    6.724808E-01 
   610    1.673571E-01    4.591361E-01    4.278196E-01    6.724758E-01 
   611    1.679020E-01    4.591372E-01    4.278186E-01    6.724712E-01 
   612    1.684469E-01    4.591383E-01    4.278166E-01    6.724666E-01 
   613    1.689918E-01    4.591393E-01    4.278142E-01    6.724628E-01 
   614    1.695369E-01    4.591401E-01    4.278138E-01    6.724597E-01 
   615    1.700818E-01    4.591407E-01    4.278098E-01    6.724571E-01 
   616    1.706270E-01    4.591411E-01    4.278104E-01    6.724546E-01 
   617    1.711721E-01    4.591413E-01    4.278051E-01    6.724519E-01 
   618    1.717173E-01    4.591414E-01    4.278062E-01    6.724483E-01 
   619    1.722623E-01    4.591413E-01    4.278004E-01    6.724447E-01 
   620    1.728074E-01    4.591410E-01    4.278013E-01    6.724402E-01 
   621    1.733524E-01    4.591407E-01    4.277958E-01    6.724355E-01 
   622    1.738974E-01    4.591403E-01    4.277960E-01    6.724309E-01 
   623    1.744424E-01    4.591398E-01    4.277914E-01    6.724261E-01 
   624    1.749873E-01    4.591392E-01    4.277905E-01    6.724217E-01 
   625    1.755324E-01    4.591385E-01    4.277872E-01    6.724175E-01 
   626    1.760774E-01    4.591376E-01    4.277848E-01    6.724132E-01 
   627    1.766225E-01    4.591366E-01    4.277830E-01    6.724092E-01 
   628    1.771675E-01    4.591355E-01    4.277789E-01    6.724049E-01 
   629    1.777127E-01    4.591343E-01    4.277783E-01    6.724002E-01 
   630    1.782577E-01    4.591329E-01    4.277728E-01    6.723957E-01 
   631    1.788028E-01    4.591315E-01    4.277731E-01    6.723903E-01 
   632    1.793478E-01    4.591299E-01    4.277668E-01    6.723855E-01 
   633    1.798928E-01    4.591283E-01    4.277672E-01    6.723804E-01 
   634    1.804379E-01    4.591265E-01    4.277608E-01    6.723753E-01 
   635    1.809829E-01    4.591245E-01    4.277606E-01    6.723706E-01 
   636    1.815280E-01    4.591224E-01    4.277546E-01    6.723654E-01 
   637    1.820730E-01    4.591201E-01    4.277531E-01    6.723605E-01 
   638    1.826181E-01    4.591175E-01    4.277479E-01    6.723551E-01 
   639    1.831632E-01    4.591148E-01    4.277447E-01    6.723493E-01 
   640    1.837083E-01    4.591118E-01    4.277405E-01    6.723433E-01 
   641    1.842533E-01    4.591086E-01    4.277354E-01    6.723363E-01 
   642    1.847985E-01    4.591051E-01    4.277323E-01    6.723287E-01 
   643    1.853434E-01    4.591015E-01    4.277252E-01    6.723206E-01 
   644    1.858886E-01    4.590977E-01    4.277230E-01    6.723109E-01 
   645    1.864336E-01    4.590939E-01    4.277148E-01    6.723014E-01 
   646    1.869788E-01    4.590900E-01    4.277131E-01    6.722904E-01 
   647    1.875238E-01    4.590862E-01    4.277047E-01    6.722794E-01 
   648    1.880689E-01    4.590825E-01    4.277033E-01    6.722680E-01 
   649    1.886141E-01    4.590791E-01    4.276960E-01    6.722558E-01 
   650    1.891592E-01    4.590760E-01    4.276947E-01    6.722440E-01 
   651    1.897044E-01    4.590734E-01    4.276894E-01    6.722316E-01 
   652    1.902495E-01    4.590712E-01    4.276883E-01    6.722204E-01 
   653    1.907946E-01    4.590695E-01    4.276857E-01    6.722125E-01 
   654    1.913397E-01    4.590683E-01    4.276844E-01    6.722076E-01 
   655    1.918849E-01    4.590674E-01    4.276845E-01    6.722084E-01 
   656    1.924300E-01    4.590666E-01    4.276824E-01    6.722138E-01 
   657    1.929752E-01    4.590658E-01    4.276841E-01    6.722216E-01 
   658    1.935202E-01    4.590646E-01    4.276802E-01    6.722329E-01 
   659    1.940655E-01    4.590626E-01    4.276813E-01    6.722429E-01 
   660    1.946105E-01    4.590594E-01    4.276742E-01    6.722534E-01 
   661    1.951557E-01    4.590545E-01    4.276717E-01    6.722617E-01 
   662    1.957008E-01    4.590473E-01    4.276596E-01    6.722666E-01 
   663    1.962459E-01    4.590374E-01    4.276502E-01    6.722676E-01 
   664    1.967910E-01    4.590243E-01    4.276313E-01    6.722626E-01 
   665    1.973361E-01    4.590078E-01    4.276124E-01    6.722518E-01 
   666    1.978812E-01    4.589877E-01    4.275854E-01    6.722317E-01 
   667    1.984264E-01    4.589640E-01    4.275559E-01    6.721986E-01 
   668    1.989715E-01    4.589371E-01    4.275216E-01    6.721515E-01 
   669    1.995167E-01    4.589075E-01    4.274829E-01    6.720880E-01 
   670    2.000620E-01    4.588760E-01    4.274443E-01    6.720075E-01 
   671    2.006072E-01    4.588440E-01    4.274011E-01    6.719105E-01 
   672    2.011528E-01    4.588128E-01    4.273640E-01    6.717968E-01 
   673    2.016981E-01    4.587841E-01    4.273242E-01    6.716696E-01 
   674    2.022437E-01    4.587595E-01    4.272962E-01    6.715297E-01 
   675    2.027893E-01    4.587407E-01    4.272691E-01    6.713848E-01 
   676    2.033350E-01    4.587292E-01    4.272581E-01    6.712495E-01 
   677    2.038808E-01    4.587261E-01    4.272519E-01    6.711440E-01 
   678    2.044266E-01    4.587321E-01    4.272631E-01    6.710930E-01 
   679    2.049724E-01    4.587473E-01    4.272817E-01    6.711137E-01 
   680    2.055182E-01    4.587711E-01    4.273150E-01    6.712076E-01 
   681    2.060640E-01    4.588020E-01    4.273554E-01    6.713696E-01 
   682    2.066096E-01    4.588378E-01    4.274030E-01    6.715722E-01 
   683    2.071551E-01    4.588755E-01    4.274539E-01    6.718010E-01 
   684    2.077003E-01    4.589114E-01    4.275001E-01    6.720352E-01 
   685    2.082457E-01    4.589411E-01    4.275421E-01    6.722593E-01 
   686    2.087906E-01    4.589599E-01    4.275648E-01    6.724621E-01 
   687    2.093357E-01    4.589628E-01    4.275725E-01    6.726310E-01 
   688    2.098804E-01    4.589447E-01    4.275464E-01    6.727589E-01 
   689    2.104252E-01    4.589008E-01    4.274935E-01    6.728364E-01 
   690    2.109700E-01    4.588272E-01    4.273949E-01    6.728557E-01 
   691    2.115147E-01    4.587208E-01    4.272598E-01    6.728070E-01 
   692    2.120596E-01    4.585799E-01    4.270743E-01    6.726809E-01 
   693    2.126045E-01    4.584050E-01    4.268490E-01    6.724592E-01 
   694    2.131497E-01    4.581984E-01    4.265788E-01    6.721186E-01 
   695    2.136951E-01    4.579649E-01    4.262759E-01    6.716357E-01 
   696    2.142409E-01    4.577120E-01    4.259470E-01    6.709971E-01 
   697    2.147872E-01    4.574496E-01    4.256052E-01    6.702067E-01 
   698    2.153341E-01    4.571900E-01    4.252692E-01    6.692693E-01 
   699    2.158814E-01    4.569471E-01    4.249515E-01    6.681992E-01 
   700    2.164297E-01    4.567356E-01    4.246796E-01    6.670200E-01 
   701    2.169785E-01    4.565705E-01    4.244624E-01    6.657643E-01 
   702    2.175282E-01    4.564649E-01    4.243291E-01    6.645526E-01 
   703    2.180784E-01    4.564296E-01    4.242805E-01    6.635826E-01 
   704    2.186292E-01    4.564709E-01    4.243385E-01    6.630548E-01 
   705    2.191801E-01    4.565895E-01    4.244908E-01    6.631576E-01 
   706    2.197308E-01    4.567796E-01    4.247419E-01    6.639083E-01 
   707    2.202809E-01    4.570272E-01    4.250632E-01    6.652424E-01 
   708    2.208301E-01    4.573105E-01    4.254349E-01    6.669680E-01 
   709    2.213781E-01    4.576000E-01    4.258120E-01    6.689272E-01 
   710    2.219249E-01    4.578584E-01    4.261496E-01    6.709559E-01 
   711    2.224704E-01    4.580420E-01    4.263898E-01    6.729175E-01 
   712    2.230146E-01    4.581012E-01    4.264652E-01    6.746921E-01 
   713    2.235579E-01    4.579821E-01    4.263100E-01    6.761876E-01 
   714    2.241002E-01    4.576272E-01    4.258405E-01    6.772926E-01 
   715    2.246422E-01    4.569770E-01    4.249877E-01    6.779975E-01 
   716    2.251838E-01    4.559709E-01    4.236596E-01    6.781965E-01 
   717    2.257257E-01    4.545491E-01    4.217906E-01    6.777315E-01 
   718    2.262682E-01    4.526556E-01    4.192929E-01    6.765214E-01 
   719    2.268122E-01    4.502349E-01    4.161073E-01    6.744372E-01 
   720    2.273582E-01    4.472375E-01    4.121585E-01    6.710393E-01 
   721    2.279072E-01    4.436182E-01    4.074018E-01    6.660163E-01 
   722    2.284604E-01    4.393391E-01    4.017830E-01    6.592523E-01 
   723    2.290191E-01    4.343650E-01    3.952719E-01    6.503737E-01 
   724    2.295847E-01    4.286747E-01    3.878492E-01    6.391563E-01 
   725    2.301589E-01    4.222535E-01    3.795095E-01    6.253474E-01 
   726    2.307437E-01    4.150956E-01    3.702673E-01    6.084670E-01 
   727    2.313407E-01    4.072118E-01    3.601540E-01    5.886778E-01 
   728    2.319525E-01    3.986250E-01    3.492306E-01    5.660392E-01 
   729    2.325806E-01    3.893857E-01    3.375842E-01    5.399774E-01 
   730    2.332275E-01    3.795628E-01    3.253391E-01    5.101298E-01 
   731    2.338952E-01    3.692516E-01    3.126323E-01    4.769682E-01 
   732    2.345861E-01    3.585639E-01    2.996420E-01    4.411744E-01 
   733    2.353017E-01    3.476610E-01    2.865776E-01    4.027762E-01 
   734    2.360436E-01    3.367159E-01    2.736698E-01    3.618565E-01 
   735    2.368127E-01    3.259266E-01    2.611478E-01    3.195185E-01 
   736    2.376100E-01    3.154866E-01    2.492386E-01    2.771002E-01 
   737    2.384351E-01    3.056009E-01    2.381503E-01    2.355399E-01 
   738    2.392871E-01    2.964426E-01    2.280515E-01    1.958785E-01 
   739    2.401644E-01    2.881548E-01    2.190590E-01    1.593393E-01 
   740    2.410651E-01    2.808314E-01    2.112342E-01    1.269878E-01 
   741    2.419861E-01    2.745172E-01    2.045782E-01    9.926530E-02 
   742    2.429247E-01    2.691983E-01    1.990380E-01    7.625876E-02 
   743    2.438778E-01    2.648185E-01    1.945202E-01    5.762016E-02 
   744    2.448426E-01    2.612863E-01    1.909056E-01    4.296718E-02 
   745    2.458166E-01    2.584932E-01    1.880648E-01    3.170419E-02 
   746    2.467977E-01    2.563232E-01    1.858671E-01    2.314367E-02 
   747    2.477842E-01    2.546626E-01    1.841905E-01    1.674374E-02 
   748    2.487746E-01    2.534092E-01    1.829276E-01    1.202512E-02 
   749    2.497681E-01    2.524744E-01    1.819871E-01    8.584423E-03 
   750    2.507637E-01    2.517845E-01    1.812934E-01    6.097933E-03 
   751    2.517608E-01    2.512798E-01    1.807861E-01    4.313987E-03 
   752    2.527591E-01    2.509133E-01    1.804178E-01    3.041558E-03 
   753    2.537582E-01    2.506490E-01    1.801522E-01    2.138299E-03 
   754    2.547579E-01    2.504595E-01    1.799618E-01    1.499720E-03 
   755    2.557579E-01    2.503243E-01    1.798259E-01    1.049768E-03 
   756    2.567583E-01    2.502282E-01    1.797294E-01    7.335844E-04 
   757    2.577588E-01    2.501603E-01    1.796611E-01    5.118946E-04 
   758    2.587595E-01    2.501123E-01    1.796129E-01    3.567419E-04 
   759    2.597603E-01    2.500786E-01    1.795790E-01    2.483171E-04 
   760    2.607611E-01    2.500550E-01    1.795552E-01    1.726357E-04 
   761    2.617620E-01    2.500384E-01    1.795386E-01    1.198548E-04 
   762    2.627629E-01    2.500268E-01    1.795269E-01    8.306367E-05 
   763    2.637639E-01    2.500187E-01    1.795188E-01    5.741995E-05 
   764    2.647648E-01    2.500131E-01    1.795132E-01    3.953623E-05 
   765    2.657658E-01    2.500092E-01    1.795093E-01    2.704573E-05 
   766    2.667668E-01    2.500065E-01    1.795065E-01    1.829613E-05 
   767    2.677678E-01    2.500047E-01    1.795047E-01    1.213439E-05 
   768    2.687688E-01    2.500034E-01    1.795034E-01    7.755757E-06 
   769    2.697698E-01    2.500025E-01    1.795025E-01    4.598047E-06 
   770    2.707708E-01    2.500020E-01    1.795020E-01    2.267744E-06 
   771    2.717718E-01    2.500016E-01    1.795016E-01    4.883629E-07 
   772    2.727728E-01    2.500014E-01    1.795014E-01   -9.355694E-07 
   773    2.737738E-01    2.500013E-01    1.795014E-01   -2.143654E-06 
   774    2.747748E-01    2.500014E-01    1.795014E-01   -3.237155E-06 
   775    2.757758E-01    2.500014E-01    1.795014E-01   -4.291236E-06 
   776    2.767767E-01    2.500016E-01    1.795016E-01   -5.363520E-06 
   777    2.777777E-01    2.500017E-01    1.795017E-01   -6.500077E-06 
   778    2.787787E-01    2.500020E-01    1.795020E-01   -7.739637E-06 
   779    2.797797E-01    2.500023E-01    1.795023E-01   -9.116558E-06 
   780    2.807807E-01    2.500026E-01    1.795026E-01   -1.066294E-05 
   781    2.817817E-01    2.500030E-01    1.795030E-01   -1.241012E-05 
   782    2.827827E-01    2.500034E-01    1.795035E-01   -1.438981E-05 
   783    2.837837E-01    2.500040E-01    1.795040E-01   -1.663483E-05 
   784    2.847847E-01    2.500046E-01    1.795046E-01   -1.917974E-05 
   785    2.857857E-01    2.500052E-01    1.795053E-01   -2.206129E-05 
   786    2.867866E-01    2.500060E-01    1.795060E-01   -2.531871E-05 
   787    2.877876E-01    2.500069E-01    1.795069E-01   -2.899396E-05 
   788    2.887886E-01    2.500078E-01    1.795079E-01   -3.313191E-05 
   789    2.897896E-01    2.500089E-01    1.795090E-01   -3.778044E-05 
   790    2.907905E-01    2.500102E-01    1.795102E-01   -4.299046E-05 
   791    2.917915E-01    2.500115E-01    1.795116E-01   -4.881590E-05 
   792    2.927924E-01    2.500131E-01    1.795131E-01   -5.531368E-05 
   793    2.937934E-01    2.500148E-01    1.795148E-01   -6.254349E-05 
   794    2.947943E-01    2.500167E-01    1.795167E-01   -7.056766E-05 
   795    2.957953E-01    2.500188E-01    1.795188E-01   -7.945084E-05 
   796    2.967962E-01    2.500211E-01    1.795212E-01   -8.925962E-05 
   797    2.977971E-01    2.500236E-01    1.795237E-01   -1.000622E-04 
   798    2.987980E-01    2.500264E-01    1.795265E-01   -1.119276E-04 
   799    2.997989E-01    2.500295E-01    1.795296E-01   -1.249256E-04 
   800    3.007998E-01    2.500328E-01    1.795330E-01   -1.391252E-04 
   801    3.018007E-01    2.500365E-01    1.795367E-01   -1.545946E-04 
   802    3.028015E-01    2.500404E-01    1.795407E-01   -1.714000E-04 
   803    3.038023E-01    2.500447E-01    1.795450E-01   -1.896045E-04 
   804    3.048032E-01    2.500494E-01    1.795497E-01   -2.092671E-04 
   805    3.058040E-01    2.500544E-01    1.795547E-01   -2.304417E-04 
   806    3.068047E-01    2.500598E-01    1.795601E-01   -2.531758E-04 
   807    3.078055E-01    2.500656E-01    1.795659E-01   -2.775090E-04 
   808    3.088062E-01    2.500717E-01    1.795721E-01   -3.034721E-04 
   809    3.098069E-01    2.500783E-01    1.795787E-01   -3.310853E-04 
   810    3.108076E-01    2.500852E-01    1.795857E-01   -3.603570E-04 
   811    3.118083E-01    2.500926E-01    1.795931E-01   -3.912828E-04 
   812    3.128089E-01    2.501003E-01    1.796009E-01   -4.238436E-04 
   813    3.138095E-01    2.501085E-01    1.796091E-01   -4.580047E-04 
   814    3.148100E-01    2.501170E-01    1.796176E-01   -4.937147E-04 
   815    3.158106E-01    2.501259E-01    1.796266E-01   -5.309041E-04 
   816    3.168110E-01    2.501352E-01    1.796359E-01   -5.694851E-04 
   817    3.178115E-01    2.501447E-01    1.796455E-01   -6.093502E-04 
   818    3.188119E-01    2.501546E-01    1.796554E-01   -6.503723E-04 
   819    3.198123E-01    2.501648E-01    1.796656E-01   -6.924043E-04 
   820    3.208126E-01    2.501751E-01    1.796761E-01   -7.352793E-04 
   821    3.218129E-01    2.501857E-01    1.796867E-01   -7.788107E-04 
   822    3.228131E-01    2.501964E-01    1.796974E-01   -8.227932E-04 
   823    3.238133E-01    2.502072E-01    1.797083E-01   -8.670039E-04 
   824    3.248135E-01    2.502180E-01    1.797191E-01   -9.112037E-04 
   825    3.258136E-01    2.502288E-01    1.797300E-01   -9.551388E-04 
   826    3.268136E-01    2.502395E-01    1.797408E-01   -9.985430E-04 
   827    3.278136E-01    2.502500E-01    1.797514E-01   -1.041141E-03 
   828    3.288136E-01    2.502604E-01    1.797618E-01   -1.082648E-03 
   829    3.298136E-01    2.502704E-01    1.797719E-01   -1.122779E-03 
   830    3.308134E-01    2.502801E-01    1.797816E-01   -1.161244E-03 
   831    3.318133E-01    2.502894E-01    1.797909E-01   -1.197759E-03 
   832    3.328131E-01    2.502981E-01    1.797998E-01   -1.232043E-03 
   833    3.338129E-01    2.503064E-01    1.798080E-01   -1.263826E-03 
   834    3.348126E-01    2.503139E-01    1.798157E-01   -1.292853E-03 
   835    3.358124E-01    2.503208E-01    1.798226E-01   -1.318888E-03 
   836    3.368121E-01    2.503270E-01    1.798288E-01   -1.341712E-03 
   837    3.378117E-01    2.503323E-01    1.798341E-01   -1.361106E-03 
   838    3.388114E-01    2.503367E-01    1.798386E-01   -1.376831E-03 
   839    3.398110E-01    2.503402E-01    1.798420E-01   -1.388690E-03 
   840    3.408106E-01    2.503425E-01    1.798443E-01   -1.396596E-03 
   841    3.418102E-01    2.503435E-01    1.798453E-01   -1.400692E-03 
   842    3.428098E-01    2.503429E-01    1.798448E-01   -1.400667E-03 
   843    3.438094E-01    2.503405E-01    1.798424E-01   -1.395509E-03 
   844    3.448090E-01    2.503360E-01    1.798379E-01   -1.383268E-03 
   845    3.458087E-01    2.503290E-01    1.798308E-01   -1.361172E-03 
   846    3.468083E-01    2.503192E-01    1.798210E-01   -1.326765E-03 
   847    3.478080E-01    2.503064E-01    1.798080E-01   -1.278583E-03 
   848    3.488078E-01    2.502902E-01    1.797918E-01   -1.215494E-03 
   849    3.498076E-01    2.502707E-01    1.797722E-01   -1.136847E-03 
   850    3.508075E-01    2.502480E-01    1.797493E-01   -1.042681E-03 
   851    3.518075E-01    2.502222E-01    1.797234E-01   -9.338029E-04 
   852    3.528076E-01    2.501937E-01    1.796947E-01   -8.119531E-04 
   853    3.538079E-01    2.501631E-01    1.796640E-01   -6.794459E-04 
   854    3.548082E-01    2.501311E-01    1.796318E-01   -5.392304E-04 
   855    3.558088E-01    2.500985E-01    1.795990E-01   -3.947510E-04 
   856    3.568095E-01    2.500662E-01    1.795665E-01   -2.499968E-04 
   857    3.578103E-01    2.500353E-01    1.795355E-01   -1.098042E-04 
   858    3.588113E-01    2.500067E-01    1.795067E-01    2.052955E-05 
   859    3.598124E-01    2.499814E-01    1.794812E-01    1.355714E-04 
   860    3.608136E-01    2.499601E-01    1.794599E-01    2.307365E-04 
   861    3.618148E-01    2.499434E-01    1.794431E-01    3.031545E-04 
   862    3.628162E-01    2.499318E-01    1.794314E-01    3.504516E-04 
   863    3.638176E-01    2.499250E-01    1.794246E-01    3.683453E-04 
   864    3.648190E-01    2.499227E-01    1.794223E-01    3.565230E-04 
   865    3.658204E-01    2.499243E-01    1.794239E-01    3.232259E-04 
   866    3.668217E-01    2.499288E-01    1.794284E-01    2.812205E-04 
   867    3.678230E-01    2.499353E-01    1.794349E-01    2.381733E-04 
   868    3.688242E-01    2.499430E-01    1.794427E-01    1.971607E-04 
   869    3.698254E-01    2.499512E-01    1.794510E-01    1.587887E-04 
   870    3.708266E-01    2.499594E-01    1.794592E-01    1.242570E-04 
   871    3.718278E-01    2.499672E-01    1.794670E-01    9.406244E-05 
   872    3.728289E-01    2.499742E-01    1.794741E-01    6.812574E-05 
   873    3.738299E-01    2.499805E-01    1.794804E-01    4.606493E-05 
   874    3.748309E-01    2.499860E-01    1.794859E-01    2.738007E-05 
   875    3.758320E-01    2.499907E-01    1.794906E-01    1.175283E-05 
   876    3.768330E-01    2.499946E-01    1.794946E-01   -9.049917E-07 
   877    3.778341E-01    2.499979E-01    1.794979E-01   -1.067379E-05 
   878    3.788350E-01    2.500005E-01    1.795005E-01   -1.784241E-05 
   879    3.798360E-01    2.500025E-01    1.795025E-01   -2.301307E-05 
   880    3.808370E-01    2.500040E-01    1.795040E-01   -2.686797E-05 
   881    3.818379E-01    2.500051E-01    1.795051E-01   -2.974410E-05 
   882    3.828389E-01    2.500058E-01    1.795058E-01   -3.165857E-05 
   883    3.838399E-01    2.500062E-01    1.795062E-01   -3.220828E-05 
   884    3.848409E-01    2.500063E-01    1.795063E-01   -3.084572E-05 
   885    3.858419E-01    2.500061E-01    1.795061E-01   -2.755819E-05 
   886    3.868428E-01    2.500056E-01    1.795056E-01   -2.366655E-05 
   887    3.878438E-01    2.500049E-01    1.795049E-01   -2.109078E-05 
   888    3.888448E-01    2.500041E-01    1.795041E-01   -2.025268E-05 
   889    3.898458E-01    2.500033E-01    1.795034E-01   -1.957404E-05 
   890    3.908468E-01    2.500027E-01    1.795027E-01   -1.630119E-05 
   891    3.918478E-01    2.500023E-01    1.795023E-01   -9.326794E-06 
   892    3.928487E-01    2.500021E-01    1.795021E-01   -3.234169E-06 
   893    3.938497E-01    2.500020E-01    1.795020E-01   -3.178991E-06 
   894    3.948507E-01    2.500021E-01    1.795021E-01   -6.916676E-06 
   895    3.958518E-01    2.500023E-01    1.795023E-01   -1.117302E-05 
   896    3.968527E-01    2.500027E-01    1.795027E-01   -1.471495E-05 
   897    3.978537E-01    2.500031E-01    1.795031E-01   -1.703941E-05 
   898    3.988547E-01    2.500035E-01    1.795036E-01   -1.908349E-05 
   899    3.998557E-01    2.500040E-01    1.795040E-01   -2.157714E-05 
   900    4.008567E-01    2.500045E-01    1.795045E-01   -2.405739E-05 
   901    4.018577E-01    2.500049E-01    1.795049E-01   -2.548945E-05 
   902    4.028587E-01    2.500052E-01    1.795052E-01   -2.549706E-05 
   903    4.038596E-01    2.500053E-01    1.795053E-01   -2.472111E-05 
   904    4.048606E-01    2.500053E-01    1.795053E-01   -2.349600E-05 
   905    4.058615E-01    2.500050E-01    1.795051E-01   -2.241238E-05 
   906    4.068625E-01    2.500047E-01    1.795047E-01   -2.304476E-05 
   907    4.078635E-01    2.500044E-01    1.795044E-01   -2.420384E-05 
   908    4.088645E-01    2.500041E-01    1.795041E-01   -2.330823E-05 
   909    4.098655E-01    2.500038E-01    1.795038E-01   -1.939307E-05 
   910    4.108665E-01    2.500035E-01    1.795035E-01   -1.287108E-05 
   911    4.118675E-01    2.500032E-01    1.795032E-01   -8.424884E-06 
   912    4.128684E-01    2.500030E-01    1.795030E-01   -9.639031E-06 
   913    4.138694E-01    2.500028E-01    1.795028E-01   -1.314017E-05 
   914    4.148705E-01    2.500027E-01    1.795027E-01   -1.552551E-05 
   915    4.158715E-01    2.500028E-01    1.795028E-01   -1.662442E-05 
   916    4.168725E-01    2.500029E-01    1.795029E-01   -1.535764E-05 
   917    4.178734E-01    2.500031E-01    1.795031E-01   -1.440073E-05 
   918    4.188743E-01    2.500033E-01    1.795033E-01   -1.711562E-05 
   919    4.198753E-01    2.500036E-01    1.795036E-01   -2.046316E-05 
   920    4.208764E-01    2.500039E-01    1.795039E-01   -2.153705E-05 
   921    4.218775E-01    2.500041E-01    1.795041E-01   -2.109063E-05 
   922    4.228785E-01    2.500041E-01    1.795041E-01   -1.944302E-05 
   923    4.238793E-01    2.500040E-01    1.795040E-01   -1.575713E-05 
   924    4.248802E-01    2.500037E-01    1.795037E-01   -1.637115E-05 
   925    4.258812E-01    2.500034E-01    1.795034E-01   -2.067879E-05 
   926    4.268823E-01    2.500032E-01    1.795033E-01   -2.330282E-05 
   927    4.278834E-01    2.500032E-01    1.795032E-01   -2.186943E-05 
   928    4.288845E-01    2.500030E-01    1.795030E-01   -1.592846E-05 
   929    4.298853E-01    2.500028E-01    1.795028E-01   -5.344476E-06 
   930    4.308861E-01    2.500025E-01    1.795025E-01   -4.800328E-06 
   931    4.318870E-01    2.500023E-01    1.795023E-01   -1.294509E-05 
   932    4.328881E-01    2.500023E-01    1.795023E-01   -1.916962E-05 
   933    4.338894E-01    2.500024E-01    1.795024E-01   -2.046187E-05 
   934    4.348906E-01    2.500025E-01    1.795025E-01   -1.717428E-05 
   935    4.358914E-01    2.500025E-01    1.795025E-01   -6.541825E-06 
   936    4.368920E-01    2.500023E-01    1.795023E-01   -5.974039E-06 
   937    4.378928E-01    2.500022E-01    1.795022E-01   -1.704675E-05 
   938    4.388940E-01    2.500024E-01    1.795024E-01   -2.546573E-05 
   939    4.398954E-01    2.500027E-01    1.795027E-01   -2.663548E-05 
   940    4.408967E-01    2.500028E-01    1.795028E-01   -1.994066E-05 
   941    4.418976E-01    2.500025E-01    1.795025E-01   -6.250938E-07 
   942    4.428979E-01    2.500018E-01    1.795018E-01    3.594906E-06 
   943    4.438984E-01    2.500013E-01    1.795013E-01   -1.486682E-05 
   944    4.448996E-01    2.500013E-01    1.795013E-01   -3.041191E-05 
   945    4.459013E-01    2.500016E-01    1.795016E-01   -3.234542E-05 
   946    4.469032E-01    2.500018E-01    1.795018E-01   -1.575382E-05 
   947    4.479041E-01    2.500015E-01    1.795015E-01    1.099897E-05 
   948    4.489036E-01    2.500007E-01    1.795007E-01    1.158423E-05 
   949    4.499036E-01    2.500002E-01    1.795002E-01   -1.384618E-05 
   950    4.509051E-01    2.500004E-01    1.795004E-01   -3.239738E-05 
   951    4.519076E-01    2.500010E-01    1.795010E-01   -3.910504E-05 
   952    4.529099E-01    2.500013E-01    1.795013E-01   -2.666562E-05 
   953    4.539107E-01    2.500008E-01    1.795008E-01    2.217498E-05 
   954    4.549094E-01    2.499995E-01    1.794995E-01    2.690465E-05 
   955    4.559091E-01    2.499983E-01    1.794983E-01   -7.710614E-06 
   956    4.569100E-01    2.499987E-01    1.794987E-01   -6.366878E-05 
   957    4.579129E-01    2.500002E-01    1.795002E-01   -7.331581E-05 
   958    4.589179E-01    2.500006E-01    1.795006E-01   -1.247531E-06 
   959    4.599190E-01    2.499991E-01    1.794991E-01    6.996759E-05 
   960    4.609154E-01    2.499970E-01    1.794970E-01    3.446693E-05 
   961    4.619110E-01    2.499966E-01    1.794966E-01   -4.455267E-05 
   962    4.629124E-01    2.499982E-01    1.794982E-01   -9.382369E-05 
   963    4.639223E-01    2.499998E-01    1.794998E-01   -5.220783E-05 
   964    4.649310E-01    2.499993E-01    1.794993E-01    5.864673E-05 
   965    4.659237E-01    2.499978E-01    1.794978E-01    1.719972E-05 
   966    4.669167E-01    2.499960E-01    1.794960E-01    4.459845E-05 
   967    4.679128E-01    2.499946E-01    1.794946E-01   -3.018240E-05 
   968    4.689204E-01    2.499959E-01    1.794959E-01   -1.074579E-04 
   969    4.699370E-01    2.499966E-01    1.794966E-01   -5.479494E-05 
   970    4.709286E-01    2.499962E-01    1.794962E-01   -5.271674E-05 
   971    4.719363E-01    2.499928E-01    1.794928E-01    1.726196E-04 
   972    4.729250E-01    2.499866E-01    1.794866E-01    1.367346E-04 
   973    4.739121E-01    2.499845E-01    1.794845E-01   -1.161800E-04 
   974    4.749200E-01    2.499879E-01    1.794880E-01   -2.998725E-04 
   975    4.759310E-01    2.499909E-01    1.794909E-01   -6.281192E-05 
   976    4.769693E-01    2.499868E-01    1.794870E-01    2.246625E-04 
   977    4.779602E-01    2.499779E-01    1.794781E-01    2.766889E-04 
   978    4.789120E-01    2.499709E-01    1.794709E-01    2.538032E-05 
   979    4.798570E-01    2.499788E-01    1.794793E-01   -5.934419E-04 
   980    4.809415E-01    2.499839E-01    1.794842E-01   -5.019200E-07 
   981    4.820031E-01    2.499758E-01    1.794766E-01    1.763775E-04 
   982    4.830089E-01    2.499598E-01    1.794610E-01    2.801681E-04 
   983    4.839475E-01    2.499378E-01    1.794384E-01    2.121044E-04 
   984    4.847511E-01    2.499238E-01    1.794248E-01   -6.648671E-04 
   985    4.859665E-01    2.498915E-01    1.793927E-01    1.793815E-05 
   986    4.870164E-01    2.498156E-01    1.793188E-01    8.179557E-05 
   987    4.880349E-01    2.496822E-01    1.791869E-01    1.521059E-04 
   988    4.890066E-01    2.494530E-01    1.789553E-01    1.873396E-04 
   989    4.897050E-01    2.491895E-01    1.786538E-01   -3.654134E-04 
   990    4.909910E-01    2.486772E-01    1.785502E-01    0.000000E+00 
   991    4.919920E-01    2.483691E-01    1.783290E-01    0.000000E+00 
   992    4.929930E-01    2.477452E-01    1.778811E-01    0.000000E+00 
   993    4.939940E-01    2.460560E-01    1.766682E-01    0.000000E+00 
   994    4.949950E-01    2.421514E-01    1.738647E-01    0.000000E+00 
   995    4.959960E-01    2.342284E-01    1.681760E-01    0.000000E+00 
   996    4.969970E-01    2.204253E-01    1.582653E-01    0.000000E+00 
   997    4.979980E-01    1.999400E-01    1.435569E-01    0.000000E+00 
   998    4.989990E-01    1.731577E-01    1.243272E-01    0.000000E+00 
   999    5.000000E-01    1.416667E-01    1.017167E-01    0.000000E+00 
