     0   -5.000000E-01    5.666667E-01    5.666667E-01    0.000000E+00 
     1   -4.989990E-01    6.926311E-01    6.926311E-01    0.000000E+00 
     2   -4.979980E-01    7.997611E-01    7.997611E-01    0.000000E+00 
     3   -4.969970E-01    8.817033E-01    8.817033E-01    0.000000E+00 
     4   -4.959960E-01    9.369175E-01    9.369175E-01    0.000000E+00 
     5   -4.949950E-01    9.686109E-01    9.686109E-01    0.000000E+00 
     6   -4.939940E-01    9.842299E-01    9.842299E-01    0.000000E+00 
     7   -4.929930E-01    9.909857E-01    9.909857E-01    0.000000E+00 
     8   -4.919920E-01    9.934791E-01    9.934791E-01    0.000000E+00 
     9   -4.909910E-01    9.947087E-01    9.947087E-01    0.000000E+00 
    10   -4.897055E-01    9.967546E-01    9.952816E-01    2.975989E-04 
    11   -4.890064E-01    9.978092E-01    9.969612E-01   -1.518016E-04 
    12   -4.880349E-01    9.987261E-01    9.982525E-01   -1.229135E-04 
    13   -4.870161E-01    9.992603E-01    9.989882E-01   -6.893815E-05 
    14   -4.859665E-01    9.995644E-01    9.994006E-01   -1.563350E-05 
    15   -4.847514E-01    9.996926E-01    9.995776E-01    5.357565E-04 
    16   -4.839478E-01    9.997476E-01    9.996521E-01   -1.662465E-04 
    17   -4.830089E-01    9.998357E-01    9.997775E-01   -2.261745E-04 
    18   -4.820028E-01    9.999003E-01    9.998658E-01   -1.451931E-04 
    19   -4.809416E-01    9.999334E-01    9.999087E-01   -1.536925E-07 
    20   -4.798562E-01    9.999134E-01    9.998820E-01    4.707034E-04 
    21   -4.789126E-01    9.998817E-01    9.998357E-01   -1.699737E-05 
    22   -4.779607E-01    9.999094E-01    9.998749E-01   -2.191660E-04 
    23   -4.769693E-01    9.999450E-01    9.999244E-01   -1.789506E-04 
    24   -4.759312E-01    9.999616E-01    9.999466E-01    4.615891E-05 
    25   -4.749187E-01    9.999500E-01    9.999305E-01    2.348617E-04 
    26   -4.739123E-01    9.999364E-01    9.999114E-01    9.039085E-05 
    27   -4.729258E-01    9.999442E-01    9.999223E-01   -1.048068E-04 
    28   -4.719368E-01    9.999678E-01    9.999553E-01   -1.343769E-04 
    29   -4.709286E-01    9.999815E-01    9.999742E-01    3.667817E-05 
    30   -4.699362E-01    9.999833E-01    9.999768E-01    4.262785E-05 
    31   -4.689199E-01    9.999809E-01    9.999735E-01    8.077949E-05 
    32   -4.679132E-01    9.999760E-01    9.999666E-01    2.216231E-05 
    33   -4.669172E-01    9.999809E-01    9.999734E-01   -3.530092E-05 
    34   -4.659238E-01    9.999880E-01    9.999833E-01   -1.281996E-05 
    35   -4.649309E-01    9.999937E-01    9.999913E-01   -4.605299E-05 
    36   -4.639218E-01    9.999960E-01    9.999944E-01    3.876411E-05 
    37   -4.629121E-01    9.999902E-01    9.999864E-01    6.824748E-05 
    38   -4.619112E-01    9.999839E-01    9.999776E-01    3.330149E-05 
    39   -4.609158E-01    9.999849E-01    9.999790E-01   -2.315727E-05 
    40   -4.599194E-01    9.999925E-01    9.999895E-01   -5.280262E-05 
    41   -4.589177E-01    9.999981E-01    9.999973E-01    1.296124E-07 
    42   -4.579122E-01    9.999965E-01    9.999951E-01    5.236773E-05 
    43   -4.569096E-01    9.999913E-01    9.999878E-01    4.464880E-05 
    44   -4.559093E-01    9.999897E-01    9.999857E-01    3.103589E-06 
    45   -4.549098E-01    9.999938E-01    9.999914E-01   -2.204105E-05 
    46   -4.539108E-01    9.999987E-01    9.999982E-01   -1.688616E-05 
    47   -4.529094E-01    1.000001E+00    1.000001E+00    1.967682E-05 
    48   -4.519072E-01    9.999996E-01    9.999994E-01    2.735162E-05 
    49   -4.509050E-01    9.999979E-01    9.999971E-01    2.119387E-05 
    50   -4.499038E-01    9.999975E-01    9.999966E-01    9.139238E-06 
    51   -4.489038E-01    9.999995E-01    9.999993E-01   -7.543731E-06 
    52   -4.479040E-01    1.000002E+00    1.000003E+00   -4.163403E-06 
    53   -4.469029E-01    1.000003E+00    1.000004E+00    1.096763E-05 
    54   -4.459010E-01    1.000002E+00    1.000003E+00    2.063416E-05 
    55   -4.448994E-01    1.000001E+00    1.000002E+00    1.905957E-05 
    56   -4.438984E-01    1.000001E+00    1.000001E+00    8.655084E-06 
    57   -4.428980E-01    1.000002E+00    1.000003E+00   -2.915150E-06 
    58   -4.418975E-01    1.000003E+00    1.000005E+00    9.193048E-07 
    59   -4.408964E-01    1.000004E+00    1.000006E+00    1.244315E-05 
    60   -4.398950E-01    1.000004E+00    1.000005E+00    1.628848E-05 
    61   -4.388938E-01    1.000003E+00    1.000004E+00    1.444028E-05 
    62   -4.378927E-01    1.000003E+00    1.000004E+00    8.288688E-06 
    63   -4.368920E-01    1.000004E+00    1.000005E+00    2.530135E-06 
    64   -4.358913E-01    1.000005E+00    1.000006E+00    5.335235E-06 
    65   -4.348903E-01    1.000005E+00    1.000007E+00    1.098694E-05 
    66   -4.338891E-01    1.000005E+00    1.000007E+00    1.322445E-05 
    67   -4.328879E-01    1.000004E+00    1.000006E+00    1.260237E-05 
    68   -4.318869E-01    1.000004E+00    1.000006E+00    9.381514E-06 
    69   -4.308860E-01    1.000005E+00    1.000007E+00    5.882307E-06 
    70   -4.298852E-01    1.000005E+00    1.000008E+00    6.830704E-06 
    71   -4.288842E-01    1.000006E+00    1.000008E+00    1.044276E-05 
    72   -4.278831E-01    1.000006E+00    1.000008E+00    1.209209E-05 
    73   -4.268820E-01    1.000005E+00    1.000007E+00    1.176348E-05 
    74   -4.258810E-01    1.000005E+00    1.000007E+00    9.868497E-06 
    75   -4.248800E-01    1.000006E+00    1.000008E+00    7.800556E-06 
    76   -4.238791E-01    1.000006E+00    1.000008E+00    8.115929E-06 
    77   -4.228782E-01    1.000006E+00    1.000009E+00    1.040371E-05 
    78   -4.218771E-01    1.000006E+00    1.000009E+00    1.145812E-05 
    79   -4.208761E-01    1.000006E+00    1.000008E+00    1.135211E-05 
    80   -4.198751E-01    1.000006E+00    1.000008E+00    1.040438E-05 
    81   -4.188741E-01    1.000006E+00    1.000009E+00    9.130525E-06 
    82   -4.178731E-01    1.000007E+00    1.000009E+00    9.091731E-06 
    83   -4.168722E-01    1.000007E+00    1.000009E+00    1.053654E-05 
    84   -4.158712E-01    1.000007E+00    1.000009E+00    1.133407E-05 
    85   -4.148701E-01    1.000007E+00    1.000009E+00    1.138564E-05 
    86   -4.138691E-01    1.000007E+00    1.000009E+00    1.092928E-05 
    87   -4.128681E-01    1.000007E+00    1.000010E+00    1.011350E-05 
    88   -4.118672E-01    1.000007E+00    1.000010E+00    9.943176E-06 
    89   -4.108662E-01    1.000007E+00    1.000010E+00    1.089756E-05 
    90   -4.098652E-01    1.000007E+00    1.000010E+00    1.147202E-05 
    91   -4.088642E-01    1.000007E+00    1.000010E+00    1.151742E-05 
    92   -4.078632E-01    1.000007E+00    1.000010E+00    1.128396E-05 
    93   -4.068622E-01    1.000007E+00    1.000010E+00    1.080198E-05 
    94   -4.058612E-01    1.000008E+00    1.000011E+00    1.066489E-05 
    95   -4.048602E-01    1.000008E+00    1.000011E+00    1.141126E-05 
    96   -4.038592E-01    1.000008E+00    1.000011E+00    1.198592E-05 
    97   -4.028582E-01    1.000008E+00    1.000011E+00    1.215244E-05 
    98   -4.018572E-01    1.000008E+00    1.000011E+00    1.213054E-05 
    99   -4.008562E-01    1.000008E+00    1.000011E+00    1.191004E-05 
   100   -3.998552E-01    1.000008E+00    1.000011E+00    1.173204E-05 
   101   -3.988543E-01    1.000008E+00    1.000012E+00    1.202189E-05 
   102   -3.978533E-01    1.000008E+00    1.000012E+00    1.218986E-05 
   103   -3.968523E-01    1.000008E+00    1.000012E+00    1.214808E-05 
   104   -3.958513E-01    1.000008E+00    1.000012E+00    1.209719E-05 
   105   -3.948503E-01    1.000008E+00    1.000012E+00    1.198750E-05 
   106   -3.938493E-01    1.000008E+00    1.000012E+00    1.182888E-05 
   107   -3.928483E-01    1.000009E+00    1.000012E+00    1.217877E-05 
   108   -3.918473E-01    1.000009E+00    1.000012E+00    1.260531E-05 
   109   -3.908463E-01    1.000009E+00    1.000012E+00    1.270859E-05 
   110   -3.898453E-01    1.000009E+00    1.000012E+00    1.279335E-05 
   111   -3.888443E-01    1.000009E+00    1.000013E+00    1.281105E-05 
   112   -3.878433E-01    1.000009E+00    1.000013E+00    1.278173E-05 
   113   -3.868423E-01    1.000009E+00    1.000013E+00    1.312890E-05 
   114   -3.858414E-01    1.000009E+00    1.000013E+00    1.340835E-05 
   115   -3.848404E-01    1.000010E+00    1.000013E+00    1.355369E-05 
   116   -3.838394E-01    1.000010E+00    1.000013E+00    1.371788E-05 
   117   -3.828384E-01    1.000010E+00    1.000013E+00    1.379047E-05 
   118   -3.818374E-01    1.000010E+00    1.000013E+00    1.373132E-05 
   119   -3.808364E-01    1.000010E+00    1.000013E+00    1.369820E-05 
   120   -3.798354E-01    1.000010E+00    1.000013E+00    1.363310E-05 
   121   -3.788344E-01    1.000010E+00    1.000013E+00    1.345205E-05 
   122   -3.778334E-01    1.000010E+00    1.000014E+00    1.333599E-05 
   123   -3.768324E-01    1.000010E+00    1.000014E+00    1.318197E-05 
   124   -3.758314E-01    1.000010E+00    1.000014E+00    1.304710E-05 
   125   -3.748304E-01    1.000010E+00    1.000014E+00    1.335311E-05 
   126   -3.738295E-01    1.000010E+00    1.000014E+00    1.392365E-05 
   127   -3.728285E-01    1.000010E+00    1.000014E+00    1.433729E-05 
   128   -3.718275E-01    1.000011E+00    1.000015E+00    1.498417E-05 
   129   -3.708265E-01    1.000011E+00    1.000015E+00    1.535933E-05 
   130   -3.698255E-01    1.000011E+00    1.000016E+00    1.555828E-05 
   131   -3.688245E-01    1.000012E+00    1.000016E+00    1.579286E-05 
   132   -3.678235E-01    1.000012E+00    1.000016E+00    1.598326E-05 
   133   -3.668225E-01    1.000012E+00    1.000017E+00    1.611450E-05 
   134   -3.658215E-01    1.000012E+00    1.000017E+00    1.625975E-05 
   135   -3.648205E-01    1.000012E+00    1.000017E+00    1.632160E-05 
   136   -3.638196E-01    1.000012E+00    1.000017E+00    1.629428E-05 
   137   -3.628186E-01    1.000012E+00    1.000017E+00    1.621651E-05 
   138   -3.618176E-01    1.000012E+00    1.000017E+00    1.620273E-05 
   139   -3.608166E-01    1.000012E+00    1.000017E+00    1.638935E-05 
   140   -3.598156E-01    1.000012E+00    1.000017E+00    1.656378E-05 
   141   -3.588146E-01    1.000013E+00    1.000018E+00    1.667564E-05 
   142   -3.578136E-01    1.000013E+00    1.000018E+00    1.674287E-05 
   143   -3.568126E-01    1.000013E+00    1.000018E+00    1.700435E-05 
   144   -3.558116E-01    1.000014E+00    1.000019E+00    1.757613E-05 
   145   -3.548107E-01    1.000014E+00    1.000019E+00    1.816108E-05 
   146   -3.538097E-01    1.000014E+00    1.000020E+00    1.869189E-05 
   147   -3.528087E-01    1.000014E+00    1.000020E+00    1.906725E-05 
   148   -3.518077E-01    1.000014E+00    1.000020E+00    1.922519E-05 
   149   -3.508067E-01    1.000015E+00    1.000020E+00    1.924328E-05 
   150   -3.498057E-01    1.000015E+00    1.000021E+00    1.931566E-05 
   151   -3.488047E-01    1.000015E+00    1.000021E+00    1.935561E-05 
   152   -3.478038E-01    1.000015E+00    1.000021E+00    1.922745E-05 
   153   -3.468028E-01    1.000015E+00    1.000021E+00    1.905200E-05 
   154   -3.458018E-01    1.000015E+00    1.000022E+00    1.897485E-05 
   155   -3.448008E-01    1.000016E+00    1.000022E+00    1.926582E-05 
   156   -3.437998E-01    1.000016E+00    1.000023E+00    1.992161E-05 
   157   -3.427988E-01    1.000017E+00    1.000023E+00    2.079917E-05 
   158   -3.417978E-01    1.000017E+00    1.000024E+00    2.161117E-05 
   159   -3.407969E-01    1.000018E+00    1.000025E+00    2.227263E-05 
   160   -3.397959E-01    1.000018E+00    1.000025E+00    2.279132E-05 
   161   -3.387949E-01    1.000019E+00    1.000026E+00    2.324898E-05 
   162   -3.377939E-01    1.000019E+00    1.000027E+00    2.365078E-05 
   163   -3.367929E-01    1.000020E+00    1.000027E+00    2.397486E-05 
   164   -3.357919E-01    1.000020E+00    1.000028E+00    2.415637E-05 
   165   -3.347910E-01    1.000020E+00    1.000028E+00    2.419506E-05 
   166   -3.337900E-01    1.000020E+00    1.000028E+00    2.411446E-05 
   167   -3.327890E-01    1.000020E+00    1.000028E+00    2.393826E-05 
   168   -3.317880E-01    1.000020E+00    1.000028E+00    2.365301E-05 
   169   -3.307870E-01    1.000019E+00    1.000027E+00    2.324352E-05 
   170   -3.297861E-01    1.000019E+00    1.000027E+00    2.269709E-05 
   171   -3.287851E-01    1.000019E+00    1.000026E+00    2.198310E-05 
   172   -3.277841E-01    1.000018E+00    1.000025E+00    2.106992E-05 
   173   -3.267831E-01    1.000017E+00    1.000024E+00    1.992963E-05 
   174   -3.257821E-01    1.000016E+00    1.000022E+00    1.854293E-05 
   175   -3.247811E-01    1.000015E+00    1.000020E+00    1.687355E-05 
   176   -3.237802E-01    1.000013E+00    1.000018E+00    1.490431E-05 
   177   -3.227792E-01    1.000011E+00    1.000016E+00    1.259647E-05 
   178   -3.217782E-01    1.000009E+00    1.000013E+00    9.907838E-06 
   179   -3.207772E-01    1.000007E+00    1.000009E+00    6.788710E-06 
   180   -3.197762E-01    1.000004E+00    1.000005E+00    3.221524E-06 
   181   -3.187752E-01    1.000001E+00    1.000001E+00   -8.486320E-07 
   182   -3.177742E-01    9.999969E-01    9.999956E-01   -5.450733E-06 
   183   -3.167732E-01    9.999928E-01    9.999899E-01   -1.063111E-05 
   184   -3.157722E-01    9.999883E-01    9.999836E-01   -1.643255E-05 
   185   -3.147712E-01    9.999833E-01    9.999766E-01   -2.290100E-05 
   186   -3.137702E-01    9.999777E-01    9.999688E-01   -3.007663E-05 
   187   -3.127691E-01    9.999716E-01    9.999603E-01   -3.801114E-05 
   188   -3.117681E-01    9.999650E-01    9.999510E-01   -4.668803E-05 
   189   -3.107671E-01    9.999578E-01    9.999408E-01   -5.619076E-05 
   190   -3.097660E-01    9.999499E-01    9.999299E-01   -6.657318E-05 
   191   -3.087650E-01    9.999414E-01    9.999180E-01   -7.777377E-05 
   192   -3.077639E-01    9.999323E-01    9.999052E-01   -8.991500E-05 
   193   -3.067628E-01    9.999226E-01    9.998916E-01   -1.030454E-04 
   194   -3.057618E-01    9.999121E-01    9.998770E-01   -1.170080E-04 
   195   -3.047607E-01    9.999010E-01    9.998614E-01   -1.321040E-04 
   196   -3.037596E-01    9.998893E-01    9.998450E-01   -1.482548E-04 
   197   -3.027584E-01    9.998769E-01    9.998277E-01   -1.651534E-04 
   198   -3.017573E-01    9.998640E-01    9.998096E-01   -1.836378E-04 
   199   -3.007562E-01    9.998508E-01    9.997911E-01   -2.032560E-04 
   200   -2.997550E-01    9.998376E-01    9.997727E-01   -2.231901E-04 
   201   -2.987538E-01    9.998252E-01    9.997552E-01   -2.453405E-04 
   202   -2.977527E-01    9.998144E-01    9.997401E-01   -2.686068E-04 
   203   -2.967515E-01    9.998068E-01    9.997295E-01   -2.909283E-04 
   204   -2.957502E-01    9.998040E-01    9.997256E-01   -3.171154E-04 
   205   -2.947490E-01    9.998082E-01    9.997314E-01   -3.430018E-04 
   206   -2.937478E-01    9.998212E-01    9.997496E-01   -3.533346E-04 
   207   -2.927466E-01    9.998447E-01    9.997826E-01   -3.388522E-04 
   208   -2.917454E-01    9.998799E-01    9.998318E-01   -3.019676E-04 
   209   -2.907442E-01    9.999271E-01    9.998979E-01   -2.475464E-04 
   210   -2.897431E-01    9.999860E-01    9.999804E-01   -1.769091E-04 
   211   -2.887421E-01    1.000055E+00    1.000078E+00   -9.190262E-05 
   212   -2.877411E-01    1.000134E+00    1.000187E+00    4.911328E-06 
   213   -2.867403E-01    1.000219E+00    1.000306E+00    1.105686E-04 
   214   -2.857395E-01    1.000308E+00    1.000432E+00    2.218888E-04 
   215   -2.847389E-01    1.000400E+00    1.000560E+00    3.356813E-04 
   216   -2.837383E-01    1.000492E+00    1.000689E+00    4.488629E-04 
   217   -2.827379E-01    1.000581E+00    1.000814E+00    5.585354E-04 
   218   -2.817375E-01    1.000666E+00    1.000932E+00    6.621058E-04 
   219   -2.807373E-01    1.000745E+00    1.001043E+00    7.573635E-04 
   220   -2.797371E-01    1.000816E+00    1.001143E+00    8.427081E-04 
   221   -2.787370E-01    1.000879E+00    1.001231E+00    9.170823E-04 
   222   -2.777369E-01    1.000934E+00    1.001307E+00    9.801897E-04 
   223   -2.767369E-01    1.000979E+00    1.001371E+00    1.032280E-03 
   224   -2.757370E-01    1.001015E+00    1.001422E+00    1.074211E-03 
   225   -2.747370E-01    1.001043E+00    1.001461E+00    1.107221E-03 
   226   -2.737371E-01    1.001064E+00    1.001490E+00    1.132964E-03 
   227   -2.727372E-01    1.001078E+00    1.001509E+00    1.152936E-03 
   228   -2.717373E-01    1.001085E+00    1.001520E+00    1.168468E-03 
   229   -2.707374E-01    1.001088E+00    1.001523E+00    1.180792E-03 
   230   -2.697375E-01    1.001085E+00    1.001519E+00    1.191067E-03 
   231   -2.687376E-01    1.001078E+00    1.001510E+00    1.200289E-03 
   232   -2.677377E-01    1.001067E+00    1.001494E+00    1.209170E-03 
   233   -2.667378E-01    1.001052E+00    1.001473E+00    1.218144E-03 
   234   -2.657378E-01    1.001032E+00    1.001445E+00    1.227627E-03 
   235   -2.647379E-01    1.001007E+00    1.001410E+00    1.238113E-03 
   236   -2.637379E-01    1.000977E+00    1.001368E+00    1.250427E-03 
   237   -2.627379E-01    1.000939E+00    1.001315E+00    1.265954E-03 
   238   -2.617378E-01    1.000893E+00    1.001251E+00    1.286565E-03 
   239   -2.607377E-01    1.000837E+00    1.001171E+00    1.314510E-03 
   240   -2.597376E-01    1.000767E+00    1.001073E+00    1.352606E-03 
   241   -2.587374E-01    1.000680E+00    1.000953E+00    1.404517E-03 
   242   -2.577371E-01    1.000574E+00    1.000804E+00    1.475024E-03 
   243   -2.567367E-01    1.000444E+00    1.000621E+00    1.569713E-03 
   244   -2.557362E-01    1.000285E+00    1.000399E+00    1.694345E-03 
   245   -2.547355E-01    1.000093E+00    1.000130E+00    1.855236E-03 
   246   -2.537347E-01    9.998629E-01    9.998079E-01    2.058929E-03 
   247   -2.527336E-01    9.995899E-01    9.994256E-01    2.311660E-03 
   248   -2.517323E-01    9.992689E-01    9.989762E-01    2.619685E-03 
   249   -2.507306E-01    9.988950E-01    9.984529E-01    2.988832E-03 
   250   -2.497285E-01    9.984633E-01    9.978486E-01    3.424948E-03 
   251   -2.487260E-01    9.979687E-01    9.971564E-01    3.933807E-03 
   252   -2.477230E-01    9.974058E-01    9.963688E-01    4.521763E-03 
   253   -2.467194E-01    9.967691E-01    9.954782E-01    5.195574E-03 
   254   -2.457151E-01    9.960530E-01    9.944767E-01    5.962648E-03 
   255   -2.447101E-01    9.952515E-01    9.933560E-01    6.831177E-03 
   256   -2.437043E-01    9.943588E-01    9.921081E-01    7.809760E-03 
   257   -2.426975E-01    9.933690E-01    9.907250E-01    8.907009E-03 
   258   -2.416897E-01    9.922769E-01    9.891997E-01    1.013118E-02 
   259   -2.406808E-01    9.910780E-01    9.875258E-01    1.148936E-02 
   260   -2.396706E-01    9.897688E-01    9.856987E-01    1.298737E-02 
   261   -2.386590E-01    9.883466E-01    9.837149E-01    1.462927E-02 
   262   -2.376459E-01    9.868101E-01    9.815731E-01    1.641727E-02 
   263   -2.366312E-01    9.851592E-01    9.792731E-01    1.835194E-02 
   264   -2.356147E-01    9.833948E-01    9.768166E-01    2.043231E-02 
   265   -2.345962E-01    9.815188E-01    9.742067E-01    2.265622E-02 
   266   -2.335758E-01    9.795342E-01    9.714478E-01    2.502055E-02 
   267   -2.325532E-01    9.774445E-01    9.685451E-01    2.752131E-02 
   268   -2.315284E-01    9.752543E-01    9.655054E-01    3.015379E-02 
   269   -2.305011E-01    9.729686E-01    9.623361E-01    3.291226E-02 
   270   -2.294714E-01    9.705933E-01    9.590457E-01    3.579007E-02 
   271   -2.284391E-01    9.681348E-01    9.556434E-01    3.877962E-02 
   272   -2.274041E-01    9.656001E-01    9.521393E-01    4.187229E-02 
   273   -2.263663E-01    9.629966E-01    9.485438E-01    4.505865E-02 
   274   -2.253256E-01    9.603319E-01    9.448679E-01    4.832889E-02 
   275   -2.242819E-01    9.576138E-01    9.411224E-01    5.167291E-02 
   276   -2.232352E-01    9.548497E-01    9.373180E-01    5.508086E-02 
   277   -2.221854E-01    9.520470E-01    9.334649E-01    5.854325E-02 
   278   -2.211325E-01    9.492125E-01    9.295728E-01    6.205122E-02 
   279   -2.200764E-01    9.463525E-01    9.256504E-01    6.559665E-02 
   280   -2.190170E-01    9.434726E-01    9.217055E-01    6.917213E-02 
   281   -2.179544E-01    9.405778E-01    9.177450E-01    7.277115E-02 
   282   -2.168885E-01    9.376721E-01    9.137746E-01    7.638803E-02 
   283   -2.158193E-01    9.347589E-01    9.097988E-01    8.001810E-02 
   284   -2.147467E-01    9.318405E-01    9.058209E-01    8.365777E-02 
   285   -2.136707E-01    9.289181E-01    9.018425E-01    8.730470E-02 
   286   -2.125913E-01    9.259918E-01    8.978638E-01    9.095794E-02 
   287   -2.115085E-01    9.230602E-01    8.938831E-01    9.461812E-02 
   288   -2.104223E-01    9.201209E-01    8.898967E-01    9.828768E-02 
   289   -2.093326E-01    9.171693E-01    8.858989E-01    1.019710E-01 
   290   -2.082395E-01    9.141998E-01    8.818818E-01    1.056746E-01 
   291   -2.071427E-01    9.112047E-01    8.778353E-01    1.094071E-01 
   292   -2.060424E-01    9.081752E-01    8.737477E-01    1.131808E-01 
   293   -2.049385E-01    9.051015E-01    8.696059E-01    1.170144E-01 
   294   -2.038308E-01    9.019731E-01    8.653960E-01    1.209264E-01 
   295   -2.027192E-01    8.987797E-01    8.611045E-01    1.249348E-01 
   296   -2.016037E-01    8.955116E-01    8.567188E-01    1.290569E-01 
   297   -2.004841E-01    8.921609E-01    8.522287E-01    1.333083E-01 
   298   -1.993602E-01    8.887214E-01    8.476266E-01    1.377018E-01 
   299   -1.982320E-01    8.851899E-01    8.429087E-01    1.422466E-01 
   300   -1.970991E-01    8.815661E-01    8.380754E-01    1.469473E-01 
   301   -1.959615E-01    8.778530E-01    8.331311E-01    1.518030E-01 
   302   -1.948190E-01    8.740565E-01    8.280843E-01    1.568036E-01 
   303   -1.936714E-01    8.701852E-01    8.229472E-01    1.619362E-01 
   304   -1.925186E-01    8.662500E-01    8.177347E-01    1.671846E-01 
   305   -1.913605E-01    8.622631E-01    8.124635E-01    1.725309E-01 
   306   -1.901968E-01    8.582378E-01    8.071514E-01    1.779553E-01 
   307   -1.890277E-01    8.541875E-01    8.018165E-01    1.834376E-01 
   308   -1.878529E-01    8.501255E-01    7.964765E-01    1.889580E-01 
   309   -1.866725E-01    8.460641E-01    7.911475E-01    1.944981E-01 
   310   -1.854863E-01    8.420145E-01    7.858443E-01    2.000413E-01 
   311   -1.842944E-01    8.379863E-01    7.805792E-01    2.055730E-01 
   312   -1.830968E-01    8.339870E-01    7.753620E-01    2.110808E-01 
   313   -1.818934E-01    8.300222E-01    7.701998E-01    2.165554E-01 
   314   -1.806843E-01    8.260952E-01    7.650966E-01    2.219908E-01 
   315   -1.794694E-01    8.222068E-01    7.600531E-01    2.273839E-01 
   316   -1.782489E-01    8.183556E-01    7.550673E-01    2.327353E-01 
   317   -1.770226E-01    8.145380E-01    7.501342E-01    2.380490E-01 
   318   -1.757906E-01    8.107488E-01    7.452469E-01    2.433323E-01 
   319   -1.745530E-01    8.069818E-01    7.403973E-01    2.486019E-01 
   320   -1.733095E-01    8.032305E-01    7.355769E-01    2.538783E-01 
   321   -1.720603E-01    7.994890E-01    7.307780E-01    2.591711E-01 
   322   -1.708053E-01    7.957521E-01    7.259939E-01    2.644841E-01 
   323   -1.695443E-01    7.920160E-01    7.212197E-01    2.698208E-01 
   324   -1.682774E-01    7.882782E-01    7.164525E-01    2.751822E-01 
   325   -1.670045E-01    7.845380E-01    7.116913E-01    2.805742E-01 
   326   -1.657255E-01    7.807964E-01    7.069376E-01    2.860049E-01 
   327   -1.644403E-01    7.770567E-01    7.021952E-01    2.914686E-01 
   328   -1.631488E-01    7.733237E-01    6.974705E-01    2.969537E-01 
   329   -1.618512E-01    7.696041E-01    6.927720E-01    3.024475E-01 
   330   -1.605471E-01    7.659055E-01    6.881091E-01    3.079356E-01 
   331   -1.592368E-01    7.622358E-01    6.834916E-01    3.134028E-01 
   332   -1.579202E-01    7.586027E-01    6.789290E-01    3.188346E-01 
   333   -1.565972E-01    7.550133E-01    6.744299E-01    3.242172E-01 
   334   -1.552679E-01    7.514735E-01    6.700014E-01    3.295388E-01 
   335   -1.539324E-01    7.479882E-01    6.656493E-01    3.347907E-01 
   336   -1.525907E-01    7.445609E-01    6.613777E-01    3.399658E-01 
   337   -1.512428E-01    7.411938E-01    6.571887E-01    3.450599E-01 
   338   -1.498888E-01    7.378875E-01    6.530828E-01    3.500708E-01 
   339   -1.485289E-01    7.346411E-01    6.490585E-01    3.549988E-01 
   340   -1.471629E-01    7.314519E-01    6.451121E-01    3.598464E-01 
   341   -1.457911E-01    7.283158E-01    6.412380E-01    3.646172E-01 
   342   -1.444134E-01    7.252271E-01    6.374290E-01    3.693168E-01 
   343   -1.430299E-01    7.221779E-01    6.336751E-01    3.739544E-01 
   344   -1.416406E-01    7.191586E-01    6.299641E-01    3.785424E-01 
   345   -1.402455E-01    7.161569E-01    6.262808E-01    3.830975E-01 
   346   -1.388446E-01    7.131570E-01    6.226060E-01    3.876414E-01 
   347   -1.374379E-01    7.101398E-01    6.189159E-01    3.922010E-01 
   348   -1.360253E-01    7.070821E-01    6.151826E-01    3.968105E-01 
   349   -1.346065E-01    7.039578E-01    6.113744E-01    4.015211E-01 
   350   -1.331816E-01    7.007388E-01    6.074577E-01    4.063884E-01 
   351   -1.317500E-01    6.973980E-01    6.034002E-01    4.114669E-01 
   352   -1.303115E-01    6.939113E-01    5.991736E-01    4.168081E-01 
   353   -1.288657E-01    6.902606E-01    5.947573E-01    4.224557E-01 
   354   -1.274120E-01    6.864362E-01    5.901407E-01    4.284412E-01 
   355   -1.259500E-01    6.824375E-01    5.853248E-01    4.347803E-01 
   356   -1.244791E-01    6.782737E-01    5.803220E-01    4.414584E-01 
   357   -1.229989E-01    6.739628E-01    5.751555E-01    4.484453E-01 
   358   -1.215089E-01    6.695296E-01    5.698564E-01    4.556977E-01 
   359   -1.200088E-01    6.650040E-01    5.644614E-01    4.631634E-01 
   360   -1.184983E-01    6.604181E-01    5.590098E-01    4.707831E-01 
   361   -1.169770E-01    6.558044E-01    5.535406E-01    4.784968E-01 
   362   -1.154449E-01    6.511941E-01    5.480910E-01    4.862488E-01 
   363   -1.139018E-01    6.466157E-01    5.426945E-01    4.939920E-01 
   364   -1.123478E-01    6.420935E-01    5.373794E-01    5.016848E-01 
   365   -1.107828E-01    6.376464E-01    5.321673E-01    5.092919E-01 
   366   -1.092070E-01    6.332877E-01    5.270730E-01    5.167838E-01 
   367   -1.076204E-01    6.290249E-01    5.221044E-01    5.241423E-01 
   368   -1.060232E-01    6.248597E-01    5.172627E-01    5.313583E-01 
   369   -1.044155E-01    6.207889E-01    5.125430E-01    5.384317E-01 
   370   -1.027973E-01    6.168036E-01    5.079344E-01    5.453720E-01 
   371   -1.011689E-01    6.128897E-01    5.034200E-01    5.522004E-01 
   372   -9.953016E-02    6.090288E-01    4.989778E-01    5.589492E-01 
   373   -9.788119E-02    6.052001E-01    4.945837E-01    5.656683E-01 
   374   -9.622188E-02    6.013834E-01    4.902143E-01    5.724283E-01 
   375   -9.455207E-02    5.975611E-01    4.858496E-01    5.792619E-01 
   376   -9.287155E-02    5.937210E-01    4.814757E-01    5.861838E-01 
   377   -9.118010E-02    5.898562E-01    4.770852E-01    5.931971E-01 
   378   -8.947748E-02    5.859671E-01    4.726786E-01    6.003167E-01 
   379   -8.776344E-02    5.820617E-01    4.682657E-01    6.075409E-01 
   380   -8.603774E-02    5.781569E-01    4.638652E-01    6.148290E-01 
   381   -8.430023E-02    5.742762E-01    4.595038E-01    6.221347E-01 
   382   -8.255089E-02    5.704465E-01    4.552115E-01    6.294014E-01 
   383   -8.078975E-02    5.666958E-01    4.510189E-01    6.365713E-01 
   384   -7.901695E-02    5.630504E-01    4.469548E-01    6.435831E-01 
   385   -7.723272E-02    5.595349E-01    4.430456E-01    6.503788E-01 
   386   -7.543738E-02    5.561724E-01    4.393158E-01    6.569040E-01 
   387   -7.363133E-02    5.529860E-01    4.357896E-01    6.631109E-01 
   388   -7.181504E-02    5.499998E-01    4.324923E-01    6.689512E-01 
   389   -6.998909E-02    5.472409E-01    4.294524E-01    6.743759E-01 
   390   -6.815420E-02    5.447412E-01    4.267032E-01    6.793283E-01 
   391   -6.631117E-02    5.425386E-01    4.242846E-01    6.837373E-01 
   392   -6.446099E-02    5.406786E-01    4.222447E-01    6.875063E-01 
   393   -6.260485E-02    5.392128E-01    4.206383E-01    6.905143E-01 
   394   -6.074417E-02    5.381879E-01    4.195148E-01    6.926341E-01 
   395   -5.888056E-02    5.376221E-01    4.188927E-01    6.937307E-01 
   396   -5.701608E-02    5.374810E-01    4.187341E-01    6.935181E-01 
   397   -5.515245E-02    5.376772E-01    4.189432E-01    6.925196E-01 
   398   -5.329047E-02    5.381001E-01    4.193997E-01    6.913817E-01 
   399   -5.143046E-02    5.386536E-01    4.199988E-01    6.901462E-01 
   400   -4.957269E-02    5.392743E-01    4.206715E-01    6.888545E-01 
   401   -4.771718E-02    5.399269E-01    4.213795E-01    6.875363E-01 
   402   -4.586398E-02    5.405920E-01    4.221012E-01    6.862059E-01 
   403   -4.401314E-02    5.412558E-01    4.228218E-01    6.848897E-01 
   404   -4.216460E-02    5.419061E-01    4.235279E-01    6.836148E-01 
   405   -4.031833E-02    5.425318E-01    4.242072E-01    6.824047E-01 
   406   -3.847413E-02    5.431239E-01    4.248500E-01    6.812741E-01 
   407   -3.663192E-02    5.436755E-01    4.254483E-01    6.802370E-01 
   408   -3.479155E-02    5.441810E-01    4.259964E-01    6.793028E-01 
   409   -3.295279E-02    5.446368E-01    4.264900E-01    6.784735E-01 
   410   -3.111553E-02    5.450417E-01    4.269278E-01    6.777465E-01 
   411   -2.927950E-02    5.453968E-01    4.273108E-01    6.771159E-01 
   412   -2.744460E-02    5.457045E-01    4.276418E-01    6.765766E-01 
   413   -2.561066E-02    5.459683E-01    4.279245E-01    6.761206E-01 
   414   -2.377748E-02    5.461925E-01    4.281637E-01    6.757376E-01 
   415   -2.194501E-02    5.463820E-01    4.283647E-01    6.754183E-01 
   416   -2.011308E-02    5.465416E-01    4.285327E-01    6.751527E-01 
   417   -1.828164E-02    5.466758E-01    4.286727E-01    6.749323E-01 
   418   -1.645062E-02    5.467889E-01    4.287893E-01    6.747488E-01 
   419   -1.461988E-02    5.468846E-01    4.288866E-01    6.745938E-01 
   420   -1.278948E-02    5.469663E-01    4.289685E-01    6.744623E-01 
   421   -1.095929E-02    5.470370E-01    4.290380E-01    6.743488E-01 
   422   -9.129309E-03    5.470988E-01    4.290975E-01    6.742501E-01 
   423   -7.299557E-03    5.471537E-01    4.291493E-01    6.741631E-01 
   424   -5.469926E-03    5.472031E-01    4.291949E-01    6.740846E-01 
   425   -3.640478E-03    5.472483E-01    4.292357E-01    6.740140E-01 
   426   -1.811166E-03    5.472901E-01    4.292724E-01    6.739496E-01 
   427    1.801177E-05    5.473289E-01    4.293057E-01    6.738904E-01 
   428    1.847061E-03    5.473654E-01    4.293362E-01    6.738351E-01 
   429    3.676015E-03    5.474000E-01    4.293643E-01    6.737835E-01 
   430    5.504823E-03    5.474329E-01    4.293904E-01    6.737357E-01 
   431    7.333538E-03    5.474644E-01    4.294146E-01    6.736903E-01 
   432    9.162169E-03    5.474946E-01    4.294372E-01    6.736477E-01 
   433    1.099068E-02    5.475239E-01    4.294583E-01    6.736075E-01 
   434    1.281908E-02    5.475521E-01    4.294781E-01    6.735697E-01 
   435    1.464743E-02    5.475795E-01    4.294966E-01    6.735337E-01 
   436    1.647567E-02    5.476062E-01    4.295140E-01    6.734995E-01 
   437    1.830380E-02    5.476322E-01    4.295304E-01    6.734676E-01 
   438    2.013188E-02    5.476576E-01    4.295457E-01    6.734366E-01 
   439    2.195985E-02    5.476825E-01    4.295601E-01    6.734074E-01 
   440    2.378776E-02    5.477070E-01    4.295736E-01    6.733800E-01 
   441    2.561557E-02    5.477309E-01    4.295862E-01    6.733539E-01 
   442    2.744328E-02    5.477546E-01    4.295981E-01    6.733288E-01 
   443    2.927099E-02    5.477781E-01    4.296091E-01    6.733051E-01 
   444    3.109853E-02    5.478012E-01    4.296192E-01    6.732833E-01 
   445    3.292601E-02    5.478240E-01    4.296287E-01    6.732621E-01 
   446    3.475350E-02    5.478468E-01    4.296379E-01    6.732414E-01 
   447    3.658082E-02    5.478696E-01    4.296463E-01    6.732229E-01 
   448    3.840807E-02    5.478922E-01    4.296535E-01    6.732054E-01 
   449    4.023531E-02    5.479147E-01    4.296599E-01    6.731878E-01 
   450    4.206241E-02    5.479374E-01    4.296664E-01    6.731715E-01 
   451    4.388948E-02    5.479602E-01    4.296731E-01    6.731573E-01 
   452    4.571643E-02    5.479830E-01    4.296786E-01    6.731429E-01 
   453    4.754330E-02    5.480063E-01    4.296828E-01    6.731283E-01 
   454    4.937022E-02    5.480301E-01    4.296863E-01    6.731158E-01 
   455    5.119688E-02    5.480538E-01    4.296900E-01    6.731049E-01 
   456    5.302347E-02    5.480777E-01    4.296944E-01    6.730924E-01 
   457    5.485021E-02    5.481027E-01    4.296987E-01    6.730801E-01 
   458    5.667665E-02    5.481284E-01    4.297011E-01    6.730714E-01 
   459    5.850292E-02    5.481543E-01    4.297015E-01    6.730621E-01 
   460    6.032939E-02    5.481812E-01    4.297026E-01    6.730501E-01 
   461    6.215565E-02    5.482092E-01    4.297058E-01    6.730409E-01 
   462    6.398164E-02    5.482375E-01    4.297088E-01    6.730350E-01 
   463    6.580770E-02    5.482666E-01    4.297097E-01    6.730256E-01 
   464    6.763375E-02    5.482979E-01    4.297101E-01    6.730144E-01 
   465    6.945957E-02    5.483310E-01    4.297101E-01    6.730087E-01 
   466    7.128515E-02    5.483641E-01    4.297085E-01    6.730047E-01 
   467    7.311080E-02    5.483982E-01    4.297076E-01    6.729945E-01 
   468    7.493646E-02    5.484350E-01    4.297107E-01    6.729843E-01 
   469    7.676168E-02    5.484740E-01    4.297143E-01    6.729822E-01 
   470    7.858683E-02    5.485140E-01    4.297118E-01    6.729814E-01 
   471    8.041214E-02    5.485566E-01    4.297041E-01    6.729679E-01 
   472    8.223695E-02    5.486035E-01    4.296993E-01    6.729539E-01 
   473    8.406178E-02    5.486508E-01    4.297009E-01    6.729671E-01 
   474    8.588654E-02    5.486977E-01    4.297065E-01    6.729643E-01 
   475    8.771053E-02    5.487524E-01    4.297105E-01    6.729315E-01 
   476    8.953517E-02    5.488146E-01    4.297007E-01    6.729297E-01 
   477    9.136029E-02    5.488753E-01    4.296766E-01    6.729843E-01 
   478    9.318195E-02    5.489382E-01    4.296714E-01    6.729097E-01 
   479    9.500550E-02    5.490137E-01    4.296943E-01    6.728811E-01 
   480    9.683405E-02    5.490903E-01    4.296991E-01    6.730052E-01 
   481    9.865121E-02    5.491669E-01    4.296702E-01    6.729159E-01 
   482    1.004712E-01    5.492684E-01    4.296616E-01    6.728089E-01 
   483    1.023077E-01    5.493765E-01    4.296612E-01    6.730215E-01 
   484    1.041197E-01    5.494760E-01    4.296427E-01    6.729654E-01 
   485    1.059285E-01    5.496042E-01    4.296476E-01    6.726929E-01 
   486    1.077803E-01    5.497793E-01    4.297116E-01    6.730522E-01 
   487    1.095918E-01    5.499875E-01    4.297842E-01    6.730361E-01 
   488    1.113700E-01    5.502722E-01    4.298173E-01    6.725350E-01 
   489    1.132528E-01    5.507362E-01    4.298279E-01    6.731303E-01 
   490    1.150679E-01    5.511795E-01    4.295557E-01    6.730703E-01 
   491    1.167807E-01    5.514486E-01    4.288597E-01    6.723907E-01 
   492    1.187236E-01    5.513848E-01    4.278308E-01    6.732518E-01 
   493    1.205310E-01    5.499358E-01    4.257179E-01    6.729688E-01 
   494    1.221671E-01    5.468990E-01    4.233701E-01    6.724179E-01 
   495    1.242169E-01    5.402315E-01    4.222454E-01    6.732976E-01 
   496    1.259981E-01    5.321057E-01    4.256051E-01    6.726033E-01 
   497    1.277614E-01    5.223268E-01    4.307777E-01    6.729571E-01 
   498    1.299400E-01    5.101120E-01    4.359403E-01    6.728723E-01 
   499    1.325172E-01    4.945191E-01    4.479082E-01    6.747767E-01 
   500    1.308084E-01    5.047372E-01    3.514301E-01    6.709278E-01 
   501    1.326667E-01    4.935635E-01    3.736117E-01    6.670060E-01 
   502    1.341158E-01    4.841616E-01    3.950072E-01    6.717693E-01 
   503    1.348597E-01    4.793620E-01    4.160322E-01    6.731066E-01 
   504    1.350568E-01    4.781607E-01    4.336019E-01    6.727899E-01 
   505    1.354534E-01    4.758732E-01    4.429040E-01    6.714254E-01 
   506    1.364826E-01    4.705095E-01    4.436852E-01    6.725971E-01 
   507    1.371770E-01    4.672714E-01    4.426138E-01    6.745941E-01 
   508    1.373882E-01    4.663691E-01    4.416842E-01    6.744634E-01 
   509    1.375185E-01    4.658386E-01    4.405440E-01    6.735776E-01 
   510    1.379849E-01    4.641439E-01    4.384233E-01    6.712441E-01 
   511    1.387499E-01    4.618517E-01    4.358428E-01    6.723290E-01 
   512    1.394140E-01    4.602875E-01    4.339781E-01    6.724157E-01 
   513    1.400645E-01    4.591217E-01    4.325255E-01    6.724098E-01 
   514    1.405960E-01    4.584152E-01    4.314902E-01    6.719829E-01 
   515    1.412966E-01    4.577372E-01    4.304756E-01    6.734997E-01 
   516    1.417960E-01    4.573867E-01    4.297955E-01    6.737331E-01 
   517    1.422071E-01    4.571684E-01    4.293168E-01    6.736326E-01 
   518    1.426383E-01    4.570175E-01    4.289393E-01    6.729548E-01 
   519    1.431663E-01    4.569119E-01    4.286347E-01    6.725435E-01 
   520    1.437228E-01    4.568692E-01    4.284142E-01    6.724595E-01 
   521    1.443082E-01    4.568800E-01    4.282804E-01    6.723937E-01 
   522    1.449617E-01    4.569316E-01    4.282046E-01    6.724233E-01 
   523    1.455809E-01    4.569918E-01    4.281491E-01    6.728506E-01 
   524    1.461152E-01    4.570475E-01    4.280893E-01    6.732969E-01 
   525    1.466087E-01    4.570965E-01    4.280285E-01    6.733175E-01 
   526    1.471151E-01    4.571575E-01    4.279818E-01    6.728426E-01 
   527    1.476571E-01    4.572360E-01    4.279568E-01    6.727871E-01 
   528    1.481839E-01    4.573116E-01    4.279257E-01    6.728182E-01 
   529    1.487104E-01    4.573902E-01    4.279047E-01    6.726488E-01 
   530    1.492685E-01    4.574758E-01    4.279004E-01    6.725571E-01 
   531    1.498599E-01    4.575633E-01    4.279095E-01    6.728149E-01 
   532    1.504378E-01    4.576376E-01    4.279142E-01    6.731241E-01 
   533    1.509801E-01    4.576978E-01    4.279104E-01    6.730720E-01 
   534    1.515051E-01    4.577598E-01    4.279142E-01    6.728227E-01 
   535    1.520477E-01    4.578283E-01    4.279269E-01    6.726533E-01 
   536    1.526046E-01    4.578965E-01    4.279375E-01    6.727588E-01 
   537    1.531421E-01    4.579568E-01    4.279393E-01    6.727928E-01 
   538    1.536736E-01    4.580137E-01    4.279364E-01    6.727621E-01 
   539    1.542152E-01    4.580692E-01    4.279358E-01    6.728159E-01 
   540    1.547626E-01    4.581205E-01    4.279313E-01    6.729494E-01 
   541    1.553117E-01    4.581666E-01    4.279290E-01    6.729888E-01 
   542    1.558637E-01    4.582111E-01    4.279263E-01    6.728911E-01 
   543    1.564176E-01    4.582576E-01    4.279354E-01    6.727447E-01 
   544    1.569712E-01    4.583052E-01    4.279440E-01    6.726960E-01 
   545    1.575231E-01    4.583502E-01    4.279566E-01    6.727526E-01 
   546    1.580681E-01    4.583910E-01    4.279586E-01    6.728062E-01 
   547    1.586066E-01    4.584285E-01    4.279634E-01    6.728342E-01 
   548    1.591419E-01    4.584632E-01    4.279587E-01    6.728629E-01 
   549    1.596776E-01    4.584958E-01    4.279582E-01    6.728603E-01 
   550    1.602182E-01    4.585279E-01    4.279534E-01    6.728304E-01 
   551    1.607677E-01    4.585604E-01    4.279560E-01    6.727972E-01 
   552    1.613240E-01    4.585925E-01    4.279571E-01    6.727869E-01 
   553    1.618795E-01    4.586227E-01    4.279612E-01    6.727979E-01 
   554    1.624298E-01    4.586508E-01    4.279634E-01    6.728150E-01 
   555    1.629763E-01    4.586767E-01    4.279645E-01    6.728301E-01 
   556    1.635191E-01    4.587007E-01    4.279657E-01    6.728298E-01 
   557    1.640588E-01    4.587237E-01    4.279633E-01    6.728072E-01 
   558    1.645972E-01    4.587467E-01    4.279657E-01    6.727752E-01 
   559    1.651372E-01    4.587698E-01    4.279632E-01    6.727522E-01 
   560    1.656820E-01    4.587926E-01    4.279675E-01    6.727577E-01 
   561    1.662312E-01    4.588140E-01    4.279641E-01    6.727952E-01 
   562    1.667819E-01    4.588333E-01    4.279666E-01    6.728326E-01 
   563    1.673309E-01    4.588509E-01    4.279612E-01    6.728418E-01 
   564    1.678784E-01    4.588674E-01    4.279627E-01    6.728293E-01 
   565    1.684242E-01    4.588836E-01    4.279588E-01    6.728101E-01 
   566    1.689689E-01    4.588998E-01    4.279609E-01    6.727846E-01 
   567    1.695117E-01    4.589162E-01    4.279599E-01    6.727584E-01 
   568    1.700541E-01    4.589326E-01    4.279623E-01    6.727418E-01 
   569    1.705969E-01    4.589486E-01    4.279630E-01    6.727459E-01 
   570    1.711412E-01    4.589635E-01    4.279629E-01    6.727719E-01 
   571    1.716871E-01    4.589771E-01    4.279635E-01    6.727967E-01 
   572    1.722335E-01    4.589895E-01    4.279602E-01    6.728068E-01 
   573    1.727805E-01    4.590011E-01    4.279611E-01    6.728046E-01 
   574    1.733274E-01    4.590123E-01    4.279567E-01    6.727958E-01 
   575    1.738739E-01    4.590232E-01    4.279591E-01    6.727851E-01 
   576    1.744193E-01    4.590339E-01    4.279550E-01    6.727742E-01 
   577    1.749641E-01    4.590446E-01    4.279586E-01    6.727628E-01 
   578    1.755078E-01    4.590552E-01    4.279553E-01    6.727539E-01 
   579    1.760514E-01    4.590655E-01    4.279586E-01    6.727496E-01 
   580    1.765951E-01    4.590753E-01    4.279558E-01    6.727526E-01 
   581    1.771397E-01    4.590845E-01    4.279574E-01    6.727601E-01 
   582    1.776851E-01    4.590930E-01    4.279550E-01    6.727681E-01 
   583    1.782313E-01    4.591009E-01    4.279546E-01    6.727728E-01 
   584    1.787775E-01    4.591082E-01    4.279532E-01    6.727741E-01 
   585    1.793235E-01    4.591150E-01    4.279511E-01    6.727722E-01 
   586    1.798692E-01    4.591214E-01    4.279513E-01    6.727668E-01 
   587    1.804140E-01    4.591278E-01    4.279478E-01    6.727588E-01 
   588    1.809587E-01    4.591342E-01    4.279499E-01    6.727494E-01 
   589    1.815028E-01    4.591407E-01    4.279463E-01    6.727404E-01 
   590    1.820472E-01    4.591471E-01    4.279497E-01    6.727349E-01 
   591    1.825915E-01    4.591533E-01    4.279458E-01    6.727362E-01 
   592    1.831366E-01    4.591589E-01    4.279487E-01    6.727423E-01 
   593    1.836818E-01    4.591640E-01    4.279444E-01    6.727490E-01 
   594    1.842274E-01    4.591686E-01    4.279458E-01    6.727521E-01 
   595    1.847729E-01    4.591728E-01    4.279420E-01    6.727518E-01 
   596    1.853183E-01    4.591768E-01    4.279421E-01    6.727481E-01 
   597    1.858635E-01    4.591806E-01    4.279398E-01    6.727426E-01 
   598    1.864084E-01    4.591843E-01    4.279389E-01    6.727366E-01 
   599    1.869532E-01    4.591882E-01    4.279387E-01    6.727306E-01 
   600    1.874977E-01    4.591920E-01    4.279368E-01    6.727261E-01 
   601    1.880424E-01    4.591957E-01    4.279385E-01    6.727234E-01 
   602    1.885870E-01    4.591993E-01    4.279352E-01    6.727234E-01 
   603    1.891321E-01    4.592025E-01    4.279375E-01    6.727254E-01 
   604    1.896771E-01    4.592053E-01    4.279330E-01    6.727275E-01 
   605    1.902224E-01    4.592078E-01    4.279353E-01    6.727280E-01 
   606    1.907675E-01    4.592101E-01    4.279304E-01    6.727274E-01 
   607    1.913127E-01    4.592121E-01    4.279322E-01    6.727248E-01 
   608    1.918578E-01    4.592141E-01    4.279280E-01    6.727217E-01 
   609    1.924027E-01    4.592160E-01    4.279290E-01    6.727180E-01 
   610    1.929475E-01    4.592179E-01    4.279263E-01    6.727139E-01 
   611    1.934922E-01    4.592198E-01    4.279263E-01    6.727107E-01 
   612    1.940370E-01    4.592216E-01    4.279253E-01    6.727083E-01 
   613    1.945818E-01    4.592233E-01    4.279239E-01    6.727071E-01 
   614    1.951268E-01    4.592248E-01    4.279244E-01    6.727067E-01 
   615    1.956717E-01    4.592261E-01    4.279212E-01    6.727065E-01 
   616    1.962169E-01    4.592272E-01    4.279227E-01    6.727060E-01 
   617    1.967618E-01    4.592281E-01    4.279183E-01    6.727052E-01 
   618    1.973070E-01    4.592289E-01    4.279203E-01    6.727031E-01 
   619    1.978519E-01    4.592295E-01    4.279155E-01    6.727009E-01 
   620    1.983968E-01    4.592301E-01    4.279175E-01    6.726979E-01 
   621    1.989417E-01    4.592307E-01    4.279132E-01    6.726949E-01 
   622    1.994865E-01    4.592313E-01    4.279147E-01    6.726923E-01 
   623    2.000314E-01    4.592318E-01    4.279114E-01    6.726900E-01 
   624    2.005762E-01    4.592322E-01    4.279118E-01    6.726884E-01 
   625    2.011212E-01    4.592325E-01    4.279098E-01    6.726870E-01 
   626    2.016661E-01    4.592326E-01    4.279087E-01    6.726857E-01 
   627    2.022112E-01    4.592326E-01    4.279082E-01    6.726844E-01 
   628    2.027561E-01    4.592326E-01    4.279054E-01    6.726828E-01 
   629    2.033012E-01    4.592324E-01    4.279063E-01    6.726807E-01 
   630    2.038460E-01    4.592321E-01    4.279022E-01    6.726787E-01 
   631    2.043910E-01    4.592318E-01    4.279040E-01    6.726759E-01 
   632    2.049358E-01    4.592315E-01    4.278992E-01    6.726736E-01 
   633    2.054808E-01    4.592311E-01    4.279013E-01    6.726710E-01 
   634    2.060256E-01    4.592306E-01    4.278967E-01    6.726687E-01 
   635    2.065706E-01    4.592301E-01    4.278983E-01    6.726668E-01 
   636    2.071155E-01    4.592295E-01    4.278943E-01    6.726647E-01 
   637    2.076604E-01    4.592289E-01    4.278950E-01    6.726629E-01 
   638    2.082054E-01    4.592281E-01    4.278921E-01    6.726609E-01 
   639    2.087504E-01    4.592273E-01    4.278915E-01    6.726588E-01 
   640    2.092954E-01    4.592264E-01    4.278900E-01    6.726567E-01 
   641    2.098402E-01    4.592255E-01    4.278879E-01    6.726542E-01 
   642    2.103853E-01    4.592245E-01    4.278880E-01    6.726517E-01 
   643    2.109301E-01    4.592234E-01    4.278843E-01    6.726493E-01 
   644    2.114751E-01    4.592224E-01    4.278856E-01    6.726465E-01 
   645    2.120199E-01    4.592213E-01    4.278809E-01    6.726444E-01 
   646    2.125650E-01    4.592201E-01    4.278828E-01    6.726418E-01 
   647    2.131099E-01    4.592189E-01    4.278778E-01    6.726395E-01 
   648    2.136548E-01    4.592176E-01    4.278795E-01    6.726372E-01 
   649    2.141998E-01    4.592163E-01    4.278749E-01    6.726347E-01 
   650    2.147447E-01    4.592149E-01    4.278758E-01    6.726324E-01 
   651    2.152897E-01    4.592135E-01    4.278722E-01    6.726297E-01 
   652    2.158347E-01    4.592121E-01    4.278720E-01    6.726270E-01 
   653    2.163796E-01    4.592106E-01    4.278697E-01    6.726244E-01 
   654    2.169245E-01    4.592091E-01    4.278680E-01    6.726216E-01 
   655    2.174696E-01    4.592075E-01    4.278673E-01    6.726189E-01 
   656    2.180144E-01    4.592059E-01    4.278641E-01    6.726163E-01 
   657    2.185595E-01    4.592043E-01    4.278647E-01    6.726133E-01 
   658    2.191043E-01    4.592027E-01    4.278603E-01    6.726110E-01 
   659    2.196494E-01    4.592010E-01    4.278618E-01    6.726079E-01 
   660    2.201943E-01    4.591993E-01    4.278567E-01    6.726054E-01 
   661    2.207393E-01    4.591975E-01    4.278583E-01    6.726026E-01 
   662    2.212843E-01    4.591958E-01    4.278533E-01    6.725997E-01 
   663    2.218293E-01    4.591940E-01    4.278545E-01    6.725970E-01 
   664    2.223743E-01    4.591921E-01    4.278501E-01    6.725939E-01 
   665    2.229192E-01    4.591903E-01    4.278504E-01    6.725910E-01 
   666    2.234642E-01    4.591884E-01    4.278472E-01    6.725882E-01 
   667    2.240092E-01    4.591865E-01    4.278461E-01    6.725851E-01 
   668    2.245542E-01    4.591846E-01    4.278444E-01    6.725824E-01 
   669    2.250991E-01    4.591826E-01    4.278418E-01    6.725794E-01 
   670    2.256442E-01    4.591806E-01    4.278416E-01    6.725762E-01 
   671    2.261891E-01    4.591786E-01    4.278375E-01    6.725734E-01 
   672    2.267342E-01    4.591765E-01    4.278384E-01    6.725699E-01 
   673    2.272791E-01    4.591744E-01    4.278333E-01    6.725670E-01 
   674    2.278242E-01    4.591723E-01    4.278347E-01    6.725636E-01 
   675    2.283691E-01    4.591702E-01    4.278293E-01    6.725602E-01 
   676    2.289142E-01    4.591680E-01    4.278305E-01    6.725569E-01 
   677    2.294592E-01    4.591659E-01    4.278255E-01    6.725532E-01 
   678    2.300042E-01    4.591637E-01    4.278261E-01    6.725499E-01 
   679    2.305492E-01    4.591616E-01    4.278221E-01    6.725462E-01 
   680    2.310942E-01    4.591594E-01    4.278215E-01    6.725425E-01 
   681    2.316393E-01    4.591573E-01    4.278189E-01    6.725391E-01 
   682    2.321843E-01    4.591552E-01    4.278171E-01    6.725354E-01 
   683    2.327293E-01    4.591531E-01    4.278161E-01    6.725320E-01 
   684    2.332743E-01    4.591510E-01    4.278128E-01    6.725287E-01 
   685    2.338194E-01    4.591490E-01    4.278132E-01    6.725252E-01 
   686    2.343643E-01    4.591469E-01    4.278087E-01    6.725225E-01 
   687    2.349095E-01    4.591449E-01    4.278101E-01    6.725192E-01 
   688    2.354544E-01    4.591428E-01    4.278049E-01    6.725167E-01 
   689    2.359995E-01    4.591406E-01    4.278063E-01    6.725142E-01 
   690    2.365445E-01    4.591384E-01    4.278010E-01    6.725115E-01 
   691    2.370896E-01    4.591360E-01    4.278018E-01    6.725093E-01 
   692    2.376346E-01    4.591335E-01    4.277967E-01    6.725065E-01 
   693    2.381797E-01    4.591307E-01    4.277961E-01    6.725037E-01 
   694    2.387247E-01    4.591277E-01    4.277916E-01    6.725005E-01 
   695    2.392698E-01    4.591244E-01    4.277890E-01    6.724964E-01 
   696    2.398148E-01    4.591209E-01    4.277853E-01    6.724919E-01 
   697    2.403599E-01    4.591170E-01    4.277805E-01    6.724860E-01 
   698    2.409050E-01    4.591129E-01    4.277776E-01    6.724788E-01 
   699    2.414499E-01    4.591086E-01    4.277707E-01    6.724706E-01 
   700    2.419952E-01    4.591041E-01    4.277685E-01    6.724603E-01 
   701    2.425401E-01    4.590996E-01    4.277605E-01    6.724495E-01 
   702    2.430853E-01    4.590952E-01    4.277589E-01    6.724365E-01 
   703    2.436303E-01    4.590910E-01    4.277509E-01    6.724229E-01 
   704    2.441755E-01    4.590872E-01    4.277501E-01    6.724082E-01 
   705    2.447206E-01    4.590839E-01    4.277436E-01    6.723923E-01 
   706    2.452657E-01    4.590813E-01    4.277438E-01    6.723771E-01 
   707    2.458109E-01    4.590795E-01    4.277401E-01    6.723631E-01 
   708    2.463560E-01    4.590786E-01    4.277413E-01    6.723536E-01 
   709    2.469011E-01    4.590785E-01    4.277412E-01    6.723504E-01 
   710    2.474463E-01    4.590792E-01    4.277432E-01    6.723533E-01 
   711    2.479914E-01    4.590805E-01    4.277464E-01    6.723636E-01 
   712    2.485365E-01    4.590822E-01    4.277482E-01    6.723788E-01 
   713    2.490817E-01    4.590839E-01    4.277534E-01    6.723963E-01 
   714    2.496267E-01    4.590853E-01    4.277534E-01    6.724158E-01 
   715    2.501719E-01    4.590859E-01    4.277581E-01    6.724331E-01 
   716    2.507169E-01    4.590850E-01    4.277545E-01    6.724497E-01 
   717    2.512620E-01    4.590822E-01    4.277551E-01    6.724618E-01 
   718    2.518071E-01    4.590769E-01    4.277455E-01    6.724700E-01 
   719    2.523521E-01    4.590684E-01    4.277384E-01    6.724729E-01 
   720    2.528972E-01    4.590564E-01    4.277207E-01    6.724687E-01 
   721    2.534423E-01    4.590405E-01    4.277030E-01    6.724568E-01 
   722    2.539874E-01    4.590206E-01    4.276761E-01    6.724346E-01 
   723    2.545324E-01    4.589968E-01    4.276469E-01    6.723992E-01 
   724    2.550776E-01    4.589694E-01    4.276116E-01    6.723474E-01 
   725    2.556227E-01    4.589391E-01    4.275725E-01    6.722770E-01 
   726    2.561680E-01    4.589069E-01    4.275326E-01    6.721882E-01 
   727    2.567131E-01    4.588742E-01    4.274888E-01    6.720807E-01 
   728    2.572586E-01    4.588425E-01    4.274508E-01    6.719558E-01 
   729    2.578039E-01    4.588137E-01    4.274109E-01    6.718162E-01 
   730    2.583495E-01    4.587894E-01    4.273833E-01    6.716625E-01 
   731    2.588950E-01    4.587717E-01    4.273574E-01    6.715046E-01 
   732    2.594408E-01    4.587619E-01    4.273489E-01    6.713543E-01 
   733    2.599865E-01    4.587615E-01    4.273457E-01    6.712378E-01 
   734    2.605323E-01    4.587711E-01    4.273618E-01    6.711801E-01 
   735    2.610782E-01    4.587908E-01    4.273857E-01    6.711977E-01 
   736    2.616239E-01    4.588200E-01    4.274263E-01    6.712962E-01 
   737    2.621696E-01    4.588571E-01    4.274741E-01    6.714642E-01 
   738    2.627152E-01    4.588997E-01    4.275310E-01    6.716768E-01 
   739    2.632606E-01    4.589448E-01    4.275908E-01    6.719179E-01 
   740    2.638059E-01    4.589884E-01    4.276475E-01    6.721634E-01 
   741    2.643510E-01    4.590261E-01    4.276989E-01    6.723994E-01 
   742    2.648958E-01    4.590527E-01    4.277320E-01    6.726116E-01 
   743    2.654408E-01    4.590631E-01    4.277491E-01    6.727882E-01 
   744    2.659853E-01    4.590520E-01    4.277320E-01    6.729210E-01 
   745    2.665301E-01    4.590146E-01    4.276873E-01    6.730008E-01 
   746    2.670746E-01    4.589467E-01    4.275957E-01    6.730205E-01 
   747    2.676192E-01    4.588450E-01    4.274669E-01    6.729696E-01 
   748    2.681639E-01    4.587081E-01    4.272858E-01    6.728387E-01 
   749    2.687087E-01    4.585362E-01    4.270645E-01    6.726090E-01 
   750    2.692537E-01    4.583316E-01    4.267959E-01    6.722571E-01 
   751    2.697989E-01    4.580993E-01    4.264950E-01    6.717588E-01 
   752    2.703445E-01    4.578469E-01    4.261656E-01    6.711002E-01 
   753    2.708906E-01    4.575846E-01    4.258242E-01    6.702866E-01 
   754    2.714373E-01    4.573249E-01    4.254870E-01    6.693184E-01 
   755    2.719846E-01    4.570821E-01    4.251698E-01    6.682194E-01 
   756    2.725326E-01    4.568713E-01    4.248980E-01    6.670033E-01 
   757    2.730812E-01    4.567080E-01    4.246833E-01    6.657041E-01 
   758    2.736309E-01    4.566058E-01    4.245540E-01    6.644410E-01 
   759    2.741809E-01    4.565761E-01    4.245126E-01    6.634070E-01 
   760    2.747316E-01    4.566258E-01    4.245815E-01    6.628241E-01 
   761    2.752823E-01    4.567561E-01    4.247486E-01    6.628664E-01 
   762    2.758329E-01    4.569615E-01    4.250203E-01    6.635898E-01 
   763    2.763829E-01    4.572286E-01    4.253663E-01    6.649168E-01 
   764    2.769319E-01    4.575358E-01    4.257699E-01    6.666564E-01 
   765    2.774798E-01    4.578537E-01    4.261833E-01    6.686609E-01 
   766    2.780263E-01    4.581450E-01    4.265650E-01    6.707304E-01 
   767    2.785715E-01    4.583660E-01    4.268533E-01    6.727564E-01 
   768    2.791154E-01    4.584671E-01    4.269847E-01    6.746007E-01 
   769    2.796583E-01    4.583941E-01    4.268893E-01    6.761630E-01 
   770    2.802002E-01    4.580895E-01    4.264864E-01    6.773352E-01 
   771    2.807416E-01    4.574933E-01    4.257040E-01    6.781011E-01 
   772    2.812826E-01    4.565451E-01    4.244519E-01    6.783696E-01 
   773    2.818239E-01    4.551843E-01    4.226622E-01    6.779963E-01 
   774    2.823657E-01    4.533547E-01    4.202474E-01    6.768557E-01 
   775    2.829089E-01    4.510007E-01    4.171481E-01    6.748772E-01 
   776    2.834539E-01    4.480722E-01    4.132865E-01    6.716295E-01 
   777    2.840019E-01    4.445232E-01    4.086194E-01    6.667603E-01 
   778    2.845538E-01    4.403161E-01    4.030893E-01    6.601654E-01 
   779    2.851112E-01    4.354145E-01    3.966674E-01    6.514988E-01 
   780    2.856753E-01    4.297967E-01    3.893301E-01    6.404929E-01 
   781    2.862479E-01    4.234470E-01    3.810740E-01    6.269399E-01 
   782    2.868307E-01    4.163593E-01    3.719085E-01    6.103337E-01 
   783    2.874257E-01    4.085419E-01    3.618667E-01    5.907511E-01 
   784    2.880350E-01    4.000173E-01    3.510039E-01    5.683781E-01 
   785    2.886606E-01    3.908322E-01    3.394056E-01    5.426419E-01 
   786    2.893047E-01    3.810549E-01    3.271941E-01    5.131112E-01 
   787    2.899693E-01    3.707779E-01    3.145041E-01    4.801659E-01 
   788    2.906570E-01    3.601107E-01    3.015106E-01    4.445384E-01 
   789    2.913691E-01    3.492102E-01    2.884195E-01    4.063474E-01 
   790    2.921075E-01    3.382484E-01    2.754619E-01    3.655817E-01 
   791    2.928728E-01    3.274232E-01    2.628678E-01    3.232227E-01 
   792    2.936663E-01    3.169265E-01    2.508651E-01    2.806794E-01 
   793    2.944875E-01    3.069654E-01    2.396650E-01    2.388982E-01 
   794    2.953359E-01    2.977154E-01    2.294416E-01    1.989218E-01 
   795    2.962096E-01    2.893249E-01    2.203167E-01    1.619095E-01 
   796    2.971069E-01    2.818918E-01    2.123583E-01    1.290373E-01 
   797    2.980249E-01    2.754672E-01    2.055730E-01    1.007611E-01 
   798    2.989607E-01    2.700426E-01    1.999131E-01    7.723795E-02 
   799    2.999113E-01    2.655655E-01    1.952883E-01    5.812733E-02 
   800    3.008738E-01    2.619474E-01    1.915811E-01    4.305755E-02 
   801    3.018457E-01    2.590807E-01    1.886623E-01    3.146150E-02 
   802    3.028249E-01    2.568494E-01    1.864005E-01    2.263982E-02 
   803    3.038096E-01    2.551388E-01    1.846721E-01    1.603707E-02 
   804    3.047985E-01    2.538450E-01    1.833678E-01    1.116667E-02 
   805    3.057904E-01    2.528779E-01    1.823941E-01    7.616904E-03 
   806    3.067845E-01    2.521618E-01    1.816737E-01    5.056370E-03 
   807    3.077803E-01    2.516354E-01    1.811443E-01    3.227385E-03 
   808    3.087773E-01    2.512503E-01    1.807572E-01    1.934794E-03 
   809    3.097751E-01    2.509690E-01    1.804743E-01    1.033689E-03 
   810    3.107735E-01    2.507628E-01    1.802669E-01    4.175954E-04 
   811    3.117724E-01    2.506100E-01    1.801133E-01    7.129320E-06 
   812    3.127715E-01    2.504944E-01    1.799971E-01   -2.598945E-04 
   813    3.137710E-01    2.504045E-01    1.799067E-01   -4.300686E-04 
   814    3.147706E-01    2.503318E-01    1.798336E-01   -5.277180E-04 
   815    3.157705E-01    2.502708E-01    1.797722E-01   -5.584143E-04 
   816    3.167706E-01    2.502179E-01    1.797191E-01   -5.276598E-04 
   817    3.177710E-01    2.501710E-01    1.796719E-01   -4.538935E-04 
   818    3.187714E-01    2.501288E-01    1.796295E-01   -3.576914E-04 
   819    3.197720E-01    2.500907E-01    1.795912E-01   -2.509160E-04 
   820    3.207728E-01    2.500563E-01    1.795566E-01   -1.401125E-04 
   821    3.217737E-01    2.500256E-01    1.795257E-01   -3.022547E-05 
   822    3.227747E-01    2.499985E-01    1.794985E-01    7.366710E-05 
   823    3.237758E-01    2.499754E-01    1.794753E-01    1.666893E-04 
   824    3.247770E-01    2.499564E-01    1.794562E-01    2.445877E-04 
   825    3.257783E-01    2.499419E-01    1.794416E-01    3.043591E-04 
   826    3.267797E-01    2.499317E-01    1.794313E-01    3.433895E-04 
   827    3.277810E-01    2.499258E-01    1.794254E-01    3.574807E-04 
   828    3.287824E-01    2.499237E-01    1.794233E-01    3.467647E-04 
   829    3.297838E-01    2.499248E-01    1.794244E-01    3.187444E-04 
   830    3.307851E-01    2.499284E-01    1.794280E-01    2.840323E-04 
   831    3.317864E-01    2.499338E-01    1.794335E-01    2.485720E-04 
   832    3.327876E-01    2.499403E-01    1.794400E-01    2.144981E-04 
   833    3.337889E-01    2.499472E-01    1.794470E-01    1.821817E-04 
   834    3.347901E-01    2.499542E-01    1.794540E-01    1.525089E-04 
   835    3.357912E-01    2.499610E-01    1.794607E-01    1.258001E-04 
   836    3.367924E-01    2.499672E-01    1.794671E-01    1.020184E-04 
   837    3.377935E-01    2.499730E-01    1.794728E-01    8.105910E-05 
   838    3.387946E-01    2.499781E-01    1.794780E-01    6.271767E-05 
   839    3.397956E-01    2.499827E-01    1.794826E-01    4.680807E-05 
   840    3.407967E-01    2.499867E-01    1.794866E-01    3.313460E-05 
   841    3.417977E-01    2.499901E-01    1.794901E-01    2.152059E-05 
   842    3.427987E-01    2.499931E-01    1.794931E-01    1.174727E-05 
   843    3.437998E-01    2.499956E-01    1.794956E-01    3.601801E-06 
   844    3.448008E-01    2.499978E-01    1.794977E-01   -3.126627E-06 
   845    3.458018E-01    2.499995E-01    1.794995E-01   -8.510324E-06 
   846    3.468028E-01    2.500009E-01    1.795009E-01   -1.268565E-05 
   847    3.478038E-01    2.500021E-01    1.795021E-01   -1.577603E-05 
   848    3.488047E-01    2.500029E-01    1.795029E-01   -1.794879E-05 
   849    3.498057E-01    2.500036E-01    1.795036E-01   -1.940710E-05 
   850    3.508067E-01    2.500040E-01    1.795040E-01   -2.037462E-05 
   851    3.518077E-01    2.500043E-01    1.795043E-01   -2.092581E-05 
   852    3.528087E-01    2.500044E-01    1.795044E-01   -2.110400E-05 
   853    3.538097E-01    2.500044E-01    1.795045E-01   -2.080633E-05 
   854    3.548106E-01    2.500044E-01    1.795044E-01   -1.992011E-05 
   855    3.558116E-01    2.500042E-01    1.795042E-01   -1.850403E-05 
   856    3.568126E-01    2.500040E-01    1.795040E-01   -1.707353E-05 
   857    3.578136E-01    2.500037E-01    1.795037E-01   -1.593701E-05 
   858    3.588146E-01    2.500035E-01    1.795035E-01   -1.524654E-05 
   859    3.598156E-01    2.500033E-01    1.795033E-01   -1.463954E-05 
   860    3.608165E-01    2.500032E-01    1.795032E-01   -1.374618E-05 
   861    3.618175E-01    2.500031E-01    1.795031E-01   -1.287497E-05 
   862    3.628185E-01    2.500032E-01    1.795032E-01   -1.305787E-05 
   863    3.638195E-01    2.500033E-01    1.795033E-01   -1.412610E-05 
   864    3.648205E-01    2.500034E-01    1.795034E-01   -1.546181E-05 
   865    3.658215E-01    2.500036E-01    1.795036E-01   -1.667067E-05 
   866    3.668225E-01    2.500038E-01    1.795038E-01   -1.768996E-05 
   867    3.678235E-01    2.500040E-01    1.795040E-01   -1.852683E-05 
   868    3.688244E-01    2.500041E-01    1.795042E-01   -1.925015E-05 
   869    3.698254E-01    2.500043E-01    1.795043E-01   -1.979819E-05 
   870    3.708264E-01    2.500044E-01    1.795044E-01   -2.016032E-05 
   871    3.718274E-01    2.500044E-01    1.795044E-01   -2.023486E-05 
   872    3.728284E-01    2.500044E-01    1.795044E-01   -1.997483E-05 
   873    3.738294E-01    2.500043E-01    1.795044E-01   -1.945003E-05 
   874    3.748303E-01    2.500042E-01    1.795042E-01   -1.872636E-05 
   875    3.758313E-01    2.500041E-01    1.795041E-01   -1.798911E-05 
   876    3.768323E-01    2.500039E-01    1.795039E-01   -1.752359E-05 
   877    3.778333E-01    2.500037E-01    1.795037E-01   -1.707794E-05 
   878    3.788343E-01    2.500035E-01    1.795035E-01   -1.623556E-05 
   879    3.798353E-01    2.500034E-01    1.795034E-01   -1.509702E-05 
   880    3.808363E-01    2.500033E-01    1.795033E-01   -1.376045E-05 
   881    3.818373E-01    2.500032E-01    1.795032E-01   -1.304142E-05 
   882    3.828382E-01    2.500032E-01    1.795032E-01   -1.341897E-05 
   883    3.838392E-01    2.500032E-01    1.795032E-01   -1.419443E-05 
   884    3.848402E-01    2.500032E-01    1.795033E-01   -1.485442E-05 
   885    3.858412E-01    2.500033E-01    1.795033E-01   -1.545119E-05 
   886    3.868422E-01    2.500034E-01    1.795034E-01   -1.588283E-05 
   887    3.878432E-01    2.500034E-01    1.795035E-01   -1.622614E-05 
   888    3.888442E-01    2.500035E-01    1.795035E-01   -1.657944E-05 
   889    3.898451E-01    2.500036E-01    1.795036E-01   -1.682408E-05 
   890    3.908461E-01    2.500036E-01    1.795036E-01   -1.679388E-05 
   891    3.918471E-01    2.500036E-01    1.795036E-01   -1.662398E-05 
   892    3.928481E-01    2.500036E-01    1.795036E-01   -1.628202E-05 
   893    3.938491E-01    2.500035E-01    1.795035E-01   -1.565980E-05 
   894    3.948501E-01    2.500034E-01    1.795034E-01   -1.535962E-05 
   895    3.958511E-01    2.500032E-01    1.795032E-01   -1.547309E-05 
   896    3.968520E-01    2.500031E-01    1.795031E-01   -1.532896E-05 
   897    3.978530E-01    2.500030E-01    1.795030E-01   -1.476417E-05 
   898    3.988541E-01    2.500029E-01    1.795029E-01   -1.364028E-05 
   899    3.998551E-01    2.500028E-01    1.795028E-01   -1.167897E-05 
   900    4.008560E-01    2.500028E-01    1.795028E-01   -1.124595E-05 
   901    4.018570E-01    2.500027E-01    1.795027E-01   -1.191554E-05 
   902    4.028580E-01    2.500027E-01    1.795027E-01   -1.252868E-05 
   903    4.038590E-01    2.500027E-01    1.795027E-01   -1.314630E-05 
   904    4.048600E-01    2.500027E-01    1.795027E-01   -1.346216E-05 
   905    4.058610E-01    2.500027E-01    1.795027E-01   -1.283473E-05 
   906    4.068620E-01    2.500027E-01    1.795027E-01   -1.292400E-05 
   907    4.078629E-01    2.500027E-01    1.795028E-01   -1.372396E-05 
   908    4.088639E-01    2.500028E-01    1.795028E-01   -1.415905E-05 
   909    4.098649E-01    2.500028E-01    1.795028E-01   -1.416947E-05 
   910    4.108660E-01    2.500028E-01    1.795028E-01   -1.386393E-05 
   911    4.118670E-01    2.500028E-01    1.795028E-01   -1.238863E-05 
   912    4.128679E-01    2.500026E-01    1.795027E-01   -1.129910E-05 
   913    4.138688E-01    2.500025E-01    1.795025E-01   -1.215665E-05 
   914    4.148698E-01    2.500024E-01    1.795024E-01   -1.326459E-05 
   915    4.158709E-01    2.500024E-01    1.795024E-01   -1.372003E-05 
   916    4.168719E-01    2.500023E-01    1.795023E-01   -1.321382E-05 
   917    4.178729E-01    2.500023E-01    1.795023E-01   -1.022877E-05 
   918    4.188738E-01    2.500022E-01    1.795022E-01   -8.110488E-06 
   919    4.198748E-01    2.500021E-01    1.795021E-01   -9.601139E-06 
   920    4.208758E-01    2.500021E-01    1.795021E-01   -1.193266E-05 
   921    4.218768E-01    2.500021E-01    1.795022E-01   -1.325474E-05 
   922    4.228779E-01    2.500022E-01    1.795022E-01   -1.331323E-05 
   923    4.238789E-01    2.500022E-01    1.795022E-01   -1.081005E-05 
   924    4.248798E-01    2.500021E-01    1.795021E-01   -7.810685E-06 
   925    4.258807E-01    2.500020E-01    1.795020E-01   -9.730375E-06 
   926    4.268816E-01    2.500020E-01    1.795020E-01   -1.352007E-05 
   927    4.278827E-01    2.500020E-01    1.795020E-01   -1.530980E-05 
   928    4.288839E-01    2.500021E-01    1.795021E-01   -1.404215E-05 
   929    4.298850E-01    2.500020E-01    1.795020E-01   -9.533249E-06 
   930    4.308858E-01    2.500018E-01    1.795018E-01   -3.965266E-06 
   931    4.318866E-01    2.500016E-01    1.795016E-01   -6.316362E-06 
   932    4.328875E-01    2.500015E-01    1.795015E-01   -1.256835E-05 
   933    4.338887E-01    2.500015E-01    1.795015E-01   -1.596379E-05 
   934    4.348899E-01    2.500016E-01    1.795016E-01   -1.512492E-05 
   935    4.358911E-01    2.500016E-01    1.795016E-01   -9.070243E-06 
   936    4.368919E-01    2.500014E-01    1.795014E-01    1.480788E-06 
   937    4.378924E-01    2.500010E-01    1.795010E-01   -2.204122E-06 
   938    4.388932E-01    2.500009E-01    1.795009E-01   -1.449219E-05 
   939    4.398945E-01    2.500011E-01    1.795011E-01   -2.078851E-05 
   940    4.408960E-01    2.500014E-01    1.795014E-01   -1.853958E-05 
   941    4.418975E-01    2.500013E-01    1.795013E-01   -3.569669E-06 
   942    4.428982E-01    2.500009E-01    1.795009E-01    8.525916E-06 
   943    4.438981E-01    2.500005E-01    1.795005E-01   -2.150279E-06 
   944    4.448987E-01    2.500004E-01    1.795004E-01   -1.888589E-05 
   945    4.459002E-01    2.500007E-01    1.795007E-01   -2.542926E-05 
   946    4.469025E-01    2.500009E-01    1.795009E-01   -1.857245E-05 
   947    4.479042E-01    2.500008E-01    1.795008E-01   -1.456112E-06 
   948    4.489041E-01    2.500003E-01    1.795003E-01    1.765936E-05 
   949    4.499034E-01    2.499995E-01    1.794995E-01    2.799294E-06 
   950    4.509041E-01    2.499992E-01    1.794992E-01   -1.789223E-05 
   951    4.519061E-01    2.499996E-01    1.794995E-01   -3.795497E-05 
   952    4.529087E-01    2.500001E-01    1.795001E-01   -3.438962E-05 
   953    4.539114E-01    2.499999E-01    1.794999E-01    1.628638E-05 
   954    4.549108E-01    2.499987E-01    1.794987E-01    4.128201E-05 
   955    4.559092E-01    2.499973E-01    1.794973E-01    1.088173E-05 
   956    4.569078E-01    2.499975E-01    1.794975E-01   -5.150360E-05 
   957    4.579101E-01    2.499990E-01    1.794989E-01   -7.065112E-05 
   958    4.589178E-01    2.499997E-01    1.794997E-01   -7.908035E-06 
   959    4.599216E-01    2.499987E-01    1.794987E-01    6.410926E-05 
   960    4.609167E-01    2.499970E-01    1.794970E-01    3.029658E-05 
   961    4.619098E-01    2.499965E-01    1.794965E-01   -1.957148E-05 
   962    4.629093E-01    2.499975E-01    1.794975E-01   -6.799270E-05 
   963    4.639202E-01    2.499988E-01    1.794988E-01   -5.547722E-05 
   964    4.649328E-01    2.499986E-01    1.794986E-01    3.511245E-05 
   965    4.659240E-01    2.499977E-01    1.794977E-01   -3.461263E-06 
   966    4.669190E-01    2.499958E-01    1.794958E-01    7.568771E-05 
   967    4.679123E-01    2.499935E-01    1.794935E-01    4.031527E-06 
   968    4.689165E-01    2.499941E-01    1.794941E-01   -9.698829E-05 
   969    4.699344E-01    2.499952E-01    1.794952E-01   -8.549448E-05 
   970    4.709267E-01    2.499955E-01    1.794955E-01   -4.679755E-05 
   971    4.719427E-01    2.499926E-01    1.794926E-01    1.611847E-04 
   972    4.729305E-01    2.499869E-01    1.794869E-01    1.485692E-04 
   973    4.739084E-01    2.499843E-01    1.794843E-01   -8.126290E-05 
   974    4.749084E-01    2.499878E-01    1.794879E-01   -3.070708E-04 
   975    4.759291E-01    2.499911E-01    1.794911E-01   -3.794521E-05 
   976    4.769771E-01    2.499875E-01    1.794877E-01    1.879213E-04 
   977    4.779702E-01    2.499798E-01    1.794800E-01    2.476067E-04 
   978    4.789134E-01    2.499732E-01    1.794733E-01    4.781502E-05 
   979    4.798357E-01    2.499803E-01    1.794810E-01   -5.285391E-04 
   980    4.809416E-01    2.499846E-01    1.794849E-01    7.121029E-06 
   981    4.820092E-01    2.499770E-01    1.794779E-01    1.434266E-04 
   982    4.830186E-01    2.499621E-01    1.794634E-01    2.320443E-04 
   983    4.839551E-01    2.499415E-01    1.794422E-01    1.897034E-04 
   984    4.847282E-01    2.499269E-01    1.794280E-01   -5.491189E-04 
   985    4.859671E-01    2.498934E-01    1.793946E-01    1.250713E-05 
   986    4.870191E-01    2.498171E-01    1.793205E-01    6.347335E-05 
   987    4.880401E-01    2.496834E-01    1.791885E-01    1.232330E-04 
   988    4.890130E-01    2.494534E-01    1.789563E-01    1.520031E-04 
   989    4.896926E-01    2.491969E-01    1.786596E-01   -2.908986E-04 
   990    4.909910E-01    2.486740E-01    1.785480E-01    0.000000E+00 
   991    4.919920E-01    2.483593E-01    1.783220E-01    0.000000E+00 
   992    4.929930E-01    2.477276E-01    1.778684E-01    0.000000E+00 
   993    4.939940E-01    2.460326E-01    1.766514E-01    0.000000E+00 
   994    4.949950E-01    2.421293E-01    1.738488E-01    0.000000E+00 
   995    4.959960E-01    2.342110E-01    1.681635E-01    0.000000E+00 
   996    4.969970E-01    2.204135E-01    1.582569E-01    0.000000E+00 
   997    4.979980E-01    1.999341E-01    1.435527E-01    0.000000E+00 
   998    4.989990E-01    1.731565E-01    1.243264E-01    0.000000E+00 
   999    5.000000E-01    1.416667E-01    1.017167E-01    0.000000E+00 
