     0   -5.000000E-01    5.666667E-01    5.666667E-01    0.000000E+00 
     1   -4.989990E-01    6.927490E-01    6.927490E-01    0.000000E+00 
     2   -4.979980E-01    8.002979E-01    8.002979E-01    0.000000E+00 
     3   -4.969970E-01    8.828742E-01    8.828742E-01    0.000000E+00 
     4   -4.959960E-01    9.388543E-01    9.388543E-01    0.000000E+00 
     5   -4.949950E-01    9.714198E-01    9.714198E-01    0.000000E+00 
     6   -4.939940E-01    9.876896E-01    9.876896E-01    0.000000E+00 
     7   -4.929930E-01    9.943760E-01    9.943760E-01    0.000000E+00 
     8   -4.919920E-01    9.964209E-01    9.964209E-01    0.000000E+00 
     9   -4.909910E-01    9.971062E-01    9.971062E-01    0.000000E+00 
    10   -4.899216E-01    9.981862E-01    9.974132E-01    1.077807E-02 
    11   -4.889577E-01    9.994612E-01    9.992369E-01    4.535308E-03 
    12   -4.879709E-01    1.000665E+00    1.000933E+00    2.614201E-03 
    13   -4.869748E-01    1.001605E+00    1.002253E+00    2.223151E-03 
    14   -4.859749E-01    1.002179E+00    1.003055E+00    2.624603E-03 
    15   -4.849733E-01    1.002305E+00    1.003230E+00    3.454625E-03 
    16   -4.839737E-01    1.002108E+00    1.002954E+00    3.310721E-03 
    17   -4.829745E-01    1.001829E+00    1.002562E+00    2.964406E-03 
    18   -4.819753E-01    1.001545E+00    1.002164E+00    2.540691E-03 
    19   -4.809760E-01    1.001289E+00    1.001805E+00    2.073549E-03 
    20   -4.799766E-01    1.001085E+00    1.001520E+00    1.562995E-03 
    21   -4.789765E-01    1.000921E+00    1.001290E+00    1.250754E-03 
    22   -4.779761E-01    1.000760E+00    1.001065E+00    1.011673E-03 
    23   -4.769756E-01    1.000604E+00    1.000846E+00    8.033727E-04 
    24   -4.759750E-01    1.000465E+00    1.000651E+00    6.184227E-04 
    25   -4.749743E-01    1.000349E+00    1.000489E+00    4.591368E-04 
    26   -4.739735E-01    1.000259E+00    1.000362E+00    3.332449E-04 
    27   -4.729727E-01    1.000189E+00    1.000265E+00    2.367742E-04 
    28   -4.719718E-01    1.000137E+00    1.000192E+00    1.644965E-04 
    29   -4.709709E-01    1.000098E+00    1.000137E+00    1.111776E-04 
    30   -4.699699E-01    1.000068E+00    1.000095E+00    7.240826E-05 
    31   -4.689689E-01    1.000046E+00    1.000065E+00    4.451919E-05 
    32   -4.679679E-01    1.000030E+00    1.000043E+00    2.537076E-05 
    33   -4.669670E-01    1.000019E+00    1.000027E+00    1.292337E-05 
    34   -4.659660E-01    1.000012E+00    1.000017E+00    5.601888E-06 
    35   -4.649650E-01    1.000007E+00    1.000010E+00    1.847278E-06 
    36   -4.639640E-01    1.000004E+00    1.000006E+00    2.070781E-07 
    37   -4.629630E-01    1.000002E+00    1.000003E+00   -3.339858E-07 
    38   -4.619620E-01    1.000001E+00    1.000002E+00   -3.913661E-07 
    39   -4.609610E-01    1.000001E+00    1.000001E+00   -2.931422E-07 
    40   -4.599600E-01    1.000000E+00    1.000000E+00   -1.826160E-07 
    41   -4.589590E-01    1.000000E+00    1.000000E+00   -1.013364E-07 
    42   -4.579580E-01    1.000000E+00    1.000000E+00   -5.198551E-08 
    43   -4.569570E-01    1.000000E+00    1.000000E+00   -2.389826E-08 
    44   -4.559560E-01    1.000000E+00    1.000000E+00   -8.811238E-09 
    45   -4.549550E-01    1.000000E+00    1.000000E+00   -1.493711E-09 
    46   -4.539540E-01    1.000000E+00    1.000000E+00    1.407676E-09 
    47   -4.529530E-01    1.000000E+00    1.000000E+00    2.063298E-09 
    48   -4.519520E-01    1.000000E+00    1.000000E+00    1.766953E-09 
    49   -4.509510E-01    1.000000E+00    1.000000E+00    1.214811E-09 
    50   -4.499499E-01    1.000000E+00    1.000000E+00    7.171359E-10 
    51   -4.489489E-01    1.000000E+00    1.000000E+00    3.678689E-10 
    52   -4.479479E-01    1.000000E+00    1.000000E+00    1.630216E-10 
    53   -4.469469E-01    1.000000E+00    1.000000E+00    5.959322E-11 
    54   -4.459459E-01    1.000000E+00    1.000000E+00    1.495539E-11 
    55   -4.449449E-01    1.000000E+00    1.000000E+00   -6.169183E-13 
    56   -4.439439E-01    1.000000E+00    1.000000E+00   -4.006775E-12 
    57   -4.429429E-01    1.000000E+00    1.000000E+00   -3.394514E-12 
    58   -4.419419E-01    1.000000E+00    1.000000E+00   -2.080055E-12 
    59   -4.409409E-01    1.000000E+00    1.000000E+00   -1.068303E-12 
    60   -4.399399E-01    1.000000E+00    1.000000E+00   -4.788572E-13 
    61   -4.389389E-01    1.000000E+00    1.000000E+00   -1.876755E-13 
    62   -4.379379E-01    1.000000E+00    1.000000E+00   -6.186356E-14 
    63   -4.369369E-01    1.000000E+00    1.000000E+00   -1.422586E-14 
    64   -4.359359E-01    1.000000E+00    1.000000E+00   -5.431224E-17 
    65   -4.349349E-01    1.000000E+00    1.000000E+00    2.576411E-15 
    66   -4.339339E-01    1.000000E+00    1.000000E+00    2.064326E-15 
    67   -4.329329E-01    1.000000E+00    1.000000E+00    1.250463E-15 
    68   -4.319319E-01    1.000000E+00    1.000000E+00    6.546656E-16 
    69   -4.309309E-01    1.000000E+00    1.000000E+00    1.448620E-16 
    70   -4.299299E-01    1.000000E+00    1.000000E+00   -1.622989E-17 
    71   -4.289289E-01    1.000000E+00    1.000000E+00   -9.620834E-17 
    72   -4.279279E-01    1.000000E+00    1.000000E+00   -1.538835E-16 
    73   -4.269269E-01    1.000000E+00    1.000000E+00    7.488729E-17 
    74   -4.259259E-01    1.000000E+00    1.000000E+00   -6.316612E-17 
    75   -4.249249E-01    1.000000E+00    1.000000E+00   -1.626504E-16 
    76   -4.239239E-01    1.000000E+00    1.000000E+00   -1.195537E-16 
    77   -4.229229E-01    1.000000E+00    1.000000E+00   -2.239145E-16 
    78   -4.219219E-01    1.000000E+00    1.000000E+00    2.725345E-18 
    79   -4.209209E-01    1.000000E+00    1.000000E+00   -1.041395E-16 
    80   -4.199199E-01    1.000000E+00    1.000000E+00   -3.615145E-16 
    81   -4.189189E-01    1.000000E+00    1.000000E+00   -3.298058E-16 
    82   -4.179179E-01    1.000000E+00    1.000000E+00   -5.559205E-16 
    83   -4.169169E-01    1.000000E+00    1.000000E+00    3.805236E-16 
    84   -4.159159E-01    1.000000E+00    1.000000E+00    1.225644E-15 
    85   -4.149149E-01    1.000000E+00    1.000000E+00    1.490408E-15 
    86   -4.139139E-01    1.000000E+00    1.000000E+00    1.967020E-15 
    87   -4.129129E-01    1.000000E+00    1.000000E+00    2.107417E-15 
    88   -4.119119E-01    1.000000E+00    1.000000E+00    1.155893E-15 
    89   -4.109109E-01    1.000000E+00    1.000000E+00    3.759506E-16 
    90   -4.099099E-01    1.000000E+00    1.000000E+00   -3.544662E-16 
    91   -4.089089E-01    1.000000E+00    1.000000E+00   -1.143396E-15 
    92   -4.079079E-01    1.000000E+00    1.000000E+00   -2.111774E-15 
    93   -4.069069E-01    1.000000E+00    1.000000E+00   -1.972184E-15 
    94   -4.059059E-01    1.000000E+00    1.000000E+00   -1.867387E-15 
    95   -4.049049E-01    1.000000E+00    1.000000E+00   -1.606881E-15 
    96   -4.039039E-01    1.000000E+00    1.000000E+00   -5.213749E-17 
    97   -4.029029E-01    1.000000E+00    1.000000E+00    1.382429E-15 
    98   -4.019019E-01    1.000000E+00    1.000000E+00    1.884715E-15 
    99   -4.009009E-01    1.000000E+00    1.000000E+00    1.966495E-15 
   100   -3.998999E-01    1.000000E+00    1.000000E+00    2.102250E-15 
   101   -3.988989E-01    1.000000E+00    1.000000E+00    1.139245E-15 
   102   -3.978979E-01    1.000000E+00    1.000000E+00    3.708304E-16 
   103   -3.968969E-01    1.000000E+00    1.000000E+00   -3.169524E-16 
   104   -3.958959E-01    1.000000E+00    1.000000E+00   -1.159152E-15 
   105   -3.948949E-01    1.000000E+00    1.000000E+00   -2.027976E-15 
   106   -3.938939E-01    1.000000E+00    1.000000E+00   -2.022689E-15 
   107   -3.928929E-01    1.000000E+00    1.000000E+00   -1.339771E-15 
   108   -3.918919E-01    1.000000E+00    1.000000E+00   -1.125448E-15 
   109   -3.908909E-01    1.000000E+00    1.000000E+00   -6.999651E-17 
   110   -3.898899E-01    1.000000E+00    1.000000E+00    3.820419E-16 
   111   -3.888889E-01    1.000000E+00    1.000000E+00    3.445856E-16 
   112   -3.878879E-01    1.000000E+00    1.000000E+00    3.104498E-16 
   113   -3.868869E-01    1.000000E+00    1.000000E+00    1.516944E-16 
   114   -3.858859E-01    1.000000E+00    1.000000E+00    5.577696E-17 
   115   -3.848849E-01    1.000000E+00    1.000000E+00   -9.620834E-17 
   116   -3.838839E-01    1.000000E+00    1.000000E+00    6.217538E-17 
   117   -3.828829E-01    1.000000E+00    1.000000E+00    1.145321E-16 
   118   -3.818819E-01    1.000000E+00    1.000000E+00   -3.522987E-17 
   119   -3.808809E-01    1.000000E+00    1.000000E+00   -1.242566E-16 
   120   -3.798799E-01    1.000000E+00    1.000000E+00   -9.620834E-17 
   121   -3.788789E-01    1.000000E+00    1.000000E+00   -1.538835E-16 
   122   -3.778779E-01    1.000000E+00    1.000000E+00    7.488729E-17 
   123   -3.768769E-01    1.000000E+00    1.000000E+00   -6.316612E-17 
   124   -3.758759E-01    1.000000E+00    1.000000E+00   -1.626504E-16 
   125   -3.748749E-01    1.000000E+00    1.000000E+00   -1.195537E-16 
   126   -3.738739E-01    1.000000E+00    1.000000E+00   -2.239145E-16 
   127   -3.728729E-01    1.000000E+00    1.000000E+00    2.725345E-18 
   128   -3.718719E-01    1.000000E+00    1.000000E+00   -1.041395E-16 
   129   -3.708709E-01    1.000000E+00    1.000000E+00   -3.615145E-16 
   130   -3.698699E-01    1.000000E+00    1.000000E+00   -3.298058E-16 
   131   -3.688689E-01    1.000000E+00    1.000000E+00   -5.559205E-16 
   132   -3.678679E-01    1.000000E+00    1.000000E+00    3.855873E-16 
   133   -3.668669E-01    1.000000E+00    1.000000E+00    1.230707E-15 
   134   -3.658659E-01    1.000000E+00    1.000000E+00    1.503909E-15 
   135   -3.648649E-01    1.000000E+00    1.000000E+00    1.994875E-15 
   136   -3.638639E-01    1.000000E+00    1.000000E+00    2.220782E-15 
   137   -3.628629E-01    1.000000E+00    1.000000E+00    1.165854E-15 
   138   -3.618619E-01    1.000000E+00    1.000000E+00    3.334636E-16 
   139   -3.608609E-01    1.000000E+00    1.000000E+00   -4.049444E-16 
   140   -3.598599E-01    1.000000E+00    1.000000E+00   -1.084036E-15 
   141   -3.588589E-01    1.000000E+00    1.000000E+00   -2.172720E-15 
   142   -3.578579E-01    1.000000E+00    1.000000E+00   -1.809418E-15 
   143   -3.568569E-01    1.000000E+00    1.000000E+00   -1.739474E-15 
   144   -3.558559E-01    1.000000E+00    1.000000E+00   -9.028344E-16 
   145   -3.548549E-01    1.000000E+00    1.000000E+00   -3.740233E-16 
   146   -3.538539E-01    1.000000E+00    1.000000E+00    4.340489E-16 
   147   -3.528529E-01    1.000000E+00    1.000000E+00    5.658094E-16 
   148   -3.518519E-01    1.000000E+00    1.000000E+00    2.033533E-16 
   149   -3.508509E-01    1.000000E+00    1.000000E+00    1.938777E-16 
   150   -3.498498E-01    1.000000E+00    1.000000E+00    2.048174E-16 
   151   -3.488488E-01    1.000000E+00    1.000000E+00    1.246962E-16 
   152   -3.478478E-01    1.000000E+00    1.000000E+00    1.415485E-16 
   153   -3.468468E-01    1.000000E+00    1.000000E+00    2.418183E-17 
   154   -3.458458E-01    1.000000E+00    1.000000E+00    1.015034E-16 
   155   -3.448448E-01    1.000000E+00    1.000000E+00   -1.119346E-17 
   156   -3.438438E-01    1.000000E+00    1.000000E+00   -1.401733E-18 
   157   -3.428428E-01    1.000000E+00    1.000000E+00    1.415485E-16 
   158   -3.418418E-01    1.000000E+00    1.000000E+00   -2.983152E-17 
   159   -3.408408E-01    1.000000E+00    1.000000E+00   -6.523267E-18 
   160   -3.398398E-01    1.000000E+00    1.000000E+00   -8.320163E-17 
   161   -3.388388E-01    1.000000E+00    1.000000E+00   -1.401733E-18 
   162   -3.378378E-01    1.000000E+00    1.000000E+00    1.415485E-16 
   163   -3.368368E-01    1.000000E+00    1.000000E+00    6.187001E-18 
   164   -3.358358E-01    1.000000E+00    1.000000E+00   -3.648530E-17 
   165   -3.348348E-01    1.000000E+00    1.000000E+00   -8.685835E-17 
   166   -3.338338E-01    1.000000E+00    1.000000E+00   -1.218052E-16 
   167   -3.328328E-01    1.000000E+00    1.000000E+00    2.045943E-18 
   168   -3.318318E-01    1.000000E+00    1.000000E+00   -1.078649E-16 
   169   -3.308308E-01    1.000000E+00    1.000000E+00   -1.594219E-16 
   170   -3.298298E-01    1.000000E+00    1.000000E+00   -2.234603E-16 
   171   -3.288288E-01    1.000000E+00    1.000000E+00   -2.116445E-16 
   172   -3.278278E-01    1.000000E+00    1.000000E+00   -2.208786E-16 
   173   -3.268268E-01    1.000000E+00    1.000000E+00   -3.828732E-16 
   174   -3.258258E-01    1.000000E+00    1.000000E+00   -5.391519E-16 
   175   -3.248248E-01    1.000000E+00    1.000000E+00    6.023886E-17 
   176   -3.238238E-01    1.000000E+00    1.000000E+00    9.014044E-16 
   177   -3.228228E-01    1.000000E+00    1.000000E+00    1.724622E-15 
   178   -3.218218E-01    1.000000E+00    1.000000E+00    1.872116E-15 
   179   -3.208208E-01    1.000000E+00    1.000000E+00    2.066205E-15 
   180   -3.198198E-01    1.000000E+00    1.000000E+00    1.154994E-15 
   181   -3.188188E-01    1.000000E+00    1.000000E+00    3.858238E-16 
   182   -3.178178E-01    1.000000E+00    1.000000E+00   -3.214013E-16 
   183   -3.168168E-01    1.000000E+00    1.000000E+00   -1.231160E-15 
   184   -3.158158E-01    1.000000E+00    1.000000E+00   -2.244029E-15 
   185   -3.148148E-01    1.000000E+00    1.000000E+00   -2.022689E-15 
   186   -3.138138E-01    1.000000E+00    1.000000E+00   -1.447797E-15 
   187   -3.128128E-01    1.000000E+00    1.000000E+00   -1.125448E-15 
   188   -3.118118E-01    1.000000E+00    1.000000E+00   -1.640443E-16 
   189   -3.108108E-01    1.000000E+00    1.000000E+00    3.173474E-16 
   190   -3.098098E-01    1.000000E+00    1.000000E+00    2.690599E-16 
   191   -3.088088E-01    1.000000E+00    1.000000E+00    7.935149E-17 
   192   -3.078078E-01    1.000000E+00    1.000000E+00   -6.806076E-17 
   193   -3.068068E-01    1.000000E+00    1.000000E+00   -3.254849E-16 
   194   -3.058058E-01    1.000000E+00    1.000000E+00   -2.037856E-16 
   195   -3.048048E-01    1.000000E+00    1.000000E+00   -4.594813E-16 
   196   -3.038038E-01    1.000000E+00    1.000000E+00    5.438295E-16 
   197   -3.028028E-01    1.000000E+00    1.000000E+00    1.338734E-15 
   198   -3.018018E-01    1.000000E+00    1.000000E+00    1.611935E-15 
   199   -3.008008E-01    1.000000E+00    1.000000E+00    1.994875E-15 
   200   -2.997998E-01    1.000000E+00    1.000000E+00    2.220782E-15 
   201   -2.987988E-01    1.000000E+00    1.000000E+00    1.273881E-15 
   202   -2.977978E-01    1.000000E+00    1.000000E+00    3.334636E-16 
   203   -2.967968E-01    1.000000E+00    1.000000E+00   -4.049444E-16 
   204   -2.957958E-01    1.000000E+00    1.000000E+00   -1.084036E-15 
   205   -2.947948E-01    1.000000E+00    1.000000E+00   -2.172720E-15 
   206   -2.937938E-01    1.000000E+00    1.000000E+00   -1.809418E-15 
   207   -2.927928E-01    1.000000E+00    1.000000E+00   -1.739474E-15 
   208   -2.917918E-01    1.000000E+00    1.000000E+00   -9.028344E-16 
   209   -2.907908E-01    1.000000E+00    1.000000E+00   -3.740233E-16 
   210   -2.897898E-01    1.000000E+00    1.000000E+00    4.340489E-16 
   211   -2.887888E-01    1.000000E+00    1.000000E+00    5.658094E-16 
   212   -2.877878E-01    1.000000E+00    1.000000E+00    2.033533E-16 
   213   -2.867868E-01    1.000000E+00    1.000000E+00    1.938777E-16 
   214   -2.857858E-01    1.000000E+00    1.000000E+00    2.048174E-16 
   215   -2.847848E-01    1.000000E+00    1.000000E+00    1.246962E-16 
   216   -2.837838E-01    1.000000E+00    1.000000E+00    1.415485E-16 
   217   -2.827828E-01    1.000000E+00    1.000000E+00    2.418183E-17 
   218   -2.817818E-01    1.000000E+00    1.000000E+00    1.015034E-16 
   219   -2.807808E-01    1.000000E+00    1.000000E+00   -1.119346E-17 
   220   -2.797798E-01    1.000000E+00    1.000000E+00   -1.401733E-18 
   221   -2.787788E-01    1.000000E+00    1.000000E+00    1.415485E-16 
   222   -2.777778E-01    1.000000E+00    1.000000E+00   -2.983152E-17 
   223   -2.767768E-01    1.000000E+00    1.000000E+00   -6.523267E-18 
   224   -2.757758E-01    1.000000E+00    1.000000E+00   -8.320163E-17 
   225   -2.747748E-01    1.000000E+00    1.000000E+00   -1.401733E-18 
   226   -2.737738E-01    1.000000E+00    1.000000E+00    1.415485E-16 
   227   -2.727728E-01    1.000000E+00    1.000000E+00    6.187001E-18 
   228   -2.717718E-01    1.000000E+00    1.000000E+00   -3.648530E-17 
   229   -2.707708E-01    1.000000E+00    1.000000E+00   -8.685835E-17 
   230   -2.697698E-01    1.000000E+00    1.000000E+00   -1.218052E-16 
   231   -2.687688E-01    1.000000E+00    1.000000E+00    2.045943E-18 
   232   -2.677678E-01    1.000000E+00    1.000000E+00   -1.078649E-16 
   233   -2.667668E-01    1.000000E+00    1.000000E+00   -1.594219E-16 
   234   -2.657658E-01    1.000000E+00    1.000000E+00   -2.234603E-16 
   235   -2.647648E-01    1.000000E+00    1.000000E+00   -2.116445E-16 
   236   -2.637638E-01    1.000000E+00    1.000000E+00   -2.208786E-16 
   237   -2.627628E-01    1.000000E+00    1.000000E+00   -3.828732E-16 
   238   -2.617618E-01    1.000000E+00    1.000000E+00   -5.391519E-16 
   239   -2.607608E-01    1.000000E+00    1.000000E+00    6.023886E-17 
   240   -2.597598E-01    1.000000E+00    1.000000E+00    9.014044E-16 
   241   -2.587588E-01    1.000000E+00    1.000000E+00    1.724622E-15 
   242   -2.577578E-01    1.000000E+00    1.000000E+00    1.872116E-15 
   243   -2.567568E-01    1.000000E+00    1.000000E+00    2.066205E-15 
   244   -2.557558E-01    1.000000E+00    1.000000E+00    1.154994E-15 
   245   -2.547548E-01    1.000000E+00    1.000000E+00    3.858238E-16 
   246   -2.537538E-01    1.000000E+00    1.000000E+00   -3.214013E-16 
   247   -2.527528E-01    1.000000E+00    1.000000E+00   -1.231160E-15 
   248   -2.517518E-01    1.000000E+00    1.000000E+00   -2.244029E-15 
   249   -2.507508E-01    1.000000E+00    1.000000E+00   -2.022689E-15 
   250   -2.497497E-01    1.000000E+00    1.000000E+00   -1.447797E-15 
   251   -2.487487E-01    1.000000E+00    1.000000E+00   -1.125448E-15 
   252   -2.477477E-01    1.000000E+00    1.000000E+00   -1.419621E-16 
   253   -2.467467E-01    1.000000E+00    1.000000E+00    3.736029E-16 
   254   -2.457457E-01    1.000000E+00    1.000000E+00    3.288329E-16 
   255   -2.447447E-01    1.000000E+00    1.000000E+00    2.717690E-16 
   256   -2.437437E-01    1.000000E+00    1.000000E+00    1.258142E-16 
   257   -2.427427E-01    1.000000E+00    1.000000E+00    5.549568E-17 
   258   -2.417417E-01    1.000000E+00    1.000000E+00   -9.930254E-17 
   259   -2.407407E-01    1.000000E+00    1.000000E+00   -3.514965E-17 
   260   -2.397397E-01    1.000000E+00    1.000000E+00   -1.597524E-17 
   261   -2.387387E-01    1.000000E+00    1.000000E+00   -8.215849E-17 
   262   -2.377377E-01    1.000000E+00    1.000000E+00   -2.492932E-16 
   263   -2.367367E-01    1.000000E+00    1.000000E+00   -1.402478E-16 
   264   -2.357357E-01    1.000000E+00    1.000000E+00   -1.897086E-16 
   265   -2.347347E-01    1.000000E+00    1.000000E+00   -1.991770E-16 
   266   -2.337337E-01    1.000000E+00    1.000000E+00   -3.946032E-16 
   267   -2.327327E-01    1.000000E+00    1.000000E+00   -4.585985E-16 
   268   -2.317317E-01    1.000000E+00    1.000000E+00    2.521395E-16 
   269   -2.307307E-01    1.000000E+00    1.000000E+00    1.135566E-15 
   270   -2.297297E-01    1.000000E+00    1.000000E+00    1.585988E-15 
   271   -2.287287E-01    1.000000E+00    1.000000E+00    1.759693E-15 
   272   -2.277277E-01    1.000000E+00    1.000000E+00    1.952022E-15 
   273   -2.267267E-01    1.000000E+00    1.000000E+00    1.021926E-15 
   274   -2.257257E-01    1.000000E+00    1.000000E+00    3.019143E-16 
   275   -2.247247E-01    1.000000E+00    1.000000E+00   -4.120235E-16 
   276   -2.237237E-01    1.000000E+00    1.000000E+00   -1.080677E-15 
   277   -2.227227E-01    1.000000E+00    1.000000E+00   -2.031576E-15 
   278   -2.217217E-01    1.000000E+00    1.000000E+00   -1.986707E-15 
   279   -2.207207E-01    1.000000E+00    1.000000E+00   -1.735021E-15 
   280   -2.197197E-01    1.000000E+00    1.000000E+00   -1.154603E-15 
   281   -2.187187E-01    1.000000E+00    1.000000E+00   -1.861574E-17 
   282   -2.177177E-01    1.000000E+00    1.000000E+00    4.731151E-16 
   283   -2.167167E-01    1.000000E+00    1.000000E+00    2.647441E-16 
   284   -2.157157E-01    1.000000E+00    1.000000E+00    1.707889E-16 
   285   -2.147147E-01    1.000000E+00    1.000000E+00    1.246978E-16 
   286   -2.137137E-01    1.000000E+00    1.000000E+00   -4.867967E-17 
   287   -2.127127E-01    1.000000E+00    1.000000E+00    5.616713E-17 
   288   -2.117117E-01    1.000000E+00    1.000000E+00   -8.212639E-17 
   289   -2.107107E-01    1.000000E+00    1.000000E+00   -6.930086E-17 
   290   -2.097097E-01    1.000000E+00    1.000000E+00   -3.222108E-17 
   291   -2.087087E-01    1.000000E+00    1.000000E+00   -1.897086E-16 
   292   -2.077077E-01    1.000000E+00    1.000000E+00   -1.451637E-16 
   293   -2.067067E-01    1.000000E+00    1.000000E+00   -3.586417E-16 
   294   -2.057057E-01    1.000000E+00    1.000000E+00   -4.946171E-16 
   295   -2.047047E-01    1.000000E+00    1.000000E+00    2.521395E-16 
   296   -2.037037E-01    1.000000E+00    1.000000E+00    1.135566E-15 
   297   -2.027027E-01    1.000000E+00    1.000000E+00    1.585988E-15 
   298   -2.017017E-01    1.000000E+00    1.000000E+00    1.759693E-15 
   299   -2.007007E-01    1.000000E+00    1.000000E+00    1.952022E-15 
   300   -1.996997E-01    1.000000E+00    1.000000E+00    1.021926E-15 
   301   -1.986987E-01    1.000000E+00    1.000000E+00    3.019143E-16 
   302   -1.976977E-01    1.000000E+00    1.000000E+00   -4.120235E-16 
   303   -1.966967E-01    1.000000E+00    1.000000E+00   -1.080677E-15 
   304   -1.956957E-01    1.000000E+00    1.000000E+00   -2.031576E-15 
   305   -1.946947E-01    1.000000E+00    1.000000E+00   -1.986707E-15 
   306   -1.936937E-01    1.000000E+00    1.000000E+00   -1.735021E-15 
   307   -1.926927E-01    1.000000E+00    1.000000E+00   -1.154603E-15 
   308   -1.916917E-01    1.000000E+00    1.000000E+00   -1.861574E-17 
   309   -1.906907E-01    1.000000E+00    1.000000E+00    4.100881E-16 
   310   -1.896897E-01    1.000000E+00    1.000000E+00    2.744443E-16 
   311   -1.886887E-01    1.000000E+00    1.000000E+00    2.516438E-16 
   312   -1.876877E-01    1.000000E+00    1.000000E+00    1.559183E-16 
   313   -1.866867E-01    1.000000E+00    1.000000E+00   -9.868498E-18 
   314   -1.856857E-01    1.000000E+00    1.000000E+00    1.641767E-16 
   315   -1.846847E-01    1.000000E+00    1.000000E+00   -1.715128E-17 
   316   -1.836837E-01    1.000000E+00    1.000000E+00    5.573574E-17 
   317   -1.826827E-01    1.000000E+00    1.000000E+00   -9.620834E-17 
   318   -1.816817E-01    1.000000E+00    1.000000E+00   -4.585683E-17 
   319   -1.806807E-01    1.000000E+00    1.000000E+00    1.118608E-16 
   320   -1.796797E-01    1.000000E+00    1.000000E+00   -7.119141E-17 
   321   -1.786787E-01    1.000000E+00    1.000000E+00   -1.242566E-16 
   322   -1.776777E-01    1.000000E+00    1.000000E+00   -9.930254E-17 
   323   -1.766767E-01    1.000000E+00    1.000000E+00   -1.623222E-16 
   324   -1.756757E-01    1.000000E+00    1.000000E+00   -1.597524E-17 
   325   -1.746747E-01    1.000000E+00    1.000000E+00   -2.261467E-16 
   326   -1.736737E-01    1.000000E+00    1.000000E+00   -2.492932E-16 
   327   -1.726727E-01    1.000000E+00    1.000000E+00   -1.402478E-16 
   328   -1.716717E-01    1.000000E+00    1.000000E+00   -1.897086E-16 
   329   -1.706707E-01    1.000000E+00    1.000000E+00   -1.991770E-16 
   330   -1.696697E-01    1.000000E+00    1.000000E+00   -5.026299E-16 
   331   -1.686687E-01    1.000000E+00    1.000000E+00   -4.585985E-16 
   332   -1.676677E-01    1.000000E+00    1.000000E+00    2.521395E-16 
   333   -1.666667E-01    1.000000E+00    1.000000E+00    1.135566E-15 
   334   -1.656657E-01    1.000000E+00    1.000000E+00    1.585988E-15 
   335   -1.646647E-01    1.000000E+00    1.000000E+00    1.759693E-15 
   336   -1.636637E-01    1.000000E+00    1.000000E+00    1.952022E-15 
   337   -1.626627E-01    1.000000E+00    1.000000E+00    1.021926E-15 
   338   -1.616617E-01    1.000000E+00    1.000000E+00    3.019143E-16 
   339   -1.606607E-01    1.000000E+00    1.000000E+00   -4.120235E-16 
   340   -1.596597E-01    1.000000E+00    1.000000E+00   -1.080677E-15 
   341   -1.586587E-01    1.000000E+00    1.000000E+00   -2.031576E-15 
   342   -1.576577E-01    1.000000E+00    1.000000E+00   -1.986707E-15 
   343   -1.566567E-01    1.000000E+00    1.000000E+00   -1.735021E-15 
   344   -1.556557E-01    1.000000E+00    1.000000E+00   -1.154603E-15 
   345   -1.546547E-01    1.000000E+00    1.000000E+00   -1.861574E-17 
   346   -1.536537E-01    1.000000E+00    1.000000E+00    4.731151E-16 
   347   -1.526527E-01    1.000000E+00    1.000000E+00    2.647441E-16 
   348   -1.516517E-01    1.000000E+00    1.000000E+00    1.707889E-16 
   349   -1.506507E-01    1.000000E+00    1.000000E+00    1.246978E-16 
   350   -1.496496E-01    1.000000E+00    1.000000E+00   -4.867967E-17 
   351   -1.486486E-01    1.000000E+00    1.000000E+00    5.616713E-17 
   352   -1.476476E-01    1.000000E+00    1.000000E+00   -8.212639E-17 
   353   -1.466466E-01    1.000000E+00    1.000000E+00   -6.930086E-17 
   354   -1.456456E-01    1.000000E+00    1.000000E+00   -3.222108E-17 
   355   -1.446446E-01    1.000000E+00    1.000000E+00   -1.897086E-16 
   356   -1.436436E-01    1.000000E+00    1.000000E+00   -1.451637E-16 
   357   -1.426426E-01    1.000000E+00    1.000000E+00   -3.586417E-16 
   358   -1.416416E-01    1.000000E+00    1.000000E+00   -4.946171E-16 
   359   -1.406406E-01    1.000000E+00    1.000000E+00    2.521395E-16 
   360   -1.396396E-01    1.000000E+00    1.000000E+00    1.135566E-15 
   361   -1.386386E-01    1.000000E+00    1.000000E+00    1.585988E-15 
   362   -1.376376E-01    1.000000E+00    1.000000E+00    1.759693E-15 
   363   -1.366366E-01    1.000000E+00    1.000000E+00    1.952022E-15 
   364   -1.356356E-01    1.000000E+00    1.000000E+00    1.021926E-15 
   365   -1.346346E-01    1.000000E+00    1.000000E+00    3.019143E-16 
   366   -1.336336E-01    1.000000E+00    1.000000E+00   -4.120235E-16 
   367   -1.326326E-01    1.000000E+00    1.000000E+00   -1.080677E-15 
   368   -1.316316E-01    1.000000E+00    1.000000E+00   -2.031576E-15 
   369   -1.306306E-01    1.000000E+00    1.000000E+00   -1.986707E-15 
   370   -1.296296E-01    1.000000E+00    1.000000E+00   -1.735021E-15 
   371   -1.286286E-01    1.000000E+00    1.000000E+00   -1.154603E-15 
   372   -1.276276E-01    1.000000E+00    1.000000E+00   -1.861574E-17 
   373   -1.266266E-01    1.000000E+00    1.000000E+00    4.100881E-16 
   374   -1.256256E-01    1.000000E+00    1.000000E+00    2.744443E-16 
   375   -1.246246E-01    1.000000E+00    1.000000E+00    2.516438E-16 
   376   -1.236236E-01    1.000000E+00    1.000000E+00    1.559183E-16 
   377   -1.226226E-01    1.000000E+00    1.000000E+00   -9.868498E-18 
   378   -1.216216E-01    1.000000E+00    1.000000E+00    1.641767E-16 
   379   -1.206206E-01    1.000000E+00    1.000000E+00   -1.715128E-17 
   380   -1.196196E-01    1.000000E+00    1.000000E+00    5.573574E-17 
   381   -1.186186E-01    1.000000E+00    1.000000E+00   -9.620834E-17 
   382   -1.176176E-01    1.000000E+00    1.000000E+00   -4.585683E-17 
   383   -1.166166E-01    1.000000E+00    1.000000E+00    1.118608E-16 
   384   -1.156156E-01    1.000000E+00    1.000000E+00   -7.119141E-17 
   385   -1.146146E-01    1.000000E+00    1.000000E+00   -1.242566E-16 
   386   -1.136136E-01    1.000000E+00    1.000000E+00   -9.930254E-17 
   387   -1.126126E-01    1.000000E+00    1.000000E+00   -1.623222E-16 
   388   -1.116116E-01    1.000000E+00    1.000000E+00   -1.597524E-17 
   389   -1.106106E-01    1.000000E+00    1.000000E+00   -2.261467E-16 
   390   -1.096096E-01    1.000000E+00    1.000000E+00   -2.492932E-16 
   391   -1.086086E-01    1.000000E+00    1.000000E+00   -1.402478E-16 
   392   -1.076076E-01    1.000000E+00    1.000000E+00   -1.897086E-16 
   393   -1.066066E-01    1.000000E+00    1.000000E+00   -1.991770E-16 
   394   -1.056056E-01    1.000000E+00    1.000000E+00   -5.026299E-16 
   395   -1.046046E-01    1.000000E+00    1.000000E+00   -4.585985E-16 
   396   -1.036036E-01    1.000000E+00    1.000000E+00    2.521395E-16 
   397   -1.026026E-01    1.000000E+00    1.000000E+00    1.135566E-15 
   398   -1.016016E-01    1.000000E+00    1.000000E+00    1.585988E-15 
   399   -1.006006E-01    1.000000E+00    1.000000E+00    1.759693E-15 
   400   -9.959960E-02    1.000000E+00    1.000000E+00    1.952022E-15 
   401   -9.859860E-02    1.000000E+00    1.000000E+00    1.021926E-15 
   402   -9.759760E-02    1.000000E+00    1.000000E+00    3.019143E-16 
   403   -9.659660E-02    1.000000E+00    1.000000E+00   -4.120235E-16 
   404   -9.559560E-02    1.000000E+00    1.000000E+00   -1.080677E-15 
   405   -9.459459E-02    1.000000E+00    1.000000E+00   -2.031576E-15 
   406   -9.359359E-02    1.000000E+00    1.000000E+00   -1.986707E-15 
   407   -9.259259E-02    1.000000E+00    1.000000E+00   -1.735021E-15 
   408   -9.159159E-02    1.000000E+00    1.000000E+00   -1.154603E-15 
   409   -9.059059E-02    1.000000E+00    1.000000E+00   -1.861574E-17 
   410   -8.958959E-02    1.000000E+00    1.000000E+00    4.731151E-16 
   411   -8.858859E-02    1.000000E+00    1.000000E+00    2.647441E-16 
   412   -8.758759E-02    1.000000E+00    1.000000E+00    1.707889E-16 
   413   -8.658659E-02    1.000000E+00    1.000000E+00    1.246978E-16 
   414   -8.558559E-02    1.000000E+00    1.000000E+00   -4.867967E-17 
   415   -8.458458E-02    1.000000E+00    1.000000E+00    5.616713E-17 
   416   -8.358358E-02    1.000000E+00    1.000000E+00   -8.212639E-17 
   417   -8.258258E-02    1.000000E+00    1.000000E+00   -6.930086E-17 
   418   -8.158158E-02    1.000000E+00    1.000000E+00   -3.222108E-17 
   419   -8.058058E-02    1.000000E+00    1.000000E+00   -1.897086E-16 
   420   -7.957958E-02    1.000000E+00    1.000000E+00   -1.451637E-16 
   421   -7.857858E-02    1.000000E+00    1.000000E+00   -3.586417E-16 
   422   -7.757758E-02    1.000000E+00    1.000000E+00   -4.946171E-16 
   423   -7.657658E-02    1.000000E+00    1.000000E+00    2.521395E-16 
   424   -7.557558E-02    1.000000E+00    1.000000E+00    1.135566E-15 
   425   -7.457457E-02    1.000000E+00    1.000000E+00    1.585566E-15 
   426   -7.357357E-02    1.000000E+00    1.000000E+00    1.756317E-15 
   427   -7.257257E-02    1.000000E+00    1.000000E+00    1.946537E-15 
   428   -7.157157E-02    1.000000E+00    1.000000E+00    9.999834E-16 
   429   -7.057057E-02    1.000000E+00    1.000000E+00    2.280679E-16 
   430   -6.956957E-02    1.000000E+00    1.000000E+00   -6.310308E-16 
   431   -6.856857E-02    1.000000E+00    1.000000E+00   -1.643598E-15 
   432   -6.756757E-02    1.000000E+00    1.000000E+00   -3.243078E-15 
   433   -6.656657E-02    1.000000E+00    1.000000E+00   -4.442345E-15 
   434   -6.556557E-02    1.000000E+00    1.000000E+00   -6.065653E-15 
   435   -6.456456E-02    1.000000E+00    1.000000E+00   -6.747516E-15 
   436   -6.356356E-02    1.000000E+00    1.000000E+00   -1.427889E-15 
   437   -6.256256E-02    1.000000E+00    1.000000E+00    2.571055E-14 
   438   -6.156156E-02    1.000000E+00    1.000000E+00    1.159467E-13 
   439   -6.056056E-02    1.000000E+00    1.000000E+00    3.659998E-13 
   440   -5.955956E-02    1.000000E+00    1.000000E+00    9.677754E-13 
   441   -5.855856E-02    1.000000E+00    1.000000E+00    2.253123E-12 
   442   -5.755756E-02    1.000000E+00    1.000000E+00    4.660729E-12 
   443   -5.655656E-02    1.000000E+00    1.000000E+00    8.399162E-12 
   444   -5.555556E-02    1.000000E+00    1.000000E+00    1.233394E-11 
   445   -5.455455E-02    1.000000E+00    1.000000E+00    1.121003E-11 
   446   -5.355355E-02    1.000000E+00    1.000000E+00   -1.023552E-11 
   447   -5.255255E-02    1.000000E+00    1.000000E+00   -8.780945E-11 
   448   -5.155155E-02    1.000000E+00    1.000000E+00   -2.935306E-10 
   449   -5.055055E-02    1.000000E+00    1.000000E+00   -7.534916E-10 
   450   -4.954955E-02    1.000000E+00    1.000000E+00   -1.650824E-09 
   451   -4.854855E-02    1.000000E+00    1.000000E+00   -3.174312E-09 
   452   -4.754755E-02    1.000000E+00    1.000000E+00   -5.395334E-09 
   453   -4.654655E-02    1.000000E+00    1.000000E+00   -7.985543E-09 
   454   -4.554555E-02    1.000000E+00    1.000000E+00   -9.656626E-09 
   455   -4.454454E-02    1.000000E+00    9.999999E-01   -7.193925E-09 
   456   -4.354354E-02    9.999999E-01    9.999999E-01    5.985497E-09 
   457   -4.254254E-02    9.999999E-01    9.999998E-01    4.190092E-08 
   458   -4.154154E-02    9.999999E-01    9.999998E-01    1.197771E-07 
   459   -4.054054E-02    1.000000E+00    9.999999E-01    2.701442E-07 
   460   -3.953954E-02    1.000000E+00    1.000000E+00    5.356715E-07 
   461   -3.853854E-02    1.000001E+00    1.000001E+00    9.626123E-07 
   462   -3.753754E-02    1.000003E+00    1.000004E+00    1.518016E-06 
   463   -3.653653E-02    1.000006E+00    1.000008E+00    1.967006E-06 
   464   -3.553553E-02    1.000012E+00    1.000016E+00    1.617031E-06 
   465   -3.453453E-02    1.000022E+00    1.000030E+00   -1.109287E-06 
   466   -3.353354E-02    1.000037E+00    1.000052E+00   -9.320477E-06 
   467   -3.253255E-02    1.000062E+00    1.000086E+00   -2.821281E-05 
   468   -3.153158E-02    1.000098E+00    1.000137E+00   -6.542852E-05 
   469   -3.053064E-02    1.000150E+00    1.000210E+00   -1.302656E-04 
   470   -2.952973E-02    1.000224E+00    1.000314E+00   -2.312621E-04 
   471   -2.852888E-02    1.000325E+00    1.000455E+00   -3.796715E-04 
   472   -2.752812E-02    1.000459E+00    1.000643E+00   -5.842978E-04 
   473   -2.652748E-02    1.000632E+00    1.000885E+00   -8.506892E-04 
   474   -2.552700E-02    1.000847E+00    1.001185E+00   -1.183434E-03 
   475   -2.452673E-02    1.001103E+00    1.001545E+00   -1.591096E-03 
   476   -2.352675E-02    1.001400E+00    1.001961E+00   -2.082460E-03 
   477   -2.252714E-02    1.001732E+00    1.002426E+00   -2.670543E-03 
   478   -2.152797E-02    1.002086E+00    1.002923E+00   -3.359106E-03 
   479   -2.052927E-02    1.002427E+00    1.003400E+00   -4.118453E-03 
   480   -1.953097E-02    1.002667E+00    1.003735E+00   -4.845792E-03 
   481   -1.853298E-02    1.002629E+00    1.003677E+00   -5.358145E-03 
   482   -1.753528E-02    1.002019E+00    1.002808E+00   -5.437241E-03 
   483   -1.653805E-02    1.000440E+00    1.000561E+00   -4.921710E-03 
   484   -1.554160E-02    9.974510E-01    9.963087E-01   -3.762852E-03 
   485   -1.454588E-02    9.926544E-01    9.894885E-01   -2.106600E-03 
   486   -1.354895E-02    9.857490E-01    9.796775E-01    3.839336E-04 
   487   -1.254677E-02    9.764118E-01    9.664168E-01    5.118953E-03 
   488   -1.153052E-02    9.642096E-01    9.490442E-01    1.758184E-02 
   489   -1.049006E-02    9.482248E-01    9.262238E-01    4.231390E-02 
   490   -9.421162E-03    9.269583E-01    8.956298E-01    8.153048E-02 
   491   -8.337212E-03    8.987456E-01    8.551170E-01    1.317891E-01 
   492   -7.256281E-03    8.625431E-01    8.041845E-01    1.840312E-01 
   493   -6.159579E-03    8.173073E-01    7.435872E-01    2.348134E-01 
   494   -4.988832E-03    7.610962E-01    6.740057E-01    2.828783E-01 
   495   -3.605778E-03    6.920101E-01    5.971236E-01    3.488171E-01 
   496   -1.943916E-03    6.195208E-01    5.255619E-01    4.332716E-01 
   497    1.639271E-05    5.671817E-01    4.829826E-01    5.736198E-01 
   498    2.089557E-03    5.416572E-01    4.738370E-01    7.619722E-01 
   499    3.770968E-03    5.199765E-01    4.772915E-01    8.446620E-01 
   500    4.103692E-03    5.137981E-01    3.617465E-01    7.821167E-01 
   501    4.988387E-03    4.935395E-01    3.715025E-01    7.675984E-01 
   502    5.705868E-03    4.742252E-01    3.787503E-01    7.369483E-01 
   503    6.349131E-03    4.550960E-01    3.806141E-01    7.101385E-01 
   504    6.924041E-03    4.369007E-01    3.759874E-01    6.742886E-01 
   505    7.475268E-03    4.191883E-01    3.645669E-01    6.331223E-01 
   506    8.050631E-03    4.008037E-01    3.470909E-01    5.909795E-01 
   507    8.675747E-03    3.813408E-01    3.253649E-01    5.339457E-01 
   508    9.371749E-03    3.613612E-01    3.018519E-01    4.624080E-01 
   509    1.014319E-02    3.414981E-01    2.784569E-01    3.854684E-01 
   510    1.097146E-02    3.226756E-01    2.568144E-01    3.073267E-01 
   511    1.183613E-02    3.060080E-01    2.381567E-01    2.341412E-01 
   512    1.272704E-02    2.919300E-01    2.227831E-01    1.666868E-01 
   513    1.364435E-02    2.804992E-01    2.105855E-01    1.142998E-01 
   514    1.458504E-02    2.714112E-01    2.010724E-01    7.232972E-02 
   515    1.554846E-02    2.644521E-01    1.939463E-01    4.227546E-02 
   516    1.652968E-02    2.594115E-01    1.888657E-01    2.301981E-02 
   517    1.752181E-02    2.559119E-01    1.853714E-01    1.159124E-02 
   518    1.851929E-02    2.535525E-01    1.830258E-01    5.165414E-03 
   519    1.951898E-02    2.520141E-01    1.814992E-01    1.773035E-03 
   520    2.051947E-02    2.510598E-01    1.805528E-01    9.366278E-05 
   521    2.152037E-02    2.505067E-01    1.800038E-01   -5.950294E-04 
   522    2.252152E-02    2.502106E-01    1.797096E-01   -7.261195E-04 
   523    2.352281E-02    2.500662E-01    1.795658E-01   -5.917671E-04 
   524    2.452410E-02    2.500035E-01    1.795034E-01   -3.859792E-04 
   525    2.552532E-02    2.499812E-01    1.794810E-01   -2.104982E-04 
   526    2.652645E-02    2.499770E-01    1.794768E-01   -9.652436E-05 
   527    2.752752E-02    2.499801E-01    1.794800E-01   -3.639510E-05 
   528    2.852854E-02    2.499855E-01    1.794854E-01   -1.042289E-05 
   529    2.952954E-02    2.499907E-01    1.794906E-01   -4.840239E-07 
   530    3.053054E-02    2.499947E-01    1.794947E-01    3.050729E-06 
   531    3.153154E-02    2.499975E-01    1.794975E-01    4.131858E-06 
   532    3.253254E-02    2.499991E-01    1.794990E-01    4.119145E-06 
   533    3.353354E-02    2.499998E-01    1.794998E-01    3.546175E-06 
   534    3.453454E-02    2.500002E-01    1.795002E-01    2.733473E-06 
   535    3.553554E-02    2.500002E-01    1.795002E-01    1.913349E-06 
   536    3.653654E-02    2.500002E-01    1.795002E-01    1.225232E-06 
   537    3.753754E-02    2.500002E-01    1.795002E-01    7.223406E-07 
   538    3.853854E-02    2.500001E-01    1.795001E-01    3.944548E-07 
   539    3.953954E-02    2.500001E-01    1.795001E-01    1.997489E-07 
   540    4.054054E-02    2.500001E-01    1.795001E-01    9.251979E-08 
   541    4.154154E-02    2.500000E-01    1.795000E-01    3.734408E-08 
   542    4.254254E-02    2.500000E-01    1.795000E-01    1.174029E-08 
   543    4.354354E-02    2.500000E-01    1.795000E-01    1.359578E-09 
   544    4.454454E-02    2.500000E-01    1.795000E-01   -1.994809E-09 
   545    4.554555E-02    2.500000E-01    1.795000E-01   -2.460182E-09 
   546    4.654655E-02    2.500000E-01    1.795000E-01   -1.958551E-09 
   547    4.754755E-02    2.500000E-01    1.795000E-01   -1.298544E-09 
   548    4.854855E-02    2.500000E-01    1.795000E-01   -7.614744E-10 
   549    4.954955E-02    2.500000E-01    1.795000E-01   -4.022928E-10 
   550    5.055055E-02    2.500000E-01    1.795000E-01   -1.916820E-10 
   551    5.155155E-02    2.500000E-01    1.795000E-01   -7.936443E-11 
   552    5.255255E-02    2.500000E-01    1.795000E-01   -2.556938E-11 
   553    5.355355E-02    2.500000E-01    1.795000E-01   -3.410973E-12 
   554    5.455455E-02    2.500000E-01    1.795000E-01    3.589972E-12 
   555    5.555556E-02    2.500000E-01    1.795000E-01    4.381578E-12 
   556    5.655656E-02    2.500000E-01    1.795000E-01    3.266239E-12 
   557    5.755756E-02    2.500000E-01    1.795000E-01    1.986200E-12 
   558    5.855856E-02    2.500000E-01    1.795000E-01    1.054284E-12 
   559    5.955956E-02    2.500000E-01    1.795000E-01    4.980026E-13 
   560    6.056056E-02    2.500000E-01    1.795000E-01    2.088149E-13 
   561    6.156156E-02    2.500000E-01    1.795000E-01    7.630206E-14 
   562    6.256256E-02    2.500000E-01    1.795000E-01    2.246252E-14 
   563    6.356356E-02    2.500000E-01    1.795000E-01    3.742123E-15 
   564    6.456456E-02    2.500000E-01    1.795000E-01   -1.209126E-15 
   565    6.556557E-02    2.500000E-01    1.795000E-01   -1.835043E-15 
   566    6.656657E-02    2.500000E-01    1.795000E-01   -1.207484E-15 
   567    6.756757E-02    2.500000E-01    1.795000E-01   -7.105882E-16 
   568    6.856857E-02    2.500000E-01    1.795000E-01   -4.079858E-16 
   569    6.956957E-02    2.500000E-01    1.795000E-01    4.486857E-18 
   570    7.057057E-02    2.500000E-01    1.795000E-01   -1.786237E-16 
   571    7.157157E-02    2.500000E-01    1.795000E-01    3.482344E-17 
   572    7.257257E-02    2.500000E-01    1.795000E-01   -6.242803E-17 
   573    7.357357E-02    2.500000E-01    1.795000E-01   -1.919324E-16 
   574    7.457457E-02    2.500000E-01    1.795000E-01    2.205402E-16 
   575    7.557558E-02    2.500000E-01    1.795000E-01   -1.786237E-16 
   576    7.657658E-02    2.500000E-01    1.795000E-01    3.482344E-17 
   577    7.757758E-02    2.500000E-01    1.795000E-01   -6.242803E-17 
   578    7.857858E-02    2.500000E-01    1.795000E-01   -1.919324E-16 
   579    7.957958E-02    2.500000E-01    1.795000E-01    2.205402E-16 
   580    8.058058E-02    2.500000E-01    1.795000E-01   -1.786237E-16 
   581    8.158158E-02    2.500000E-01    1.795000E-01    3.482344E-17 
   582    8.258258E-02    2.500000E-01    1.795000E-01   -6.242803E-17 
   583    8.358358E-02    2.500000E-01    1.795000E-01   -1.919324E-16 
   584    8.458458E-02    2.500000E-01    1.795000E-01    2.171648E-16 
   585    8.558559E-02    2.500000E-01    1.795000E-01   -1.786237E-16 
   586    8.658659E-02    2.500000E-01    1.795000E-01    3.440146E-17 
   587    8.758759E-02    2.500000E-01    1.795000E-01   -8.901272E-17 
   588    8.858859E-02    2.500000E-01    1.795000E-01   -1.908072E-16 
   589    8.958959E-02    2.500000E-01    1.795000E-01    1.881949E-16 
   590    9.059059E-02    2.500000E-01    1.795000E-01   -1.803099E-16 
   591    9.159159E-02    2.500000E-01    1.795000E-01    2.638919E-17 
   592    9.259259E-02    2.500000E-01    1.795000E-01   -1.482095E-16 
   593    9.359359E-02    2.500000E-01    1.795000E-01   -2.098034E-16 
   594    9.459459E-02    2.500000E-01    1.795000E-01    7.420345E-17 
   595    9.559560E-02    2.500000E-01    1.795000E-01   -2.522747E-16 
   596    9.659660E-02    2.500000E-01    1.795000E-01   -2.511457E-16 
   597    9.759760E-02    2.500000E-01    1.795000E-01   -4.125850E-16 
   598    9.859860E-02    2.500000E-01    1.795000E-01   -8.153412E-16 
   599    9.959960E-02    2.500000E-01    1.795000E-01    2.255889E-16 
   600    1.006006E-01    2.500000E-01    1.795000E-01    1.623497E-15 
   601    1.016016E-01    2.500000E-01    1.795000E-01    2.583834E-15 
   602    1.026026E-01    2.500000E-01    1.795000E-01    3.413084E-15 
   603    1.036036E-01    2.500000E-01    1.795000E-01    4.118686E-15 
   604    1.046046E-01    2.500000E-01    1.795000E-01    2.244645E-15 
   605    1.056056E-01    2.500000E-01    1.795000E-01    7.645208E-16 
   606    1.066066E-01    2.500000E-01    1.795000E-01   -6.944193E-16 
   607    1.076076E-01    2.500000E-01    1.795000E-01   -2.169528E-15 
   608    1.086086E-01    2.500000E-01    1.795000E-01   -4.109443E-15 
   609    1.096096E-01    2.500000E-01    1.795000E-01   -3.450996E-15 
   610    1.106106E-01    2.500000E-01    1.795000E-01   -2.642737E-15 
   611    1.116116E-01    2.500000E-01    1.795000E-01   -1.457242E-15 
   612    1.126126E-01    2.500000E-01    1.795000E-01   -1.722964E-16 
   613    1.136136E-01    2.500000E-01    1.795000E-01    8.514407E-16 
   614    1.146146E-01    2.500000E-01    1.795000E-01    3.505415E-16 
   615    1.156156E-01    2.500000E-01    1.795000E-01    2.559800E-16 
   616    1.166166E-01    2.500000E-01    1.795000E-01    8.617218E-17 
   617    1.176176E-01    2.500000E-01    1.795000E-01    1.862072E-16 
   618    1.186186E-01    2.500000E-01    1.795000E-01    2.745536E-16 
   619    1.196196E-01    2.500000E-01    1.795000E-01    3.566902E-17 
   620    1.206206E-01    2.500000E-01    1.795000E-01    1.034558E-16 
   621    1.216216E-01    2.500000E-01    1.795000E-01    2.828473E-18 
   622    1.226226E-01    2.500000E-01    1.795000E-01    2.406398E-17 
   623    1.236236E-01    2.500000E-01    1.795000E-01    2.205402E-16 
   624    1.246246E-01    2.500000E-01    1.795000E-01   -1.066155E-16 
   625    1.256256E-01    2.500000E-01    1.795000E-01    3.482344E-17 
   626    1.266266E-01    2.500000E-01    1.795000E-01   -6.242803E-17 
   627    1.276276E-01    2.500000E-01    1.795000E-01   -8.390574E-17 
   628    1.286286E-01    2.500000E-01    1.795000E-01    2.205402E-16 
   629    1.296296E-01    2.500000E-01    1.795000E-01   -1.786237E-16 
   630    1.306306E-01    2.500000E-01    1.795000E-01    3.482344E-17 
   631    1.316316E-01    2.500000E-01    1.795000E-01   -6.242803E-17 
   632    1.326326E-01    2.500000E-01    1.795000E-01   -1.919324E-16 
   633    1.336336E-01    2.500000E-01    1.795000E-01    2.205402E-16 
   634    1.346346E-01    2.500000E-01    1.795000E-01   -1.786237E-16 
   635    1.356356E-01    2.500000E-01    1.795000E-01    3.482344E-17 
   636    1.366366E-01    2.500000E-01    1.795000E-01   -6.242803E-17 
   637    1.376376E-01    2.500000E-01    1.795000E-01   -1.919324E-16 
   638    1.386386E-01    2.500000E-01    1.795000E-01    2.205402E-16 
   639    1.396396E-01    2.500000E-01    1.795000E-01   -1.786237E-16 
   640    1.406406E-01    2.500000E-01    1.795000E-01    3.482344E-17 
   641    1.416416E-01    2.500000E-01    1.795000E-01   -6.242803E-17 
   642    1.426426E-01    2.500000E-01    1.795000E-01   -1.919324E-16 
   643    1.436436E-01    2.500000E-01    1.795000E-01    2.205402E-16 
   644    1.446446E-01    2.500000E-01    1.795000E-01   -1.786237E-16 
   645    1.456456E-01    2.500000E-01    1.795000E-01    3.482344E-17 
   646    1.466466E-01    2.500000E-01    1.795000E-01   -6.242803E-17 
   647    1.476476E-01    2.500000E-01    1.795000E-01   -1.919324E-16 
   648    1.486486E-01    2.500000E-01    1.795000E-01    2.205402E-16 
   649    1.496496E-01    2.500000E-01    1.795000E-01   -1.786237E-16 
   650    1.506507E-01    2.500000E-01    1.795000E-01    3.482344E-17 
   651    1.516517E-01    2.500000E-01    1.795000E-01   -6.242803E-17 
   652    1.526527E-01    2.500000E-01    1.795000E-01   -1.919324E-16 
   653    1.536537E-01    2.500000E-01    1.795000E-01    2.171648E-16 
   654    1.546547E-01    2.500000E-01    1.795000E-01   -1.786237E-16 
   655    1.556557E-01    2.500000E-01    1.795000E-01    3.440146E-17 
   656    1.566567E-01    2.500000E-01    1.795000E-01   -8.901272E-17 
   657    1.576577E-01    2.500000E-01    1.795000E-01   -1.908072E-16 
   658    1.586587E-01    2.500000E-01    1.795000E-01    1.881949E-16 
   659    1.596597E-01    2.500000E-01    1.795000E-01   -1.803099E-16 
   660    1.606607E-01    2.500000E-01    1.795000E-01    2.638919E-17 
   661    1.616617E-01    2.500000E-01    1.795000E-01   -1.482095E-16 
   662    1.626627E-01    2.500000E-01    1.795000E-01   -2.098034E-16 
   663    1.636637E-01    2.500000E-01    1.795000E-01    7.420345E-17 
   664    1.646647E-01    2.500000E-01    1.795000E-01   -2.522747E-16 
   665    1.656657E-01    2.500000E-01    1.795000E-01   -2.511457E-16 
   666    1.666667E-01    2.500000E-01    1.795000E-01   -4.125850E-16 
   667    1.676677E-01    2.500000E-01    1.795000E-01   -8.153412E-16 
   668    1.686687E-01    2.500000E-01    1.795000E-01    2.255889E-16 
   669    1.696697E-01    2.500000E-01    1.795000E-01    1.623497E-15 
   670    1.706707E-01    2.500000E-01    1.795000E-01    2.583834E-15 
   671    1.716717E-01    2.500000E-01    1.795000E-01    3.413084E-15 
   672    1.726727E-01    2.500000E-01    1.795000E-01    4.118686E-15 
   673    1.736737E-01    2.500000E-01    1.795000E-01    2.244645E-15 
   674    1.746747E-01    2.500000E-01    1.795000E-01    7.645208E-16 
   675    1.756757E-01    2.500000E-01    1.795000E-01   -6.944193E-16 
   676    1.766767E-01    2.500000E-01    1.795000E-01   -2.169528E-15 
   677    1.776777E-01    2.500000E-01    1.795000E-01   -4.109443E-15 
   678    1.786787E-01    2.500000E-01    1.795000E-01   -3.450996E-15 
   679    1.796797E-01    2.500000E-01    1.795000E-01   -2.642737E-15 
   680    1.806807E-01    2.500000E-01    1.795000E-01   -1.457242E-15 
   681    1.816817E-01    2.500000E-01    1.795000E-01   -1.722964E-16 
   682    1.826827E-01    2.500000E-01    1.795000E-01    8.514407E-16 
   683    1.836837E-01    2.500000E-01    1.795000E-01    3.505415E-16 
   684    1.846847E-01    2.500000E-01    1.795000E-01    2.559800E-16 
   685    1.856857E-01    2.500000E-01    1.795000E-01    8.617218E-17 
   686    1.866867E-01    2.500000E-01    1.795000E-01    1.862072E-16 
   687    1.876877E-01    2.500000E-01    1.795000E-01    2.745536E-16 
   688    1.886887E-01    2.500000E-01    1.795000E-01    3.566902E-17 
   689    1.896897E-01    2.500000E-01    1.795000E-01    1.034558E-16 
   690    1.906907E-01    2.500000E-01    1.795000E-01    2.828473E-18 
   691    1.916917E-01    2.500000E-01    1.795000E-01    2.406398E-17 
   692    1.926927E-01    2.500000E-01    1.795000E-01    2.205402E-16 
   693    1.936937E-01    2.500000E-01    1.795000E-01   -1.066155E-16 
   694    1.946947E-01    2.500000E-01    1.795000E-01    3.482344E-17 
   695    1.956957E-01    2.500000E-01    1.795000E-01   -6.242803E-17 
   696    1.966967E-01    2.500000E-01    1.795000E-01   -8.390574E-17 
   697    1.976977E-01    2.500000E-01    1.795000E-01    2.205402E-16 
   698    1.986987E-01    2.500000E-01    1.795000E-01   -1.786237E-16 
   699    1.996997E-01    2.500000E-01    1.795000E-01    3.482344E-17 
   700    2.007007E-01    2.500000E-01    1.795000E-01   -6.242803E-17 
   701    2.017017E-01    2.500000E-01    1.795000E-01   -1.919324E-16 
   702    2.027027E-01    2.500000E-01    1.795000E-01    2.205402E-16 
   703    2.037037E-01    2.500000E-01    1.795000E-01   -1.786237E-16 
   704    2.047047E-01    2.500000E-01    1.795000E-01    3.482344E-17 
   705    2.057057E-01    2.500000E-01    1.795000E-01   -6.242803E-17 
   706    2.067067E-01    2.500000E-01    1.795000E-01   -1.919324E-16 
   707    2.077077E-01    2.500000E-01    1.795000E-01    2.205402E-16 
   708    2.087087E-01    2.500000E-01    1.795000E-01   -1.786237E-16 
   709    2.097097E-01    2.500000E-01    1.795000E-01    3.482344E-17 
   710    2.107107E-01    2.500000E-01    1.795000E-01   -6.242803E-17 
   711    2.117117E-01    2.500000E-01    1.795000E-01   -1.919324E-16 
   712    2.127127E-01    2.500000E-01    1.795000E-01    2.171648E-16 
   713    2.137137E-01    2.500000E-01    1.795000E-01   -1.786237E-16 
   714    2.147147E-01    2.500000E-01    1.795000E-01    3.440146E-17 
   715    2.157157E-01    2.500000E-01    1.795000E-01   -8.901272E-17 
   716    2.167167E-01    2.500000E-01    1.795000E-01   -1.908072E-16 
   717    2.177177E-01    2.500000E-01    1.795000E-01    1.881949E-16 
   718    2.187187E-01    2.500000E-01    1.795000E-01   -1.803099E-16 
   719    2.197197E-01    2.500000E-01    1.795000E-01    2.638919E-17 
   720    2.207207E-01    2.500000E-01    1.795000E-01   -1.482095E-16 
   721    2.217217E-01    2.500000E-01    1.795000E-01   -2.098034E-16 
   722    2.227227E-01    2.500000E-01    1.795000E-01    7.420345E-17 
   723    2.237237E-01    2.500000E-01    1.795000E-01   -2.522747E-16 
   724    2.247247E-01    2.500000E-01    1.795000E-01   -2.511457E-16 
   725    2.257257E-01    2.500000E-01    1.795000E-01   -4.125850E-16 
   726    2.267267E-01    2.500000E-01    1.795000E-01   -8.153412E-16 
   727    2.277277E-01    2.500000E-01    1.795000E-01    2.255889E-16 
   728    2.287287E-01    2.500000E-01    1.795000E-01    1.623497E-15 
   729    2.297297E-01    2.500000E-01    1.795000E-01    2.583834E-15 
   730    2.307307E-01    2.500000E-01    1.795000E-01    3.413084E-15 
   731    2.317317E-01    2.500000E-01    1.795000E-01    4.118686E-15 
   732    2.327327E-01    2.500000E-01    1.795000E-01    2.244645E-15 
   733    2.337337E-01    2.500000E-01    1.795000E-01    7.645208E-16 
   734    2.347347E-01    2.500000E-01    1.795000E-01   -6.944193E-16 
   735    2.357357E-01    2.500000E-01    1.795000E-01   -2.169528E-15 
   736    2.367367E-01    2.500000E-01    1.795000E-01   -4.109443E-15 
   737    2.377377E-01    2.500000E-01    1.795000E-01   -3.450996E-15 
   738    2.387387E-01    2.500000E-01    1.795000E-01   -2.642737E-15 
   739    2.397397E-01    2.500000E-01    1.795000E-01   -1.457242E-15 
   740    2.407407E-01    2.500000E-01    1.795000E-01   -1.722964E-16 
   741    2.417417E-01    2.500000E-01    1.795000E-01    8.514407E-16 
   742    2.427427E-01    2.500000E-01    1.795000E-01    3.505415E-16 
   743    2.437437E-01    2.500000E-01    1.795000E-01    2.559800E-16 
   744    2.447447E-01    2.500000E-01    1.795000E-01    8.617218E-17 
   745    2.457457E-01    2.500000E-01    1.795000E-01    1.862072E-16 
   746    2.467467E-01    2.500000E-01    1.795000E-01    2.745536E-16 
   747    2.477477E-01    2.500000E-01    1.795000E-01    3.566902E-17 
   748    2.487487E-01    2.500000E-01    1.795000E-01    1.034558E-16 
   749    2.497497E-01    2.500000E-01    1.795000E-01    2.828473E-18 
   750    2.507508E-01    2.500000E-01    1.795000E-01    2.406398E-17 
   751    2.517518E-01    2.500000E-01    1.795000E-01    2.205402E-16 
   752    2.527528E-01    2.500000E-01    1.795000E-01   -1.066155E-16 
   753    2.537538E-01    2.500000E-01    1.795000E-01    3.482344E-17 
   754    2.547548E-01    2.500000E-01    1.795000E-01   -6.242803E-17 
   755    2.557558E-01    2.500000E-01    1.795000E-01   -8.390574E-17 
   756    2.567568E-01    2.500000E-01    1.795000E-01    2.205402E-16 
   757    2.577578E-01    2.500000E-01    1.795000E-01   -1.786237E-16 
   758    2.587588E-01    2.500000E-01    1.795000E-01    3.482344E-17 
   759    2.597598E-01    2.500000E-01    1.795000E-01   -6.242803E-17 
   760    2.607608E-01    2.500000E-01    1.795000E-01   -1.919324E-16 
   761    2.617618E-01    2.500000E-01    1.795000E-01    2.205402E-16 
   762    2.627628E-01    2.500000E-01    1.795000E-01   -1.786237E-16 
   763    2.637638E-01    2.500000E-01    1.795000E-01    3.482344E-17 
   764    2.647648E-01    2.500000E-01    1.795000E-01   -6.242803E-17 
   765    2.657658E-01    2.500000E-01    1.795000E-01   -1.919324E-16 
   766    2.667668E-01    2.500000E-01    1.795000E-01    2.205402E-16 
   767    2.677678E-01    2.500000E-01    1.795000E-01   -1.786237E-16 
   768    2.687688E-01    2.500000E-01    1.795000E-01    3.482344E-17 
   769    2.697698E-01    2.500000E-01    1.795000E-01   -6.242803E-17 
   770    2.707708E-01    2.500000E-01    1.795000E-01   -1.919324E-16 
   771    2.717718E-01    2.500000E-01    1.795000E-01    2.205402E-16 
   772    2.727728E-01    2.500000E-01    1.795000E-01   -1.786237E-16 
   773    2.737738E-01    2.500000E-01    1.795000E-01    3.482344E-17 
   774    2.747748E-01    2.500000E-01    1.795000E-01   -6.242803E-17 
   775    2.757758E-01    2.500000E-01    1.795000E-01   -1.919324E-16 
   776    2.767768E-01    2.500000E-01    1.795000E-01    2.205402E-16 
   777    2.777778E-01    2.500000E-01    1.795000E-01   -1.786237E-16 
   778    2.787788E-01    2.500000E-01    1.795000E-01    3.482344E-17 
   779    2.797798E-01    2.500000E-01    1.795000E-01   -6.242803E-17 
   780    2.807808E-01    2.500000E-01    1.795000E-01   -1.919324E-16 
   781    2.817818E-01    2.500000E-01    1.795000E-01    2.171648E-16 
   782    2.827828E-01    2.500000E-01    1.795000E-01   -1.786237E-16 
   783    2.837838E-01    2.500000E-01    1.795000E-01    3.440146E-17 
   784    2.847848E-01    2.500000E-01    1.795000E-01   -8.901272E-17 
   785    2.857858E-01    2.500000E-01    1.795000E-01   -1.908072E-16 
   786    2.867868E-01    2.500000E-01    1.795000E-01    1.881949E-16 
   787    2.877878E-01    2.500000E-01    1.795000E-01   -1.803099E-16 
   788    2.887888E-01    2.500000E-01    1.795000E-01    2.638919E-17 
   789    2.897898E-01    2.500000E-01    1.795000E-01   -1.482095E-16 
   790    2.907908E-01    2.500000E-01    1.795000E-01   -2.098034E-16 
   791    2.917918E-01    2.500000E-01    1.795000E-01    7.420345E-17 
   792    2.927928E-01    2.500000E-01    1.795000E-01   -2.522747E-16 
   793    2.937938E-01    2.500000E-01    1.795000E-01   -2.511457E-16 
   794    2.947948E-01    2.500000E-01    1.795000E-01   -4.125850E-16 
   795    2.957958E-01    2.500000E-01    1.795000E-01   -8.153412E-16 
   796    2.967968E-01    2.500000E-01    1.795000E-01    2.255889E-16 
   797    2.977978E-01    2.500000E-01    1.795000E-01    1.623497E-15 
   798    2.987988E-01    2.500000E-01    1.795000E-01    2.583834E-15 
   799    2.997998E-01    2.500000E-01    1.795000E-01    3.413084E-15 
   800    3.008008E-01    2.500000E-01    1.795000E-01    4.118686E-15 
   801    3.018018E-01    2.500000E-01    1.795000E-01    2.244645E-15 
   802    3.028028E-01    2.500000E-01    1.795000E-01    7.645208E-16 
   803    3.038038E-01    2.500000E-01    1.795000E-01   -6.944193E-16 
   804    3.048048E-01    2.500000E-01    1.795000E-01   -2.169528E-15 
   805    3.058058E-01    2.500000E-01    1.795000E-01   -4.109443E-15 
   806    3.068068E-01    2.500000E-01    1.795000E-01   -3.450996E-15 
   807    3.078078E-01    2.500000E-01    1.795000E-01   -2.642737E-15 
   808    3.088088E-01    2.500000E-01    1.795000E-01   -1.457242E-15 
   809    3.098098E-01    2.500000E-01    1.795000E-01   -1.722964E-16 
   810    3.108108E-01    2.500000E-01    1.795000E-01    8.514407E-16 
   811    3.118118E-01    2.500000E-01    1.795000E-01    3.505415E-16 
   812    3.128128E-01    2.500000E-01    1.795000E-01    2.559800E-16 
   813    3.138138E-01    2.500000E-01    1.795000E-01    8.617218E-17 
   814    3.148148E-01    2.500000E-01    1.795000E-01    1.862072E-16 
   815    3.158158E-01    2.500000E-01    1.795000E-01    2.745536E-16 
   816    3.168168E-01    2.500000E-01    1.795000E-01    3.566902E-17 
   817    3.178178E-01    2.500000E-01    1.795000E-01    1.034558E-16 
   818    3.188188E-01    2.500000E-01    1.795000E-01    2.828473E-18 
   819    3.198198E-01    2.500000E-01    1.795000E-01    2.406398E-17 
   820    3.208208E-01    2.500000E-01    1.795000E-01    2.205402E-16 
   821    3.218218E-01    2.500000E-01    1.795000E-01   -1.066155E-16 
   822    3.228228E-01    2.500000E-01    1.795000E-01    3.482344E-17 
   823    3.238238E-01    2.500000E-01    1.795000E-01   -6.242803E-17 
   824    3.248248E-01    2.500000E-01    1.795000E-01   -8.390574E-17 
   825    3.258258E-01    2.500000E-01    1.795000E-01    2.205402E-16 
   826    3.268268E-01    2.500000E-01    1.795000E-01   -1.786237E-16 
   827    3.278278E-01    2.500000E-01    1.795000E-01    3.482344E-17 
   828    3.288288E-01    2.500000E-01    1.795000E-01   -6.242803E-17 
   829    3.298298E-01    2.500000E-01    1.795000E-01   -1.919324E-16 
   830    3.308308E-01    2.500000E-01    1.795000E-01    2.205402E-16 
   831    3.318318E-01    2.500000E-01    1.795000E-01   -1.786237E-16 
   832    3.328328E-01    2.500000E-01    1.795000E-01    3.482344E-17 
   833    3.338338E-01    2.500000E-01    1.795000E-01   -6.242803E-17 
   834    3.348348E-01    2.500000E-01    1.795000E-01   -1.919324E-16 
   835    3.358358E-01    2.500000E-01    1.795000E-01    2.205402E-16 
   836    3.368368E-01    2.500000E-01    1.795000E-01   -1.786237E-16 
   837    3.378378E-01    2.500000E-01    1.795000E-01    3.482344E-17 
   838    3.388388E-01    2.500000E-01    1.795000E-01   -6.242803E-17 
   839    3.398398E-01    2.500000E-01    1.795000E-01   -1.919324E-16 
   840    3.408408E-01    2.500000E-01    1.795000E-01    2.171648E-16 
   841    3.418418E-01    2.500000E-01    1.795000E-01   -1.786237E-16 
   842    3.428428E-01    2.500000E-01    1.795000E-01    3.440146E-17 
   843    3.438438E-01    2.500000E-01    1.795000E-01   -8.901272E-17 
   844    3.448448E-01    2.500000E-01    1.795000E-01   -1.908072E-16 
   845    3.458458E-01    2.500000E-01    1.795000E-01    1.881949E-16 
   846    3.468468E-01    2.500000E-01    1.795000E-01   -1.803099E-16 
   847    3.478478E-01    2.500000E-01    1.795000E-01    2.638919E-17 
   848    3.488488E-01    2.500000E-01    1.795000E-01   -1.482095E-16 
   849    3.498498E-01    2.500000E-01    1.795000E-01   -2.098034E-16 
   850    3.508509E-01    2.500000E-01    1.795000E-01    7.420345E-17 
   851    3.518519E-01    2.500000E-01    1.795000E-01   -2.522747E-16 
   852    3.528529E-01    2.500000E-01    1.795000E-01   -2.511457E-16 
   853    3.538539E-01    2.500000E-01    1.795000E-01   -4.125850E-16 
   854    3.548549E-01    2.500000E-01    1.795000E-01   -8.153412E-16 
   855    3.558559E-01    2.500000E-01    1.795000E-01    2.255889E-16 
   856    3.568569E-01    2.500000E-01    1.795000E-01    1.623497E-15 
   857    3.578579E-01    2.500000E-01    1.795000E-01    2.583834E-15 
   858    3.588589E-01    2.500000E-01    1.795000E-01    3.413084E-15 
   859    3.598599E-01    2.500000E-01    1.795000E-01    4.118686E-15 
   860    3.608609E-01    2.500000E-01    1.795000E-01    2.244645E-15 
   861    3.618619E-01    2.500000E-01    1.795000E-01    7.645208E-16 
   862    3.628629E-01    2.500000E-01    1.795000E-01   -6.944193E-16 
   863    3.638639E-01    2.500000E-01    1.795000E-01   -2.169528E-15 
   864    3.648649E-01    2.500000E-01    1.795000E-01   -4.109443E-15 
   865    3.658659E-01    2.500000E-01    1.795000E-01   -3.450996E-15 
   866    3.668669E-01    2.500000E-01    1.795000E-01   -2.642737E-15 
   867    3.678679E-01    2.500000E-01    1.795000E-01   -1.457242E-15 
   868    3.688689E-01    2.500000E-01    1.795000E-01   -1.722964E-16 
   869    3.698699E-01    2.500000E-01    1.795000E-01    8.514407E-16 
   870    3.708709E-01    2.500000E-01    1.795000E-01    3.505415E-16 
   871    3.718719E-01    2.500000E-01    1.795000E-01    2.559800E-16 
   872    3.728729E-01    2.500000E-01    1.795000E-01    8.617218E-17 
   873    3.738739E-01    2.500000E-01    1.795000E-01    1.862072E-16 
   874    3.748749E-01    2.500000E-01    1.795000E-01    2.745536E-16 
   875    3.758759E-01    2.500000E-01    1.795000E-01    3.566902E-17 
   876    3.768769E-01    2.500000E-01    1.795000E-01    1.034558E-16 
   877    3.778779E-01    2.500000E-01    1.795000E-01    2.828473E-18 
   878    3.788789E-01    2.500000E-01    1.795000E-01    2.406398E-17 
   879    3.798799E-01    2.500000E-01    1.795000E-01    2.205402E-16 
   880    3.808809E-01    2.500000E-01    1.795000E-01   -1.066155E-16 
   881    3.818819E-01    2.500000E-01    1.795000E-01    3.482344E-17 
   882    3.828829E-01    2.500000E-01    1.795000E-01   -6.242803E-17 
   883    3.838839E-01    2.500000E-01    1.795000E-01   -8.390574E-17 
   884    3.848849E-01    2.500000E-01    1.795000E-01    2.205402E-16 
   885    3.858859E-01    2.500000E-01    1.795000E-01   -1.786237E-16 
   886    3.868869E-01    2.500000E-01    1.795000E-01    3.482344E-17 
   887    3.878879E-01    2.500000E-01    1.795000E-01   -6.242803E-17 
   888    3.888889E-01    2.500000E-01    1.795000E-01   -1.919324E-16 
   889    3.898899E-01    2.500000E-01    1.795000E-01    2.205402E-16 
   890    3.908909E-01    2.500000E-01    1.795000E-01   -1.786237E-16 
   891    3.918919E-01    2.500000E-01    1.795000E-01    3.482344E-17 
   892    3.928929E-01    2.500000E-01    1.795000E-01   -6.242803E-17 
   893    3.938939E-01    2.500000E-01    1.795000E-01   -1.919324E-16 
   894    3.948949E-01    2.500000E-01    1.795000E-01    2.205402E-16 
   895    3.958959E-01    2.500000E-01    1.795000E-01   -1.786237E-16 
   896    3.968969E-01    2.500000E-01    1.795000E-01    3.482344E-17 
   897    3.978979E-01    2.500000E-01    1.795000E-01   -6.242803E-17 
   898    3.988989E-01    2.500000E-01    1.795000E-01   -1.919324E-16 
   899    3.998999E-01    2.500000E-01    1.795000E-01    2.205402E-16 
   900    4.009009E-01    2.500000E-01    1.795000E-01   -1.786237E-16 
   901    4.019019E-01    2.500000E-01    1.795000E-01    3.482344E-17 
   902    4.029029E-01    2.500000E-01    1.795000E-01   -6.242803E-17 
   903    4.039039E-01    2.500000E-01    1.795000E-01   -1.919324E-16 
   904    4.049049E-01    2.500000E-01    1.795000E-01    2.205402E-16 
   905    4.059059E-01    2.500000E-01    1.795000E-01   -1.786237E-16 
   906    4.069069E-01    2.500000E-01    1.795000E-01    3.482344E-17 
   907    4.079079E-01    2.500000E-01    1.795000E-01   -6.242803E-17 
   908    4.089089E-01    2.500000E-01    1.795000E-01   -1.919324E-16 
   909    4.099099E-01    2.500000E-01    1.795000E-01    2.171648E-16 
   910    4.109109E-01    2.500000E-01    1.795000E-01   -1.786237E-16 
   911    4.119119E-01    2.500000E-01    1.795000E-01    3.440146E-17 
   912    4.129129E-01    2.500000E-01    1.795000E-01   -8.901272E-17 
   913    4.139139E-01    2.500000E-01    1.795000E-01   -1.908072E-16 
   914    4.149149E-01    2.500000E-01    1.795000E-01    1.881949E-16 
   915    4.159159E-01    2.500000E-01    1.795000E-01   -1.803099E-16 
   916    4.169169E-01    2.500000E-01    1.795000E-01    2.638919E-17 
   917    4.179179E-01    2.500000E-01    1.795000E-01   -1.482095E-16 
   918    4.189189E-01    2.500000E-01    1.795000E-01   -2.098034E-16 
   919    4.199199E-01    2.500000E-01    1.795000E-01    7.420345E-17 
   920    4.209209E-01    2.500000E-01    1.795000E-01   -2.522747E-16 
   921    4.219219E-01    2.500000E-01    1.795000E-01   -2.511457E-16 
   922    4.229229E-01    2.500000E-01    1.795000E-01   -4.125850E-16 
   923    4.239239E-01    2.500000E-01    1.795000E-01   -8.153412E-16 
   924    4.249249E-01    2.500000E-01    1.795000E-01    2.255889E-16 
   925    4.259259E-01    2.500000E-01    1.795000E-01    1.623075E-15 
   926    4.269269E-01    2.500000E-01    1.795000E-01    2.582146E-15 
   927    4.279279E-01    2.500000E-01    1.795000E-01    3.409286E-15 
   928    4.289289E-01    2.500000E-01    1.795000E-01    4.114466E-15 
   929    4.299299E-01    2.500000E-01    1.795000E-01    2.221436E-15 
   930    4.309309E-01    2.500000E-01    1.795000E-01    6.953162E-16 
   931    4.319319E-01    2.500000E-01    1.795000E-01   -8.589912E-16 
   932    4.329329E-01    2.500000E-01    1.795000E-01   -2.469977E-15 
   933    4.339339E-01    2.500000E-01    1.795000E-01   -4.593453E-15 
   934    4.349349E-01    2.500000E-01    1.795000E-01   -3.995771E-15 
   935    4.359359E-01    2.500000E-01    1.795000E-01   -2.613620E-15 
   936    4.369369E-01    2.500000E-01    1.795000E-01    8.169451E-16 
   937    4.379379E-01    2.500000E-01    1.795000E-01    1.013483E-14 
   938    4.389389E-01    2.500000E-01    1.795000E-01    3.355806E-14 
   939    4.399399E-01    2.500000E-01    1.795000E-01    8.468729E-14 
   940    4.409409E-01    2.500000E-01    1.795000E-01    1.913495E-13 
   941    4.419419E-01    2.500000E-01    1.795000E-01    3.802368E-13 
   942    4.429429E-01    2.500000E-01    1.795000E-01    6.465633E-13 
   943    4.439439E-01    2.500000E-01    1.795000E-01    8.554972E-13 
   944    4.449449E-01    2.500000E-01    1.795000E-01    5.335396E-13 
   945    4.459459E-01    2.500000E-01    1.795000E-01   -1.526998E-12 
   946    4.469469E-01    2.500000E-01    1.795000E-01   -7.855623E-12 
   947    4.479479E-01    2.500000E-01    1.795000E-01   -2.299323E-11 
   948    4.489489E-01    2.500000E-01    1.795000E-01   -5.390862E-11 
   949    4.499499E-01    2.500000E-01    1.795000E-01   -1.091212E-10 
   950    4.509510E-01    2.500000E-01    1.795000E-01   -1.950559E-10 
   951    4.519520E-01    2.500000E-01    1.795000E-01   -3.120585E-10 
   952    4.529530E-01    2.500000E-01    1.795000E-01   -4.466698E-10 
   953    4.539540E-01    2.500000E-01    1.795000E-01   -5.591501E-10 
   954    4.549550E-01    2.500000E-01    1.795000E-01   -5.590500E-10 
   955    4.559560E-01    2.500000E-01    1.795000E-01   -2.423006E-10 
   956    4.569570E-01    2.500000E-01    1.795000E-01    8.701568E-10 
   957    4.579580E-01    2.500000E-01    1.795000E-01    3.850627E-09 
   958    4.589590E-01    2.500000E-01    1.795000E-01    1.102719E-08 
   959    4.599600E-01    2.500000E-01    1.795000E-01    2.689563E-08 
   960    4.609610E-01    2.500000E-01    1.795000E-01    5.788575E-08 
   961    4.619620E-01    2.500000E-01    1.795000E-01    1.098321E-07 
   962    4.629630E-01    2.500000E-01    1.795000E-01    1.799230E-07 
   963    4.639640E-01    2.500001E-01    1.795001E-01    2.445934E-07 
   964    4.649650E-01    2.500002E-01    1.795002E-01    2.439376E-07 
   965    4.659660E-01    2.500004E-01    1.795004E-01    5.737458E-08 
   966    4.669670E-01    2.500009E-01    1.795009E-01   -5.266176E-07 
   967    4.679680E-01    2.500016E-01    1.795016E-01   -1.807348E-06 
   968    4.689690E-01    2.500028E-01    1.795028E-01   -4.219588E-06 
   969    4.699700E-01    2.500046E-01    1.795046E-01   -8.442159E-06 
   970    4.709710E-01    2.500073E-01    1.795074E-01   -1.563208E-05 
   971    4.719719E-01    2.500113E-01    1.795114E-01   -2.865679E-05 
   972    4.729729E-01    2.500173E-01    1.795174E-01   -5.095046E-05 
   973    4.739739E-01    2.500263E-01    1.795264E-01   -8.657075E-05 
   974    4.749748E-01    2.500394E-01    1.795396E-01   -1.397379E-04 
   975    4.759757E-01    2.500577E-01    1.795580E-01   -2.128326E-04 
   976    4.769765E-01    2.500815E-01    1.795820E-01   -3.006710E-04 
   977    4.779773E-01    2.501098E-01    1.796104E-01   -4.024884E-04 
   978    4.789781E-01    2.501411E-01    1.796419E-01   -5.307418E-04 
   979    4.799786E-01    2.501763E-01    1.796772E-01   -7.345756E-04 
   980    4.809785E-01    2.502250E-01    1.797262E-01   -1.138555E-03 
   981    4.819783E-01    2.502918E-01    1.797934E-01   -1.543997E-03 
   982    4.829781E-01    2.503715E-01    1.798736E-01   -1.956804E-03 
   983    4.839778E-01    2.504568E-01    1.799595E-01   -2.336022E-03 
   984    4.849778E-01    2.505280E-01    1.800312E-01   -2.530281E-03 
   985    4.859791E-01    2.505281E-01    1.800316E-01   -1.961616E-03 
   986    4.869790E-01    2.504247E-01    1.799278E-01   -1.756889E-03 
   987    4.879751E-01    2.502321E-01    1.797337E-01   -2.261399E-03 
   988    4.889624E-01    2.499707E-01    1.794692E-01   -4.484743E-03 
   989    4.899296E-01    2.496826E-01    1.791732E-01   -1.103016E-02 
   990    4.909910E-01    2.494311E-01    1.790915E-01    0.000000E+00 
   991    4.919920E-01    2.492539E-01    1.789643E-01    0.000000E+00 
   992    4.929930E-01    2.487222E-01    1.785825E-01    0.000000E+00 
   993    4.939940E-01    2.470208E-01    1.773609E-01    0.000000E+00 
   994    4.949950E-01    2.429199E-01    1.744165E-01    0.000000E+00 
   995    4.959960E-01    2.347506E-01    1.685509E-01    0.000000E+00 
   996    4.969970E-01    2.207367E-01    1.584889E-01    0.000000E+00 
   997    4.979980E-01    2.000813E-01    1.436584E-01    0.000000E+00 
   998    4.989990E-01    1.731886E-01    1.243494E-01    0.000000E+00 
   999    5.000000E-01    1.416667E-01    1.017167E-01    0.000000E+00 
