     0   -5.000000E-01    5.666667E-01    5.666667E-01    0.000000E+00 
     1   -4.989990E-01    6.926765E-01    6.926765E-01    0.000000E+00 
     2   -4.979980E-01    7.999669E-01    7.999669E-01    0.000000E+00 
     3   -4.969970E-01    8.821194E-01    8.821194E-01    0.000000E+00 
     4   -4.959960E-01    9.375460E-01    9.375460E-01    0.000000E+00 
     5   -4.949950E-01    9.694343E-01    9.694343E-01    0.000000E+00 
     6   -4.939940E-01    9.851227E-01    9.851227E-01    0.000000E+00 
     7   -4.929930E-01    9.916665E-01    9.916665E-01    0.000000E+00 
     8   -4.919920E-01    9.938627E-01    9.938627E-01    0.000000E+00 
     9   -4.909910E-01    9.948184E-01    9.948184E-01    0.000000E+00 
    10   -4.898026E-01    9.964608E-01    9.949378E-01    1.587703E-03 
    11   -4.889611E-01    9.976942E-01    9.967764E-01   -5.399883E-04 
    12   -4.879957E-01    9.986337E-01    9.981104E-01   -6.276536E-04 
    13   -4.869943E-01    9.991930E-01    9.988888E-01   -3.427736E-04 
    14   -4.859626E-01    9.995117E-01    9.993247E-01   -3.137959E-05 
    15   -4.848890E-01    9.995928E-01    9.994341E-01    1.403615E-03 
    16   -4.839238E-01    9.996015E-01    9.994438E-01    3.127667E-05 
    17   -4.829499E-01    9.997475E-01    9.996486E-01   -6.857583E-04 
    18   -4.819596E-01    9.999113E-01    9.998779E-01   -6.774245E-04 
    19   -4.809512E-01    1.000004E+00    1.000006E+00    1.886859E-04 
    20   -4.799410E-01    1.000009E+00    1.000013E+00    6.443171E-04 
    21   -4.789273E-01    9.999876E-01    9.999830E-01    4.899839E-04 
    22   -4.779284E-01    9.999857E-01    9.999800E-01    2.803839E-04 
    23   -4.769339E-01    1.000006E+00    1.000008E+00    1.544923E-04 
    24   -4.759394E-01    1.000022E+00    1.000031E+00    1.170932E-04 
    25   -4.749439E-01    1.000020E+00    1.000028E+00    4.803175E-05 
    26   -4.739370E-01    9.999865E-01    9.999813E-01    1.219248E-04 
    27   -4.729267E-01    9.999266E-01    9.998974E-01    6.434085E-05 
    28   -4.719253E-01    9.998676E-01    9.998147E-01   -7.840411E-05 
    29   -4.709286E-01    9.998191E-01    9.997468E-01   -2.479080E-04 
    30   -4.699319E-01    9.997882E-01    9.997036E-01   -4.327178E-04 
    31   -4.689327E-01    9.997728E-01    9.996820E-01   -5.096818E-04 
    32   -4.679282E-01    9.997754E-01    9.996856E-01   -2.018904E-04 
    33   -4.669227E-01    9.998218E-01    9.997505E-01    2.307296E-04 
    34   -4.659204E-01    9.999346E-01    9.999084E-01    1.904909E-04 
    35   -4.649206E-01    1.000109E+00    1.000152E+00    2.128466E-05 
    36   -4.639217E-01    1.000322E+00    1.000451E+00   -7.015939E-05 
    37   -4.629221E-01    1.000548E+00    1.000767E+00    1.308177E-04 
    38   -4.619214E-01    1.000760E+00    1.001064E+00    6.593576E-04 
    39   -4.609204E-01    1.000952E+00    1.001333E+00    1.233824E-03 
    40   -4.599199E-01    1.001128E+00    1.001580E+00    1.655002E-03 
    41   -4.589201E-01    1.001295E+00    1.001813E+00    1.872189E-03 
    42   -4.579209E-01    1.001452E+00    1.002033E+00    1.962469E-03 
    43   -4.569219E-01    1.001591E+00    1.002228E+00    2.031083E-03 
    44   -4.559228E-01    1.001702E+00    1.002384E+00    2.115401E-03 
    45   -4.549236E-01    1.001778E+00    1.002490E+00    2.196084E-03 
    46   -4.539245E-01    1.001817E+00    1.002545E+00    2.247876E-03 
    47   -4.529254E-01    1.001827E+00    1.002559E+00    2.262850E-03 
    48   -4.519262E-01    1.001814E+00    1.002541E+00    2.250982E-03 
    49   -4.509271E-01    1.001786E+00    1.002501E+00    2.223238E-03 
    50   -4.499279E-01    1.001745E+00    1.002444E+00    2.181588E-03 
    51   -4.489287E-01    1.001694E+00    1.002373E+00    2.127592E-03 
    52   -4.479294E-01    1.001635E+00    1.002290E+00    2.062882E-03 
    53   -4.469300E-01    1.001567E+00    1.002195E+00    1.988157E-03 
    54   -4.459306E-01    1.001493E+00    1.002091E+00    1.904167E-03 
    55   -4.449310E-01    1.001414E+00    1.001981E+00    1.812201E-03 
    56   -4.439314E-01    1.001332E+00    1.001865E+00    1.713947E-03 
    57   -4.429317E-01    1.001247E+00    1.001746E+00    1.611216E-03 
    58   -4.419319E-01    1.001161E+00    1.001626E+00    1.505730E-03 
    59   -4.409320E-01    1.001075E+00    1.001505E+00    1.399031E-03 
    60   -4.399320E-01    1.000990E+00    1.001386E+00    1.292483E-03 
    61   -4.389320E-01    1.000907E+00    1.001270E+00    1.187301E-03 
    62   -4.379318E-01    1.000826E+00    1.001157E+00    1.084567E-03 
    63   -4.369316E-01    1.000749E+00    1.001049E+00    9.852302E-04 
    64   -4.359313E-01    1.000675E+00    1.000946E+00    8.900894E-04 
    65   -4.349309E-01    1.000606E+00    1.000848E+00    7.997869E-04 
    66   -4.339305E-01    1.000541E+00    1.000757E+00    7.148062E-04 
    67   -4.329300E-01    1.000480E+00    1.000672E+00    6.354801E-04 
    68   -4.319294E-01    1.000424E+00    1.000594E+00    5.620036E-04 
    69   -4.309288E-01    1.000373E+00    1.000522E+00    4.944497E-04 
    70   -4.299281E-01    1.000326E+00    1.000457E+00    4.327854E-04 
    71   -4.289274E-01    1.000284E+00    1.000398E+00    3.768871E-04 
    72   -4.279266E-01    1.000246E+00    1.000345E+00    3.265561E-04 
    73   -4.269258E-01    1.000212E+00    1.000297E+00    2.815340E-04 
    74   -4.259250E-01    1.000182E+00    1.000255E+00    2.415169E-04 
    75   -4.249242E-01    1.000156E+00    1.000218E+00    2.061691E-04 
    76   -4.239233E-01    1.000132E+00    1.000185E+00    1.751352E-04 
    77   -4.229224E-01    1.000112E+00    1.000157E+00    1.480504E-04 
    78   -4.219215E-01    1.000094E+00    1.000132E+00    1.245501E-04 
    79   -4.209206E-01    1.000079E+00    1.000111E+00    1.042767E-04 
    80   -4.199196E-01    1.000066E+00    1.000093E+00    8.688571E-05 
    81   -4.189187E-01    1.000055E+00    1.000077E+00    7.205016E-05 
    82   -4.179177E-01    1.000045E+00    1.000064E+00    5.946393E-05 
    83   -4.169168E-01    1.000037E+00    1.000052E+00    4.884381E-05 
    84   -4.159158E-01    1.000031E+00    1.000043E+00    3.993066E-05 
    85   -4.149148E-01    1.000025E+00    1.000035E+00    3.248979E-05 
    86   -4.139138E-01    1.000020E+00    1.000028E+00    2.631067E-05 
    87   -4.129129E-01    1.000016E+00    1.000023E+00    2.120612E-05 
    88   -4.119119E-01    1.000013E+00    1.000019E+00    1.701112E-05 
    89   -4.109109E-01    1.000011E+00    1.000015E+00    1.358138E-05 
    90   -4.099099E-01    1.000008E+00    1.000012E+00    1.079169E-05 
    91   -4.089089E-01    1.000007E+00    1.000009E+00    8.534214E-06 
    92   -4.079079E-01    1.000005E+00    1.000007E+00    6.716728E-06 
    93   -4.069069E-01    1.000004E+00    1.000006E+00    5.260931E-06 
    94   -4.059059E-01    1.000003E+00    1.000005E+00    4.100783E-06 
    95   -4.049049E-01    1.000003E+00    1.000004E+00    3.180950E-06 
    96   -4.039039E-01    1.000002E+00    1.000003E+00    2.455375E-06 
    97   -4.029029E-01    1.000002E+00    1.000002E+00    1.885958E-06 
    98   -4.019019E-01    1.000001E+00    1.000002E+00    1.441385E-06 
    99   -4.009009E-01    1.000001E+00    1.000001E+00    1.096075E-06 
   100   -3.998999E-01    1.000001E+00    1.000001E+00    8.292534E-07 
   101   -3.988989E-01    1.000001E+00    1.000001E+00    6.241576E-07 
   102   -3.978979E-01    1.000000E+00    1.000001E+00    4.673376E-07 
   103   -3.968969E-01    1.000000E+00    1.000000E+00    3.480671E-07 
   104   -3.958959E-01    1.000000E+00    1.000000E+00    2.578421E-07 
   105   -3.948949E-01    1.000000E+00    1.000000E+00    1.899600E-07 
   106   -3.938939E-01    1.000000E+00    1.000000E+00    1.391689E-07 
   107   -3.928929E-01    1.000000E+00    1.000000E+00    1.013780E-07 
   108   -3.918919E-01    1.000000E+00    1.000000E+00    7.341918E-08 
   109   -3.908909E-01    1.000000E+00    1.000000E+00    5.285399E-08 
   110   -3.898899E-01    1.000000E+00    1.000000E+00    3.781630E-08 
   111   -3.888889E-01    1.000000E+00    1.000000E+00    2.688664E-08 
   112   -3.878879E-01    1.000000E+00    1.000000E+00    1.899175E-08 
   113   -3.868869E-01    1.000000E+00    1.000000E+00    1.332504E-08 
   114   -3.858859E-01    1.000000E+00    1.000000E+00    9.284096E-09 
   115   -3.848849E-01    1.000000E+00    1.000000E+00    6.421745E-09 
   116   -3.838839E-01    1.000000E+00    1.000000E+00    4.408252E-09 
   117   -3.828829E-01    1.000000E+00    1.000000E+00    3.002053E-09 
   118   -3.818819E-01    1.000000E+00    1.000000E+00    2.027315E-09 
   119   -3.808809E-01    1.000000E+00    1.000000E+00    1.356978E-09 
   120   -3.798799E-01    1.000000E+00    1.000000E+00    8.997765E-10 
   121   -3.788789E-01    1.000000E+00    1.000000E+00    5.906494E-10 
   122   -3.778779E-01    1.000000E+00    1.000000E+00    3.835430E-10 
   123   -3.768769E-01    1.000000E+00    1.000000E+00    2.461078E-10 
   124   -3.758759E-01    1.000000E+00    1.000000E+00    1.558505E-10 
   125   -3.748749E-01    1.000000E+00    1.000000E+00    9.723585E-11 
   126   -3.738739E-01    1.000000E+00    1.000000E+00    5.966005E-11 
   127   -3.728729E-01    1.000000E+00    1.000000E+00    3.592596E-11 
   128   -3.718719E-01    1.000000E+00    1.000000E+00    2.117389E-11 
   129   -3.708709E-01    1.000000E+00    1.000000E+00    1.217924E-11 
   130   -3.698699E-01    1.000000E+00    1.000000E+00    6.786182E-12 
   131   -3.688689E-01    1.000000E+00    1.000000E+00    3.614235E-12 
   132   -3.678679E-01    1.000000E+00    1.000000E+00    1.797541E-12 
   133   -3.668669E-01    1.000000E+00    1.000000E+00    7.828023E-13 
   134   -3.658659E-01    1.000000E+00    1.000000E+00    2.628262E-13 
   135   -3.648649E-01    1.000000E+00    1.000000E+00    3.039381E-14 
   136   -3.638639E-01    1.000000E+00    1.000000E+00   -4.841147E-14 
   137   -3.628629E-01    1.000000E+00    1.000000E+00   -6.217659E-14 
   138   -3.618619E-01    1.000000E+00    1.000000E+00   -5.159797E-14 
   139   -3.608609E-01    1.000000E+00    1.000000E+00   -3.391719E-14 
   140   -3.598599E-01    1.000000E+00    1.000000E+00   -2.014709E-14 
   141   -3.588589E-01    1.000000E+00    1.000000E+00   -1.221578E-14 
   142   -3.578579E-01    1.000000E+00    1.000000E+00   -4.965795E-15 
   143   -3.568569E-01    1.000000E+00    1.000000E+00   -1.341058E-15 
   144   -3.558559E-01    1.000000E+00    1.000000E+00    9.498140E-17 
   145   -3.548549E-01    1.000000E+00    1.000000E+00    7.203242E-16 
   146   -3.538539E-01    1.000000E+00    1.000000E+00    9.802367E-16 
   147   -3.528529E-01    1.000000E+00    1.000000E+00    5.199955E-16 
   148   -3.518519E-01    1.000000E+00    1.000000E+00    3.128639E-16 
   149   -3.508509E-01    1.000000E+00    1.000000E+00    2.362384E-17 
   150   -3.498498E-01    1.000000E+00    1.000000E+00   -1.902916E-16 
   151   -3.488488E-01    1.000000E+00    1.000000E+00   -1.721948E-16 
   152   -3.478478E-01    1.000000E+00    1.000000E+00   -3.169499E-17 
   153   -3.468468E-01    1.000000E+00    1.000000E+00   -1.894283E-16 
   154   -3.458458E-01    1.000000E+00    1.000000E+00   -1.199648E-16 
   155   -3.448448E-01    1.000000E+00    1.000000E+00   -2.622447E-16 
   156   -3.438438E-01    1.000000E+00    1.000000E+00   -2.619964E-16 
   157   -3.428428E-01    1.000000E+00    1.000000E+00   -9.936635E-17 
   158   -3.418418E-01    1.000000E+00    1.000000E+00   -3.110083E-16 
   159   -3.408408E-01    1.000000E+00    1.000000E+00   -2.910457E-16 
   160   -3.398398E-01    1.000000E+00    1.000000E+00   -3.612648E-16 
   161   -3.388388E-01    1.000000E+00    1.000000E+00   -2.800040E-16 
   162   -3.378378E-01    1.000000E+00    1.000000E+00   -7.402024E-17 
   163   -3.368368E-01    1.000000E+00    1.000000E+00   -3.019792E-16 
   164   -3.358358E-01    1.000000E+00    1.000000E+00   -4.061613E-16 
   165   -3.348348E-01    1.000000E+00    1.000000E+00   -4.407773E-16 
   166   -3.338338E-01    1.000000E+00    1.000000E+00   -3.656833E-16 
   167   -3.328328E-01    1.000000E+00    1.000000E+00    3.948522E-17 
   168   -3.318318E-01    1.000000E+00    1.000000E+00   -4.199945E-17 
   169   -3.308308E-01    1.000000E+00    1.000000E+00   -9.469804E-17 
   170   -3.298298E-01    1.000000E+00    1.000000E+00   -1.892743E-16 
   171   -3.288288E-01    1.000000E+00    1.000000E+00   -2.583658E-16 
   172   -3.278278E-01    1.000000E+00    1.000000E+00   -1.032637E-16 
   173   -3.268268E-01    1.000000E+00    1.000000E+00   -4.687128E-16 
   174   -3.258258E-01    1.000000E+00    1.000000E+00   -7.081403E-16 
   175   -3.248248E-01    1.000000E+00    1.000000E+00   -9.167465E-16 
   176   -3.238238E-01    1.000000E+00    1.000000E+00   -5.475135E-16 
   177   -3.228228E-01    1.000000E+00    1.000000E+00    8.206953E-17 
   178   -3.218218E-01    1.000000E+00    1.000000E+00    5.804358E-16 
   179   -3.208208E-01    1.000000E+00    1.000000E+00    1.311709E-15 
   180   -3.198198E-01    1.000000E+00    1.000000E+00    5.318023E-16 
   181   -3.188188E-01    1.000000E+00    1.000000E+00   -7.595969E-18 
   182   -3.178178E-01    1.000000E+00    1.000000E+00   -5.131983E-16 
   183   -3.168168E-01    1.000000E+00    1.000000E+00   -7.530271E-16 
   184   -3.158158E-01    1.000000E+00    1.000000E+00   -1.595938E-15 
   185   -3.148148E-01    1.000000E+00    1.000000E+00   -1.130853E-15 
   186   -3.138138E-01    1.000000E+00    1.000000E+00    1.381798E-16 
   187   -3.128128E-01    1.000000E+00    1.000000E+00   -1.465112E-17 
   188   -3.118118E-01    1.000000E+00    1.000000E+00    7.482012E-16 
   189   -3.108108E-01    1.000000E+00    1.000000E+00    1.017359E-15 
   190   -3.098098E-01    1.000000E+00    1.000000E+00    5.172855E-16 
   191   -3.088088E-01    1.000000E+00    1.000000E+00    2.514118E-16 
   192   -3.078078E-01    1.000000E+00    1.000000E+00    1.107536E-16 
   193   -3.068068E-01    1.000000E+00    1.000000E+00   -1.751621E-17 
   194   -3.058058E-01    1.000000E+00    1.000000E+00   -2.430523E-16 
   195   -3.048048E-01    1.000000E+00    1.000000E+00   -6.732309E-16 
   196   -3.038038E-01    1.000000E+00    1.000000E+00   -5.461169E-16 
   197   -3.028028E-01    1.000000E+00    1.000000E+00    3.791098E-16 
   198   -3.018018E-01    1.000000E+00    1.000000E+00    3.368558E-16 
   199   -3.008008E-01    1.000000E+00    1.000000E+00    9.161324E-16 
   200   -2.997998E-01    1.000000E+00    1.000000E+00    1.682150E-15 
   201   -2.987988E-01    1.000000E+00    1.000000E+00    9.507105E-16 
   202   -2.977978E-01    1.000000E+00    1.000000E+00    5.400249E-16 
   203   -2.967968E-01    1.000000E+00    1.000000E+00    1.101794E-16 
   204   -2.957958E-01    1.000000E+00    1.000000E+00   -2.273563E-16 
   205   -2.947948E-01    1.000000E+00    1.000000E+00   -1.096122E-15 
   206   -2.937938E-01    1.000000E+00    1.000000E+00   -4.098291E-16 
   207   -2.927928E-01    1.000000E+00    1.000000E+00   -2.697841E-16 
   208   -2.917918E-01    1.000000E+00    1.000000E+00    6.723162E-16 
   209   -2.907908E-01    1.000000E+00    1.000000E+00    5.474915E-16 
   210   -2.897898E-01    1.000000E+00    1.000000E+00    8.121011E-16 
   211   -2.887888E-01    1.000000E+00    1.000000E+00    5.064646E-16 
   212   -2.877878E-01    1.000000E+00    1.000000E+00    1.844837E-16 
   213   -2.867868E-01    1.000000E+00    1.000000E+00    1.542196E-16 
   214   -2.857858E-01    1.000000E+00    1.000000E+00    9.794504E-17 
   215   -2.847848E-01    1.000000E+00    1.000000E+00    9.827502E-17 
   216   -2.837838E-01    1.000000E+00    1.000000E+00    6.864740E-17 
   217   -2.827828E-01    1.000000E+00    1.000000E+00   -2.731791E-17 
   218   -2.817818E-01    1.000000E+00    1.000000E+00   -6.143177E-17 
   219   -2.807808E-01    1.000000E+00    1.000000E+00   -1.091258E-16 
   220   -2.797798E-01    1.000000E+00    1.000000E+00   -1.539308E-16 
   221   -2.787788E-01    1.000000E+00    1.000000E+00   -3.350352E-17 
   222   -2.777778E-01    1.000000E+00    1.000000E+00   -1.308762E-16 
   223   -2.767768E-01    1.000000E+00    1.000000E+00   -2.009886E-16 
   224   -2.757758E-01    1.000000E+00    1.000000E+00   -2.261801E-16 
   225   -2.747748E-01    1.000000E+00    1.000000E+00   -2.439905E-16 
   226   -2.737738E-01    1.000000E+00    1.000000E+00   -7.402024E-17 
   227   -2.727728E-01    1.000000E+00    1.000000E+00   -1.939002E-16 
   228   -2.717718E-01    1.000000E+00    1.000000E+00   -1.359451E-16 
   229   -2.707708E-01    1.000000E+00    1.000000E+00   -2.932948E-16 
   230   -2.697698E-01    1.000000E+00    1.000000E+00   -2.564749E-16 
   231   -2.687688E-01    1.000000E+00    1.000000E+00    1.641677E-16 
   232   -2.677678E-01    1.000000E+00    1.000000E+00    8.651205E-18 
   233   -2.667668E-01    1.000000E+00    1.000000E+00    8.093369E-17 
   234   -2.657658E-01    1.000000E+00    1.000000E+00   -2.588555E-17 
   235   -2.647648E-01    1.000000E+00    1.000000E+00   -2.812418E-17 
   236   -2.637638E-01    1.000000E+00    1.000000E+00   -1.096091E-17 
   237   -2.627628E-01    1.000000E+00    1.000000E+00   -4.326944E-16 
   238   -2.617618E-01    1.000000E+00    1.000000E+00   -4.655440E-16 
   239   -2.607608E-01    1.000000E+00    1.000000E+00   -7.214038E-16 
   240   -2.597598E-01    1.000000E+00    1.000000E+00   -6.161974E-16 
   241   -2.587588E-01    1.000000E+00    1.000000E+00    7.420796E-17 
   242   -2.577578E-01    1.000000E+00    1.000000E+00    3.412348E-16 
   243   -2.567568E-01    1.000000E+00    1.000000E+00    1.291004E-15 
   244   -2.557558E-01    1.000000E+00    1.000000E+00    2.995904E-16 
   245   -2.547548E-01    1.000000E+00    1.000000E+00   -1.472235E-16 
   246   -2.537538E-01    1.000000E+00    1.000000E+00   -5.124821E-16 
   247   -2.527528E-01    1.000000E+00    1.000000E+00   -9.489312E-16 
   248   -2.517518E-01    1.000000E+00    1.000000E+00   -1.573416E-15 
   249   -2.507508E-01    1.000000E+00    1.000000E+00   -1.166879E-15 
   250   -2.497497E-01    1.000000E+00    1.000000E+00    4.058361E-16 
   251   -2.487487E-01    1.000000E+00    1.000000E+00    2.193473E-16 
   252   -2.477477E-01    1.000000E+00    1.000000E+00    7.524581E-16 
   253   -2.467467E-01    1.000000E+00    1.000000E+00    9.118105E-16 
   254   -2.457457E-01    1.000000E+00    1.000000E+00    5.800479E-16 
   255   -2.447447E-01    1.000000E+00    1.000000E+00    4.048003E-16 
   256   -2.437437E-01    1.000000E+00    1.000000E+00    2.716424E-16 
   257   -2.427427E-01    1.000000E+00    1.000000E+00    9.253345E-17 
   258   -2.417417E-01    1.000000E+00    1.000000E+00    1.079949E-16 
   259   -2.407407E-01    1.000000E+00    1.000000E+00    4.932676E-17 
   260   -2.397397E-01    1.000000E+00    1.000000E+00    2.001938E-16 
   261   -2.387387E-01    1.000000E+00    1.000000E+00    1.694562E-16 
   262   -2.377377E-01    1.000000E+00    1.000000E+00    1.193691E-16 
   263   -2.367367E-01    1.000000E+00    1.000000E+00    2.043787E-16 
   264   -2.357357E-01    1.000000E+00    1.000000E+00    3.756697E-17 
   265   -2.347347E-01    1.000000E+00    1.000000E+00    6.679155E-17 
   266   -2.337337E-01    1.000000E+00    1.000000E+00   -3.445182E-16 
   267   -2.327327E-01    1.000000E+00    1.000000E+00   -7.456222E-16 
   268   -2.317317E-01    1.000000E+00    1.000000E+00   -6.596153E-16 
   269   -2.307307E-01    1.000000E+00    1.000000E+00   -7.852878E-17 
   270   -2.297297E-01    1.000000E+00    1.000000E+00   -1.442687E-16 
   271   -2.287287E-01    1.000000E+00    1.000000E+00    5.686419E-16 
   272   -2.277277E-01    1.000000E+00    1.000000E+00    1.178509E-15 
   273   -2.267267E-01    1.000000E+00    1.000000E+00    4.875949E-16 
   274   -2.257257E-01    1.000000E+00    1.000000E+00    4.577960E-17 
   275   -2.247247E-01    1.000000E+00    1.000000E+00   -2.699154E-16 
   276   -2.237237E-01    1.000000E+00    1.000000E+00   -6.686665E-16 
   277   -2.227227E-01    1.000000E+00    1.000000E+00   -1.298327E-15 
   278   -2.217217E-01    1.000000E+00    1.000000E+00   -8.246812E-16 
   279   -2.207207E-01    1.000000E+00    1.000000E+00   -1.662229E-16 
   280   -2.197197E-01    1.000000E+00    1.000000E+00    2.575042E-16 
   281   -2.187187E-01    1.000000E+00    1.000000E+00    6.054380E-16 
   282   -2.177177E-01    1.000000E+00    1.000000E+00    7.587727E-16 
   283   -2.167167E-01    1.000000E+00    1.000000E+00    4.564372E-16 
   284   -2.157157E-01    1.000000E+00    1.000000E+00    7.874619E-17 
   285   -2.147147E-01    1.000000E+00    1.000000E+00    1.054784E-16 
   286   -2.137137E-01    1.000000E+00    1.000000E+00   -3.742441E-17 
   287   -2.127127E-01    1.000000E+00    1.000000E+00    3.278481E-18 
   288   -2.117117E-01    1.000000E+00    1.000000E+00   -6.242992E-17 
   289   -2.107107E-01    1.000000E+00    1.000000E+00    1.120563E-17 
   290   -2.097097E-01    1.000000E+00    1.000000E+00    3.321215E-17 
   291   -2.087087E-01    1.000000E+00    1.000000E+00   -7.951700E-17 
   292   -2.077077E-01    1.000000E+00    1.000000E+00   -1.883916E-16 
   293   -2.067067E-01    1.000000E+00    1.000000E+00   -3.832819E-16 
   294   -2.057057E-01    1.000000E+00    1.000000E+00   -8.956656E-16 
   295   -2.047047E-01    1.000000E+00    1.000000E+00   -8.980182E-16 
   296   -2.037037E-01    1.000000E+00    1.000000E+00   -1.697350E-16 
   297   -2.027027E-01    1.000000E+00    1.000000E+00    3.364529E-16 
   298   -2.017017E-01    1.000000E+00    1.000000E+00    9.103114E-16 
   299   -2.007007E-01    1.000000E+00    1.000000E+00    1.345673E-15 
   300   -1.996997E-01    1.000000E+00    1.000000E+00    8.245061E-16 
   301   -1.986987E-01    1.000000E+00    1.000000E+00    3.598921E-16 
   302   -1.976977E-01    1.000000E+00    1.000000E+00   -1.094889E-16 
   303   -1.966967E-01    1.000000E+00    1.000000E+00   -2.723628E-16 
   304   -1.956957E-01    1.000000E+00    1.000000E+00   -1.046145E-15 
   305   -1.946947E-01    1.000000E+00    1.000000E+00   -5.004225E-16 
   306   -1.936937E-01    1.000000E+00    1.000000E+00    4.994201E-17 
   307   -1.926927E-01    1.000000E+00    1.000000E+00    2.256963E-16 
   308   -1.916917E-01    1.000000E+00    1.000000E+00    5.232481E-16 
   309   -1.906907E-01    1.000000E+00    1.000000E+00    6.191671E-16 
   310   -1.896897E-01    1.000000E+00    1.000000E+00    2.605138E-16 
   311   -1.886887E-01    1.000000E+00    1.000000E+00   -5.891668E-17 
   312   -1.876877E-01    1.000000E+00    1.000000E+00    2.201462E-17 
   313   -1.866867E-01    1.000000E+00    1.000000E+00   -7.106939E-17 
   314   -1.856857E-01    1.000000E+00    1.000000E+00   -1.464936E-16 
   315   -1.846847E-01    1.000000E+00    1.000000E+00   -3.014199E-16 
   316   -1.836837E-01    1.000000E+00    1.000000E+00   -3.694985E-16 
   317   -1.826827E-01    1.000000E+00    1.000000E+00   -2.571907E-16 
   318   -1.816817E-01    1.000000E+00    1.000000E+00   -2.692740E-16 
   319   -1.806807E-01    1.000000E+00    1.000000E+00   -2.662504E-16 
   320   -1.796797E-01    1.000000E+00    1.000000E+00   -3.655767E-16 
   321   -1.786787E-01    1.000000E+00    1.000000E+00   -4.121480E-16 
   322   -1.776777E-01    1.000000E+00    1.000000E+00   -3.870555E-16 
   323   -1.766767E-01    1.000000E+00    1.000000E+00   -5.455081E-16 
   324   -1.756757E-01    1.000000E+00    1.000000E+00    1.635844E-16 
   325   -1.746747E-01    1.000000E+00    1.000000E+00    6.325738E-18 
   326   -1.736737E-01    1.000000E+00    1.000000E+00   -3.369813E-17 
   327   -1.726727E-01    1.000000E+00    1.000000E+00    3.958596E-18 
   328   -1.716717E-01    1.000000E+00    1.000000E+00   -1.785867E-16 
   329   -1.706707E-01    1.000000E+00    1.000000E+00   -1.223605E-16 
   330   -1.696697E-01    1.000000E+00    1.000000E+00   -3.332486E-16 
   331   -1.686687E-01    1.000000E+00    1.000000E+00   -9.226381E-16 
   332   -1.676677E-01    1.000000E+00    1.000000E+00   -5.590401E-16 
   333   -1.666667E-01    1.000000E+00    1.000000E+00   -8.246950E-16 
   334   -1.656657E-01    1.000000E+00    1.000000E+00    2.320787E-16 
   335   -1.646647E-01    1.000000E+00    1.000000E+00    8.016799E-16 
   336   -1.636637E-01    1.000000E+00    1.000000E+00    1.137437E-15 
   337   -1.626627E-01    1.000000E+00    1.000000E+00    5.278633E-16 
   338   -1.616617E-01    1.000000E+00    1.000000E+00    5.931228E-17 
   339   -1.606607E-01    1.000000E+00    1.000000E+00   -1.708073E-16 
   340   -1.596597E-01    1.000000E+00    1.000000E+00   -5.245308E-16 
   341   -1.586587E-01    1.000000E+00    1.000000E+00   -1.334346E-15 
   342   -1.576577E-01    1.000000E+00    1.000000E+00   -8.263566E-16 
   343   -1.566567E-01    1.000000E+00    1.000000E+00   -1.666470E-16 
   344   -1.556557E-01    1.000000E+00    1.000000E+00    1.549157E-16 
   345   -1.546547E-01    1.000000E+00    1.000000E+00    5.064957E-16 
   346   -1.536537E-01    1.000000E+00    1.000000E+00    6.076149E-16 
   347   -1.526527E-01    1.000000E+00    1.000000E+00    1.442696E-16 
   348   -1.516517E-01    1.000000E+00    1.000000E+00   -1.821906E-16 
   349   -1.506507E-01    1.000000E+00    1.000000E+00   -3.443354E-16 
   350   -1.496496E-01    1.000000E+00    1.000000E+00   -6.547217E-16 
   351   -1.486486E-01    1.000000E+00    1.000000E+00   -8.905784E-16 
   352   -1.476476E-01    1.000000E+00    1.000000E+00   -1.428618E-15 
   353   -1.466466E-01    1.000000E+00    1.000000E+00   -1.715283E-15 
   354   -1.456456E-01    1.000000E+00    1.000000E+00   -1.779549E-15 
   355   -1.446446E-01    1.000000E+00    1.000000E+00   -1.196443E-15 
   356   -1.436436E-01    1.000000E+00    1.000000E+00    5.299798E-16 
   357   -1.426426E-01    1.000000E+00    1.000000E+00    4.281955E-15 
   358   -1.416416E-01    1.000000E+00    1.000000E+00    1.181783E-14 
   359   -1.406406E-01    1.000000E+00    1.000000E+00    2.704712E-14 
   360   -1.396396E-01    1.000000E+00    1.000000E+00    5.365781E-14 
   361   -1.386386E-01    1.000000E+00    1.000000E+00    9.635594E-14 
   362   -1.376376E-01    1.000000E+00    1.000000E+00    1.511466E-13 
   363   -1.366366E-01    1.000000E+00    1.000000E+00    1.954172E-13 
   364   -1.356356E-01    1.000000E+00    1.000000E+00    1.667272E-13 
   365   -1.346346E-01    1.000000E+00    1.000000E+00   -6.687138E-14 
   366   -1.336336E-01    1.000000E+00    1.000000E+00   -7.740811E-13 
   367   -1.326326E-01    1.000000E+00    1.000000E+00   -2.401607E-12 
   368   -1.316316E-01    1.000000E+00    1.000000E+00   -5.643615E-12 
   369   -1.306306E-01    1.000000E+00    1.000000E+00   -1.148346E-11 
   370   -1.296296E-01    1.000000E+00    1.000000E+00   -2.168187E-11 
   371   -1.286286E-01    1.000000E+00    1.000000E+00   -3.905049E-11 
   372   -1.276276E-01    1.000000E+00    1.000000E+00   -6.800547E-11 
   373   -1.266266E-01    1.000000E+00    1.000000E+00   -1.154708E-10 
   374   -1.256256E-01    1.000000E+00    1.000000E+00   -1.917883E-10 
   375   -1.246246E-01    1.000000E+00    1.000000E+00   -3.125014E-10 
   376   -1.236236E-01    1.000000E+00    1.000000E+00   -5.005445E-10 
   377   -1.226226E-01    1.000000E+00    1.000000E+00   -7.895241E-10 
   378   -1.216216E-01    1.000000E+00    1.000000E+00   -1.228553E-09 
   379   -1.206206E-01    1.000000E+00    1.000000E+00   -1.888366E-09 
   380   -1.196196E-01    1.000000E+00    1.000000E+00   -2.870206E-09 
   381   -1.186186E-01    1.000000E+00    1.000000E+00   -4.317504E-09 
   382   -1.176176E-01    1.000000E+00    1.000000E+00   -6.431687E-09 
   383   -1.166166E-01    1.000000E+00    1.000000E+00   -9.493562E-09 
   384   -1.156156E-01    1.000000E+00    1.000000E+00   -1.389147E-08 
   385   -1.146146E-01    1.000000E+00    1.000000E+00   -2.015889E-08 
   386   -1.136136E-01    1.000000E+00    1.000000E+00   -2.902325E-08 
   387   -1.126126E-01    1.000000E+00    1.000000E+00   -4.146934E-08 
   388   -1.116116E-01    1.000000E+00    1.000000E+00   -5.882126E-08 
   389   -1.106106E-01    1.000000E+00    1.000000E+00   -8.284624E-08 
   390   -1.096096E-01    1.000000E+00    1.000000E+00   -1.158872E-07 
   391   -1.086086E-01    1.000000E+00    1.000000E+00   -1.610290E-07 
   392   -1.076076E-01    1.000000E+00    1.000000E+00   -2.223058E-07 
   393   -1.066066E-01    1.000000E+00    1.000000E+00   -3.049586E-07 
   394   -1.056056E-01    1.000000E+00    1.000001E+00   -4.157495E-07 
   395   -1.046046E-01    1.000000E+00    1.000001E+00   -5.633448E-07 
   396   -1.036036E-01    1.000001E+00    1.000001E+00   -7.587761E-07 
   397   -1.026026E-01    1.000001E+00    1.000001E+00   -1.015989E-06 
   398   -1.016016E-01    1.000001E+00    1.000002E+00   -1.352490E-06 
   399   -1.006006E-01    1.000001E+00    1.000002E+00   -1.790106E-06 
   400   -9.959960E-02    1.000002E+00    1.000003E+00   -2.355856E-06 
   401   -9.859861E-02    1.000002E+00    1.000003E+00   -3.082940E-06 
   402   -9.759761E-02    1.000003E+00    1.000005E+00   -4.011860E-06 
   403   -9.659661E-02    1.000004E+00    1.000006E+00   -5.191644E-06 
   404   -9.559561E-02    1.000005E+00    1.000007E+00   -6.681182E-06 
   405   -9.459461E-02    1.000007E+00    1.000009E+00   -8.550633E-06 
   406   -9.359362E-02    1.000009E+00    1.000012E+00   -1.088288E-05 
   407   -9.259263E-02    1.000011E+00    1.000015E+00   -1.377499E-05 
   408   -9.159164E-02    1.000013E+00    1.000019E+00   -1.733955E-05 
   409   -9.059065E-02    1.000017E+00    1.000024E+00   -2.170592E-05 
   410   -8.958966E-02    1.000021E+00    1.000029E+00   -2.702114E-05 
   411   -8.858868E-02    1.000026E+00    1.000036E+00   -3.345045E-05 
   412   -8.758770E-02    1.000031E+00    1.000044E+00   -4.117726E-05 
   413   -8.658673E-02    1.000038E+00    1.000054E+00   -5.040235E-05 
   414   -8.558577E-02    1.000047E+00    1.000065E+00   -6.134211E-05 
   415   -8.458481E-02    1.000056E+00    1.000079E+00   -7.422565E-05 
   416   -8.358387E-02    1.000067E+00    1.000094E+00   -8.929043E-05 
   417   -8.258293E-02    1.000080E+00    1.000113E+00   -1.067764E-04 
   418   -8.158201E-02    1.000095E+00    1.000133E+00   -1.269182E-04 
   419   -8.058110E-02    1.000112E+00    1.000157E+00   -1.499351E-04 
   420   -7.958021E-02    1.000132E+00    1.000184E+00   -1.760191E-04 
   421   -7.857934E-02    1.000154E+00    1.000215E+00   -2.053204E-04 
   422   -7.757850E-02    1.000178E+00    1.000249E+00   -2.379307E-04 
   423   -7.657768E-02    1.000204E+00    1.000286E+00   -2.738653E-04 
   424   -7.557688E-02    1.000234E+00    1.000327E+00   -3.130418E-04 
   425   -7.457612E-02    1.000265E+00    1.000371E+00   -3.552572E-04 
   426   -7.357539E-02    1.000299E+00    1.000418E+00   -4.001642E-04 
   427   -7.257470E-02    1.000334E+00    1.000468E+00   -4.472443E-04 
   428   -7.157405E-02    1.000371E+00    1.000519E+00   -4.957920E-04 
   429   -7.057343E-02    1.000408E+00    1.000571E+00   -5.448842E-04 
   430   -6.957286E-02    1.000444E+00    1.000622E+00   -5.933314E-04 
   431   -6.857233E-02    1.000478E+00    1.000669E+00   -6.395472E-04 
   432   -6.757184E-02    1.000508E+00    1.000711E+00   -6.814523E-04 
   433   -6.657138E-02    1.000529E+00    1.000741E+00   -7.169604E-04 
   434   -6.557096E-02    1.000537E+00    1.000752E+00   -7.438196E-04 
   435   -6.457056E-02    1.000523E+00    1.000733E+00   -7.593037E-04 
   436   -6.357019E-02    1.000476E+00    1.000667E+00   -7.591988E-04 
   437   -6.256981E-02    1.000380E+00    1.000532E+00   -7.314716E-04 
   438   -6.156939E-02    1.000212E+00    1.000296E+00   -6.540312E-04 
   439   -6.056888E-02    9.999431E-01    9.999197E-01   -4.910648E-04 
   440   -5.956820E-02    9.995375E-01    9.993512E-01   -1.983638E-04 
   441   -5.856723E-02    9.989524E-01    9.985312E-01    2.661066E-04 
   442   -5.756582E-02    9.981387E-01    9.973910E-01    9.578909E-04 
   443   -5.656374E-02    9.970416E-01    9.958536E-01    1.951509E-03 
   444   -5.556064E-02    9.955998E-01    9.938336E-01    3.345245E-03 
   445   -5.455611E-02    9.937454E-01    9.912365E-01    5.251850E-03 
   446   -5.354972E-02    9.914044E-01    9.879594E-01    7.782519E-03 
   447   -5.254099E-02    9.884990E-01    9.838954E-01    1.103038E-02 
   448   -5.152941E-02    9.849538E-01    9.789413E-01    1.506174E-02 
   449   -5.051434E-02    9.807019E-01    9.730075E-01    1.993439E-02 
   450   -4.949483E-02    9.756911E-01    9.660261E-01    2.572642E-02 
   451   -4.846964E-02    9.698846E-01    9.579527E-01    3.256118E-02 
   452   -4.743746E-02    9.632571E-01    9.487597E-01    4.059246E-02 
   453   -4.639715E-02    9.557861E-01    9.384256E-01    4.995861E-02 
   454   -4.534795E-02    9.474452E-01    9.269241E-01    6.070311E-02 
   455   -4.428935E-02    9.382026E-01    9.142233E-01    7.273080E-02 
   456   -4.322058E-02    9.280289E-01    9.002971E-01    8.588643E-02 
   457   -4.214018E-02    9.169103E-01    8.851451E-01    1.000439E-01 
   458   -4.104576E-02    9.048643E-01    8.688127E-01    1.151771E-01 
   459   -3.993470E-02    8.919527E-01    8.514061E-01    1.314350E-01 
   460   -3.880489E-02    8.782756E-01    8.330811E-01    1.490918E-01 
   461   -3.765553E-02    8.639494E-01    8.140100E-01    1.683810E-01 
   462   -3.648662E-02    8.490672E-01    7.943299E-01    1.893370E-01 
   463   -3.529801E-02    8.336784E-01    7.741189E-01    2.118284E-01 
   464   -3.408798E-02    8.177832E-01    7.533967E-01    2.355806E-01 
   465   -3.285361E-02    8.013782E-01    7.321831E-01    2.599651E-01 
   466   -3.159184E-02    7.845204E-01    7.105753E-01    2.842493E-01 
   467   -3.030036E-02    7.673644E-01    6.887872E-01    3.081925E-01 
   468   -2.897820E-02    7.501435E-01    6.671189E-01    3.320235E-01 
   469   -2.762470E-02    7.330880E-01    6.458504E-01    3.563988E-01 
   470   -2.623923E-02    7.163352E-01    6.251407E-01    3.822671E-01 
   471   -2.482162E-02    6.998662E-01    6.049593E-01    4.097520E-01 
   472   -2.337249E-02    6.834840E-01    5.850701E-01    4.382499E-01 
   473   -2.189092E-02    6.668681E-01    5.651002E-01    4.670032E-01 
   474   -2.037387E-02    6.497431E-01    5.447382E-01    4.954420E-01 
   475   -1.881394E-02    6.320638E-01    5.239505E-01    5.234291E-01 
   476   -1.720418E-02    6.141948E-01    5.031782E-01    5.514765E-01 
   477   -1.554255E-02    5.968689E-01    4.832738E-01    5.796488E-01 
   478   -1.383202E-02    5.809710E-01    4.652221E-01    6.084802E-01 
   479   -1.207584E-02    5.672014E-01    4.497509E-01    6.383673E-01 
   480   -1.027886E-02    5.558428E-01    4.370927E-01    6.677262E-01 
   481   -8.451440E-03    5.467752E-01    4.270390E-01    6.918561E-01 
   482   -6.604850E-03    5.397897E-01    4.193093E-01    7.054189E-01 
   483   -4.735039E-03    5.349929E-01    4.139813E-01    7.078294E-01 
   484   -2.837695E-03    5.328464E-01    4.115271E-01    7.028063E-01 
   485   -9.439296E-04    5.335314E-01    4.121341E-01    6.949354E-01 
   486    9.257588E-04    5.364571E-01    4.151819E-01    6.874322E-01 
   487    2.794107E-03    5.404833E-01    4.194065E-01    6.828177E-01 
   488    4.645502E-03    5.441163E-01    4.230913E-01    6.825465E-01 
   489    6.452335E-03    5.463226E-01    4.250144E-01    6.830355E-01 
   490    8.267337E-03    5.472597E-01    4.252847E-01    6.812613E-01 
   491    1.013340E-02    5.473469E-01    4.243881E-01    6.780866E-01 
   492    1.195096E-02    5.465677E-01    4.225877E-01    6.758360E-01 
   493    1.374047E-02    5.450259E-01    4.203573E-01    6.753731E-01 
   494    1.560291E-02    5.425249E-01    4.187291E-01    6.725186E-01 
   495    1.750199E-02    5.378448E-01    4.196559E-01    6.740618E-01 
   496    1.930132E-02    5.299876E-01    4.234017E-01    6.790681E-01 
   497    2.108723E-02    5.196110E-01    4.280154E-01    6.756513E-01 
   498    2.326689E-02    5.066719E-01    4.321152E-01    6.764727E-01 
   499    2.541922E-02    4.939126E-01    4.460613E-01    6.762096E-01 
   500    2.533460E-02    4.944290E-01    3.431680E-01    6.618818E-01 
   501    2.666325E-02    4.856895E-01    3.661113E-01    6.687674E-01 
   502    2.758496E-02    4.800198E-01    3.900430E-01    6.698988E-01 
   503    2.820521E-02    4.763860E-01    4.119257E-01    6.665726E-01 
   504    2.863835E-02    4.741312E-01    4.285022E-01    6.604896E-01 
   505    2.918410E-02    4.715085E-01    4.375480E-01    6.628927E-01 
   506    2.977370E-02    4.687456E-01    4.408541E-01    6.683448E-01 
   507    3.021636E-02    4.668000E-01    4.411069E-01    6.672853E-01 
   508    3.053128E-02    4.655927E-01    4.399986E-01    6.612500E-01 
   509    3.098087E-02    4.641500E-01    4.381802E-01    6.597722E-01 
   510    3.159093E-02    4.624241E-01    4.362336E-01    6.648833E-01 
   511    3.223478E-02    4.608213E-01    4.344399E-01    6.707305E-01 
   512    3.288007E-02    4.594152E-01    4.327883E-01    6.762296E-01 
   513    3.351446E-02    4.581849E-01    4.312585E-01    6.811331E-01 
   514    3.405257E-02    4.572293E-01    4.299120E-01    6.825001E-01 
   515    3.454544E-02    4.564274E-01    4.286755E-01    6.824489E-01 
   516    3.504412E-02    4.556696E-01    4.274801E-01    6.816428E-01 
   517    3.558508E-02    4.548784E-01    4.262881E-01    6.808450E-01 
   518    3.611031E-02    4.541097E-01    4.251152E-01    6.790439E-01 
   519    3.664281E-02    4.533348E-01    4.239329E-01    6.768577E-01 
   520    3.719281E-02    4.525252E-01    4.227068E-01    6.744423E-01 
   521    3.776392E-02    4.516806E-01    4.214523E-01    6.716191E-01 
   522    3.834541E-02    4.508284E-01    4.201957E-01    6.683254E-01 
   523    3.891941E-02    4.500297E-01    4.190214E-01    6.642387E-01 
   524    3.948129E-02    4.493493E-01    4.180041E-01    6.594146E-01 
   525    4.003980E-02    4.488191E-01    4.171885E-01    6.544630E-01 
   526    4.059869E-02    4.484500E-01    4.165815E-01    6.499710E-01 
   527    4.115185E-02    4.482614E-01    4.162113E-01    6.456369E-01 
   528    4.170220E-02    4.482801E-01    4.161079E-01    6.420126E-01 
   529    4.225646E-02    4.485239E-01    4.163038E-01    6.401888E-01 
   530    4.281711E-02    4.489981E-01    4.168086E-01    6.410811E-01 
   531    4.338355E-02    4.496890E-01    4.176078E-01    6.449918E-01 
   532    4.395300E-02    4.505590E-01    4.186515E-01    6.512466E-01 
   533    4.452048E-02    4.515425E-01    4.198508E-01    6.583938E-01 
   534    4.508236E-02    4.525584E-01    4.210973E-01    6.652096E-01 
   535    4.563724E-02    4.535211E-01    4.222768E-01    6.710273E-01 
   536    4.618595E-02    4.543442E-01    4.232744E-01    6.757505E-01 
   537    4.672944E-02    4.549381E-01    4.239728E-01    6.793678E-01 
   538    4.726916E-02    4.552126E-01    4.242511E-01    6.820583E-01 
   539    4.780672E-02    4.550765E-01    4.239918E-01    6.839394E-01 
   540    4.834342E-02    4.544398E-01    4.230724E-01    6.849256E-01 
   541    4.888059E-02    4.532171E-01    4.213849E-01    6.849705E-01 
   542    4.941914E-02    4.513307E-01    4.188183E-01    6.840115E-01 
   543    4.996017E-02    4.487129E-01    4.152924E-01    6.816489E-01 
   544    5.050427E-02    4.453151E-01    4.107353E-01    6.775618E-01 
   545    5.105299E-02    4.410961E-01    4.051077E-01    6.714556E-01 
   546    5.160714E-02    4.360331E-01    3.983797E-01    6.629553E-01 
   547    5.216881E-02    4.301113E-01    3.905579E-01    6.516704E-01 
   548    5.273932E-02    4.233356E-01    3.816546E-01    6.369930E-01 
   549    5.332133E-02    4.157091E-01    3.717124E-01    6.187641E-01 
   550    5.391678E-02    4.072624E-01    3.607856E-01    5.974204E-01 
   551    5.452850E-02    3.980298E-01    3.489619E-01    5.724956E-01 
   552    5.515831E-02    3.880878E-01    3.363674E-01    5.434082E-01 
   553    5.580917E-02    3.775194E-01    3.231432E-01    5.102470E-01 
   554    5.648323E-02    3.664435E-01    3.094711E-01    4.737306E-01 
   555    5.718284E-02    3.550105E-01    2.955709E-01    4.342423E-01 
   556    5.790951E-02    3.434160E-01    2.817031E-01    3.916364E-01 
   557    5.866466E-02    3.318746E-01    2.681336E-01    3.466782E-01 
   558    5.944946E-02    3.206110E-01    2.551297E-01    3.009280E-01 
   559    6.026390E-02    3.098625E-01    2.429471E-01    2.556404E-01 
   560    6.110741E-02    2.998472E-01    2.318044E-01    2.119589E-01 
   561    6.197832E-02    2.907471E-01    2.218581E-01    1.712592E-01 
   562    6.287463E-02    2.826895E-01    2.132016E-01    1.350852E-01 
   563    6.379330E-02    2.757448E-01    2.058535E-01    1.040861E-01 
   564    6.473104E-02    2.699140E-01    1.997666E-01    7.852390E-02 
   565    6.568443E-02    2.651410E-01    1.948390E-01    5.803804E-02 
   566    6.665029E-02    2.613265E-01    1.909360E-01    4.215677E-02 
   567    6.762585E-02    2.583457E-01    1.879071E-01    3.019465E-02 
   568    6.860866E-02    2.560648E-01    1.856000E-01    2.131382E-02 
   569    6.959686E-02    2.543509E-01    1.838722E-01    1.484950E-02 
   570    7.058896E-02    2.530845E-01    1.825982E-01    1.022739E-02 
   571    7.158385E-02    2.521630E-01    1.816723E-01    6.971359E-03 
   572    7.258069E-02    2.515015E-01    1.810080E-01    4.706794E-03 
   573    7.357890E-02    2.510324E-01    1.805370E-01    3.149317E-03 
   574    7.457804E-02    2.507034E-01    1.802066E-01    2.088856E-03 
   575    7.557780E-02    2.504751E-01    1.799773E-01    1.373456E-03 
   576    7.657800E-02    2.503181E-01    1.798196E-01    8.951830E-04 
   577    7.757848E-02    2.502112E-01    1.797122E-01    5.782358E-04 
   578    7.857914E-02    2.501390E-01    1.796397E-01    3.700114E-04 
   579    7.957993E-02    2.500908E-01    1.795912E-01    2.344133E-04 
   580    8.058079E-02    2.500587E-01    1.795590E-01    1.469097E-04 
   581    8.158171E-02    2.500377E-01    1.795379E-01    9.098312E-05 
   582    8.258266E-02    2.500239E-01    1.795241E-01    5.560527E-05 
   583    8.358363E-02    2.500151E-01    1.795151E-01    3.347473E-05 
   584    8.458461E-02    2.500094E-01    1.795094E-01    1.980255E-05 
   585    8.558560E-02    2.500058E-01    1.795058E-01    1.147193E-05 
   586    8.658659E-02    2.500035E-01    1.795035E-01    6.476278E-06 
   587    8.758759E-02    2.500021E-01    1.795021E-01    3.538554E-06 
   588    8.858859E-02    2.500012E-01    1.795012E-01    1.850521E-06 
   589    8.958959E-02    2.500007E-01    1.795007E-01    9.079522E-07 
   590    9.059059E-02    2.500004E-01    1.795004E-01    3.996757E-07 
   591    9.159159E-02    2.500002E-01    1.795002E-01    1.348302E-07 
   592    9.259259E-02    2.500001E-01    1.795001E-01    1.165639E-08 
   593    9.359359E-02    2.500001E-01    1.795001E-01   -3.431630E-08 
   594    9.459459E-02    2.500000E-01    1.795000E-01   -4.276657E-08 
   595    9.559560E-02    2.500000E-01    1.795000E-01   -3.617528E-08 
   596    9.659660E-02    2.500000E-01    1.795000E-01   -2.597188E-08 
   597    9.759760E-02    2.500000E-01    1.795000E-01   -1.679197E-08 
   598    9.859860E-02    2.500000E-01    1.795000E-01   -9.944162E-09 
   599    9.959960E-02    2.500000E-01    1.795000E-01   -5.402705E-09 
   600    1.006006E-01    2.500000E-01    1.795000E-01   -2.647373E-09 
   601    1.016016E-01    2.500000E-01    1.795000E-01   -1.100984E-09 
   602    1.026026E-01    2.500000E-01    1.795000E-01   -3.180379E-10 
   603    1.036036E-01    2.500000E-01    1.795000E-01    3.849052E-11 
   604    1.046046E-01    2.500000E-01    1.795000E-01    1.752562E-10 
   605    1.056056E-01    2.500000E-01    1.795000E-01    2.057151E-10 
   606    1.066066E-01    2.500000E-01    1.795000E-01    1.900204E-10 
   607    1.076076E-01    2.500000E-01    1.795000E-01    1.569243E-10 
   608    1.086086E-01    2.500000E-01    1.795000E-01    1.211380E-10 
   609    1.096096E-01    2.500000E-01    1.795000E-01    8.921127E-11 
   610    1.106106E-01    2.500000E-01    1.795000E-01    6.331176E-11 
   611    1.116116E-01    2.500000E-01    1.795000E-01    4.356098E-11 
   612    1.126126E-01    2.500000E-01    1.795000E-01    2.918796E-11 
   613    1.136136E-01    2.500000E-01    1.795000E-01    1.909057E-11 
   614    1.146146E-01    2.500000E-01    1.795000E-01    1.219552E-11 
   615    1.156156E-01    2.500000E-01    1.795000E-01    7.608225E-12 
   616    1.166166E-01    2.500000E-01    1.795000E-01    4.629167E-12 
   617    1.176176E-01    2.500000E-01    1.795000E-01    2.739758E-12 
   618    1.186186E-01    2.500000E-01    1.795000E-01    1.571750E-12 
   619    1.196196E-01    2.500000E-01    1.795000E-01    8.684531E-13 
   620    1.206206E-01    2.500000E-01    1.795000E-01    4.575037E-13 
   621    1.216216E-01    2.500000E-01    1.795000E-01    2.252781E-13 
   622    1.226226E-01    2.500000E-01    1.795000E-01    9.887797E-14 
   623    1.236236E-01    2.500000E-01    1.795000E-01    3.350673E-14 
   624    1.246246E-01    2.500000E-01    1.795000E-01    2.946395E-15 
   625    1.256256E-01    2.500000E-01    1.795000E-01   -7.892356E-15 
   626    1.266266E-01    2.500000E-01    1.795000E-01   -1.038667E-14 
   627    1.276276E-01    2.500000E-01    1.795000E-01   -8.766797E-15 
   628    1.286286E-01    2.500000E-01    1.795000E-01   -5.791275E-15 
   629    1.296296E-01    2.500000E-01    1.795000E-01   -3.862410E-15 
   630    1.306306E-01    2.500000E-01    1.795000E-01   -1.789232E-15 
   631    1.316316E-01    2.500000E-01    1.795000E-01   -1.036997E-15 
   632    1.326326E-01    2.500000E-01    1.795000E-01   -5.493802E-16 
   633    1.336336E-01    2.500000E-01    1.795000E-01   -3.276582E-17 
   634    1.346346E-01    2.500000E-01    1.795000E-01   -3.728001E-16 
   635    1.356356E-01    2.500000E-01    1.795000E-01    1.109443E-16 
   636    1.366366E-01    2.500000E-01    1.795000E-01   -2.982300E-16 
   637    1.376376E-01    2.500000E-01    1.795000E-01   -3.692046E-16 
   638    1.386386E-01    2.500000E-01    1.795000E-01    7.532470E-17 
   639    1.396396E-01    2.500000E-01    1.795000E-01   -4.448538E-16 
   640    1.406406E-01    2.500000E-01    1.795000E-01    1.109443E-16 
   641    1.416416E-01    2.500000E-01    1.795000E-01   -4.063206E-16 
   642    1.426426E-01    2.500000E-01    1.795000E-01   -4.412631E-16 
   643    1.436436E-01    2.500000E-01    1.795000E-01    7.532470E-17 
   644    1.446446E-01    2.500000E-01    1.795000E-01   -4.448538E-16 
   645    1.456456E-01    2.500000E-01    1.795000E-01    1.109443E-16 
   646    1.466466E-01    2.500000E-01    1.795000E-01   -4.063206E-16 
   647    1.476476E-01    2.500000E-01    1.795000E-01   -4.412631E-16 
   648    1.486486E-01    2.500000E-01    1.795000E-01    8.123586E-17 
   649    1.496496E-01    2.500000E-01    1.795000E-01   -4.003789E-16 
   650    1.506507E-01    2.500000E-01    1.795000E-01    1.952433E-16 
   651    1.516517E-01    2.500000E-01    1.795000E-01   -3.151216E-16 
   652    1.526527E-01    2.500000E-01    1.795000E-01   -4.153684E-16 
   653    1.536537E-01    2.500000E-01    1.795000E-01    3.682028E-16 
   654    1.546547E-01    2.500000E-01    1.795000E-01   -6.654500E-17 
   655    1.556557E-01    2.500000E-01    1.795000E-01    5.131653E-16 
   656    1.566567E-01    2.500000E-01    1.795000E-01   -2.788663E-17 
   657    1.576577E-01    2.500000E-01    1.795000E-01    1.460367E-16 
   658    1.586587E-01    2.500000E-01    1.795000E-01    4.931452E-16 
   659    1.596597E-01    2.500000E-01    1.795000E-01    2.669525E-16 
   660    1.606607E-01    2.500000E-01    1.795000E-01    1.164650E-15 
   661    1.616617E-01    2.500000E-01    1.795000E-01    1.091261E-15 
   662    1.626627E-01    2.500000E-01    1.795000E-01    1.267499E-15 
   663    1.636637E-01    2.500000E-01    1.795000E-01    1.360923E-15 
   664    1.646647E-01    2.500000E-01    1.795000E-01    1.105563E-15 
   665    1.656657E-01    2.500000E-01    1.795000E-01    8.718276E-16 
   666    1.666667E-01    2.500000E-01    1.795000E-01    3.265231E-16 
   667    1.676677E-01    2.500000E-01    1.795000E-01   -8.755061E-16 
   668    1.686687E-01    2.500000E-01    1.795000E-01   -9.056438E-16 
   669    1.696697E-01    2.500000E-01    1.795000E-01   -1.089279E-15 
   670    1.706707E-01    2.500000E-01    1.795000E-01   -1.161821E-16 
   671    1.716717E-01    2.500000E-01    1.795000E-01    1.124898E-15 
   672    1.726727E-01    2.500000E-01    1.795000E-01    2.536680E-15 
   673    1.736737E-01    2.500000E-01    1.795000E-01    8.549604E-16 
   674    1.746747E-01    2.500000E-01    1.795000E-01    2.262604E-16 
   675    1.756757E-01    2.500000E-01    1.795000E-01   -3.265679E-16 
   676    1.766767E-01    2.500000E-01    1.795000E-01   -1.048618E-15 
   677    1.776777E-01    2.500000E-01    1.795000E-01   -2.622112E-15 
   678    1.786787E-01    2.500000E-01    1.795000E-01   -1.235538E-15 
   679    1.796797E-01    2.500000E-01    1.795000E-01    5.785502E-18 
   680    1.806807E-01    2.500000E-01    1.795000E-01    9.498740E-16 
   681    1.816817E-01    2.500000E-01    1.795000E-01    6.966244E-16 
   682    1.826827E-01    2.500000E-01    1.795000E-01    5.275578E-16 
   683    1.836837E-01    2.500000E-01    1.795000E-01   -5.170698E-16 
   684    1.846847E-01    2.500000E-01    1.795000E-01   -9.122849E-16 
   685    1.856857E-01    2.500000E-01    1.795000E-01   -1.374505E-15 
   686    1.866867E-01    2.500000E-01    1.795000E-01   -1.618941E-15 
   687    1.876877E-01    2.500000E-01    1.795000E-01   -1.446062E-15 
   688    1.886887E-01    2.500000E-01    1.795000E-01   -1.643973E-15 
   689    1.896897E-01    2.500000E-01    1.795000E-01   -1.115784E-15 
   690    1.906907E-01    2.500000E-01    1.795000E-01   -6.720717E-16 
   691    1.916917E-01    2.500000E-01    1.795000E-01   -6.198362E-16 
   692    1.926927E-01    2.500000E-01    1.795000E-01   -4.046899E-16 
   693    1.936937E-01    2.500000E-01    1.795000E-01   -8.051816E-16 
   694    1.946947E-01    2.500000E-01    1.795000E-01    4.141068E-17 
   695    1.956957E-01    2.500000E-01    1.795000E-01   -3.883268E-16 
   696    1.966967E-01    2.500000E-01    1.795000E-01   -4.773315E-16 
   697    1.976977E-01    2.500000E-01    1.795000E-01    3.927322E-17 
   698    1.986987E-01    2.500000E-01    1.795000E-01   -3.728316E-16 
   699    1.996997E-01    2.500000E-01    1.795000E-01    7.152836E-17 
   700    2.007007E-01    2.500000E-01    1.795000E-01   -2.802215E-16 
   701    2.017017E-01    2.500000E-01    1.795000E-01   -3.692279E-16 
   702    2.027027E-01    2.500000E-01    1.795000E-01    7.532470E-17 
   703    2.037037E-01    2.500000E-01    1.795000E-01   -4.448593E-16 
   704    2.047047E-01    2.500000E-01    1.795000E-01    1.109443E-16 
   705    2.057057E-01    2.500000E-01    1.795000E-01   -4.063206E-16 
   706    2.067067E-01    2.500000E-01    1.795000E-01   -4.412647E-16 
   707    2.077077E-01    2.500000E-01    1.795000E-01    8.123586E-17 
   708    2.087087E-01    2.500000E-01    1.795000E-01   -4.003789E-16 
   709    2.097097E-01    2.500000E-01    1.795000E-01    1.952433E-16 
   710    2.107107E-01    2.500000E-01    1.795000E-01   -3.151216E-16 
   711    2.117117E-01    2.500000E-01    1.795000E-01   -4.153684E-16 
   712    2.127127E-01    2.500000E-01    1.795000E-01    3.682028E-16 
   713    2.137137E-01    2.500000E-01    1.795000E-01   -6.654500E-17 
   714    2.147147E-01    2.500000E-01    1.795000E-01    5.131653E-16 
   715    2.157157E-01    2.500000E-01    1.795000E-01   -2.788663E-17 
   716    2.167167E-01    2.500000E-01    1.795000E-01    1.460367E-16 
   717    2.177177E-01    2.500000E-01    1.795000E-01    4.931452E-16 
   718    2.187187E-01    2.500000E-01    1.795000E-01    2.669525E-16 
   719    2.197197E-01    2.500000E-01    1.795000E-01    1.164650E-15 
   720    2.207207E-01    2.500000E-01    1.795000E-01    1.091261E-15 
   721    2.217217E-01    2.500000E-01    1.795000E-01    1.267499E-15 
   722    2.227227E-01    2.500000E-01    1.795000E-01    1.360923E-15 
   723    2.237237E-01    2.500000E-01    1.795000E-01    1.105563E-15 
   724    2.247247E-01    2.500000E-01    1.795000E-01    8.718276E-16 
   725    2.257257E-01    2.500000E-01    1.795000E-01    3.265231E-16 
   726    2.267267E-01    2.500000E-01    1.795000E-01   -8.755061E-16 
   727    2.277277E-01    2.500000E-01    1.795000E-01   -9.056438E-16 
   728    2.287287E-01    2.500000E-01    1.795000E-01   -1.089279E-15 
   729    2.297297E-01    2.500000E-01    1.795000E-01   -1.161821E-16 
   730    2.307307E-01    2.500000E-01    1.795000E-01    1.124898E-15 
   731    2.317317E-01    2.500000E-01    1.795000E-01    2.536680E-15 
   732    2.327327E-01    2.500000E-01    1.795000E-01    8.549604E-16 
   733    2.337337E-01    2.500000E-01    1.795000E-01    2.262604E-16 
   734    2.347347E-01    2.500000E-01    1.795000E-01   -3.265679E-16 
   735    2.357357E-01    2.500000E-01    1.795000E-01   -1.048618E-15 
   736    2.367367E-01    2.500000E-01    1.795000E-01   -2.622112E-15 
   737    2.377377E-01    2.500000E-01    1.795000E-01   -1.235538E-15 
   738    2.387387E-01    2.500000E-01    1.795000E-01    5.785502E-18 
   739    2.397397E-01    2.500000E-01    1.795000E-01    9.498740E-16 
   740    2.407407E-01    2.500000E-01    1.795000E-01    6.966244E-16 
   741    2.417417E-01    2.500000E-01    1.795000E-01    5.275578E-16 
   742    2.427427E-01    2.500000E-01    1.795000E-01   -5.170698E-16 
   743    2.437437E-01    2.500000E-01    1.795000E-01   -9.122849E-16 
   744    2.447447E-01    2.500000E-01    1.795000E-01   -1.374505E-15 
   745    2.457457E-01    2.500000E-01    1.795000E-01   -1.618941E-15 
   746    2.467467E-01    2.500000E-01    1.795000E-01   -1.446062E-15 
   747    2.477477E-01    2.500000E-01    1.795000E-01   -1.643973E-15 
   748    2.487487E-01    2.500000E-01    1.795000E-01   -1.115784E-15 
   749    2.497497E-01    2.500000E-01    1.795000E-01   -6.720717E-16 
   750    2.507508E-01    2.500000E-01    1.795000E-01   -6.198362E-16 
   751    2.517518E-01    2.500000E-01    1.795000E-01   -4.046899E-16 
   752    2.527528E-01    2.500000E-01    1.795000E-01   -8.051816E-16 
   753    2.537538E-01    2.500000E-01    1.795000E-01    4.141068E-17 
   754    2.547548E-01    2.500000E-01    1.795000E-01   -3.883268E-16 
   755    2.557558E-01    2.500000E-01    1.795000E-01   -4.773315E-16 
   756    2.567568E-01    2.500000E-01    1.795000E-01    3.927322E-17 
   757    2.577578E-01    2.500000E-01    1.795000E-01   -3.728316E-16 
   758    2.587588E-01    2.500000E-01    1.795000E-01    7.152836E-17 
   759    2.597598E-01    2.500000E-01    1.795000E-01   -2.802215E-16 
   760    2.607608E-01    2.500000E-01    1.795000E-01   -3.692279E-16 
   761    2.617618E-01    2.500000E-01    1.795000E-01    7.532470E-17 
   762    2.627628E-01    2.500000E-01    1.795000E-01   -4.448593E-16 
   763    2.637638E-01    2.500000E-01    1.795000E-01    1.109443E-16 
   764    2.647648E-01    2.500000E-01    1.795000E-01   -4.063206E-16 
   765    2.657658E-01    2.500000E-01    1.795000E-01   -4.412647E-16 
   766    2.667668E-01    2.500000E-01    1.795000E-01    7.532470E-17 
   767    2.677678E-01    2.500000E-01    1.795000E-01   -4.448538E-16 
   768    2.687688E-01    2.500000E-01    1.795000E-01    1.109443E-16 
   769    2.697698E-01    2.500000E-01    1.795000E-01   -4.063206E-16 
   770    2.707708E-01    2.500000E-01    1.795000E-01   -4.412631E-16 
   771    2.717718E-01    2.500000E-01    1.795000E-01    7.532470E-17 
   772    2.727728E-01    2.500000E-01    1.795000E-01   -4.448538E-16 
   773    2.737738E-01    2.500000E-01    1.795000E-01    1.109443E-16 
   774    2.747748E-01    2.500000E-01    1.795000E-01   -4.063206E-16 
   775    2.757758E-01    2.500000E-01    1.795000E-01   -4.412631E-16 
   776    2.767768E-01    2.500000E-01    1.795000E-01    8.123586E-17 
   777    2.777778E-01    2.500000E-01    1.795000E-01   -4.003789E-16 
   778    2.787788E-01    2.500000E-01    1.795000E-01    1.952433E-16 
   779    2.797798E-01    2.500000E-01    1.795000E-01   -3.151216E-16 
   780    2.807808E-01    2.500000E-01    1.795000E-01   -4.153684E-16 
   781    2.817818E-01    2.500000E-01    1.795000E-01    3.682028E-16 
   782    2.827828E-01    2.500000E-01    1.795000E-01   -6.654500E-17 
   783    2.837838E-01    2.500000E-01    1.795000E-01    5.131653E-16 
   784    2.847848E-01    2.500000E-01    1.795000E-01   -2.788663E-17 
   785    2.857858E-01    2.500000E-01    1.795000E-01    1.460367E-16 
   786    2.867868E-01    2.500000E-01    1.795000E-01    4.931452E-16 
   787    2.877878E-01    2.500000E-01    1.795000E-01    2.669525E-16 
   788    2.887888E-01    2.500000E-01    1.795000E-01    1.164650E-15 
   789    2.897898E-01    2.500000E-01    1.795000E-01    1.091261E-15 
   790    2.907908E-01    2.500000E-01    1.795000E-01    1.267499E-15 
   791    2.917918E-01    2.500000E-01    1.795000E-01    1.360923E-15 
   792    2.927928E-01    2.500000E-01    1.795000E-01    1.105563E-15 
   793    2.937938E-01    2.500000E-01    1.795000E-01    8.718276E-16 
   794    2.947948E-01    2.500000E-01    1.795000E-01    3.265231E-16 
   795    2.957958E-01    2.500000E-01    1.795000E-01   -8.755061E-16 
   796    2.967968E-01    2.500000E-01    1.795000E-01   -9.056438E-16 
   797    2.977978E-01    2.500000E-01    1.795000E-01   -1.089279E-15 
   798    2.987988E-01    2.500000E-01    1.795000E-01   -1.161821E-16 
   799    2.997998E-01    2.500000E-01    1.795000E-01    1.124898E-15 
   800    3.008008E-01    2.500000E-01    1.795000E-01    2.536680E-15 
   801    3.018018E-01    2.500000E-01    1.795000E-01    8.549604E-16 
   802    3.028028E-01    2.500000E-01    1.795000E-01    2.262604E-16 
   803    3.038038E-01    2.500000E-01    1.795000E-01   -3.265679E-16 
   804    3.048048E-01    2.500000E-01    1.795000E-01   -1.048618E-15 
   805    3.058058E-01    2.500000E-01    1.795000E-01   -2.622112E-15 
   806    3.068068E-01    2.500000E-01    1.795000E-01   -1.235538E-15 
   807    3.078078E-01    2.500000E-01    1.795000E-01    5.785502E-18 
   808    3.088088E-01    2.500000E-01    1.795000E-01    9.498740E-16 
   809    3.098098E-01    2.500000E-01    1.795000E-01    6.966244E-16 
   810    3.108108E-01    2.500000E-01    1.795000E-01    5.275578E-16 
   811    3.118118E-01    2.500000E-01    1.795000E-01   -5.170698E-16 
   812    3.128128E-01    2.500000E-01    1.795000E-01   -9.122849E-16 
   813    3.138138E-01    2.500000E-01    1.795000E-01   -1.374505E-15 
   814    3.148148E-01    2.500000E-01    1.795000E-01   -1.618941E-15 
   815    3.158158E-01    2.500000E-01    1.795000E-01   -1.446062E-15 
   816    3.168168E-01    2.500000E-01    1.795000E-01   -1.643973E-15 
   817    3.178178E-01    2.500000E-01    1.795000E-01   -1.115784E-15 
   818    3.188188E-01    2.500000E-01    1.795000E-01   -6.720717E-16 
   819    3.198198E-01    2.500000E-01    1.795000E-01   -6.198362E-16 
   820    3.208208E-01    2.500000E-01    1.795000E-01   -4.046899E-16 
   821    3.218218E-01    2.500000E-01    1.795000E-01   -8.051816E-16 
   822    3.228228E-01    2.500000E-01    1.795000E-01    4.141068E-17 
   823    3.238238E-01    2.500000E-01    1.795000E-01   -3.883268E-16 
   824    3.248248E-01    2.500000E-01    1.795000E-01   -4.773315E-16 
   825    3.258258E-01    2.500000E-01    1.795000E-01    3.927322E-17 
   826    3.268268E-01    2.500000E-01    1.795000E-01   -3.728316E-16 
   827    3.278278E-01    2.500000E-01    1.795000E-01    7.152836E-17 
   828    3.288288E-01    2.500000E-01    1.795000E-01   -2.802215E-16 
   829    3.298298E-01    2.500000E-01    1.795000E-01   -3.692279E-16 
   830    3.308308E-01    2.500000E-01    1.795000E-01    7.532470E-17 
   831    3.318318E-01    2.500000E-01    1.795000E-01   -4.448593E-16 
   832    3.328328E-01    2.500000E-01    1.795000E-01    1.109443E-16 
   833    3.338338E-01    2.500000E-01    1.795000E-01   -4.063206E-16 
   834    3.348348E-01    2.500000E-01    1.795000E-01   -4.412647E-16 
   835    3.358358E-01    2.500000E-01    1.795000E-01    8.123586E-17 
   836    3.368368E-01    2.500000E-01    1.795000E-01   -4.003789E-16 
   837    3.378378E-01    2.500000E-01    1.795000E-01    1.952433E-16 
   838    3.388388E-01    2.500000E-01    1.795000E-01   -3.151216E-16 
   839    3.398398E-01    2.500000E-01    1.795000E-01   -4.153684E-16 
   840    3.408408E-01    2.500000E-01    1.795000E-01    3.682028E-16 
   841    3.418418E-01    2.500000E-01    1.795000E-01   -6.654500E-17 
   842    3.428428E-01    2.500000E-01    1.795000E-01    5.131653E-16 
   843    3.438438E-01    2.500000E-01    1.795000E-01   -2.788663E-17 
   844    3.448448E-01    2.500000E-01    1.795000E-01    1.460367E-16 
   845    3.458458E-01    2.500000E-01    1.795000E-01    4.931452E-16 
   846    3.468468E-01    2.500000E-01    1.795000E-01    2.669525E-16 
   847    3.478478E-01    2.500000E-01    1.795000E-01    1.164650E-15 
   848    3.488488E-01    2.500000E-01    1.795000E-01    1.091261E-15 
   849    3.498498E-01    2.500000E-01    1.795000E-01    1.267499E-15 
   850    3.508509E-01    2.500000E-01    1.795000E-01    1.360923E-15 
   851    3.518519E-01    2.500000E-01    1.795000E-01    1.105563E-15 
   852    3.528529E-01    2.500000E-01    1.795000E-01    8.718276E-16 
   853    3.538539E-01    2.500000E-01    1.795000E-01    3.265231E-16 
   854    3.548549E-01    2.500000E-01    1.795000E-01   -8.755061E-16 
   855    3.558559E-01    2.500000E-01    1.795000E-01   -9.056438E-16 
   856    3.568569E-01    2.500000E-01    1.795000E-01   -1.089279E-15 
   857    3.578579E-01    2.500000E-01    1.795000E-01   -1.161821E-16 
   858    3.588589E-01    2.500000E-01    1.795000E-01    1.124898E-15 
   859    3.598599E-01    2.500000E-01    1.795000E-01    2.536680E-15 
   860    3.608609E-01    2.500000E-01    1.795000E-01    8.549604E-16 
   861    3.618619E-01    2.500000E-01    1.795000E-01    2.262604E-16 
   862    3.628629E-01    2.500000E-01    1.795000E-01   -3.320569E-16 
   863    3.638639E-01    2.500000E-01    1.795000E-01   -1.053122E-15 
   864    3.648649E-01    2.500000E-01    1.795000E-01   -2.636468E-15 
   865    3.658659E-01    2.500000E-01    1.795000E-01   -1.273961E-15 
   866    3.668669E-01    2.500000E-01    1.795000E-01   -9.512707E-17 
   867    3.678679E-01    2.500000E-01    1.795000E-01    8.360131E-16 
   868    3.688689E-01    2.500000E-01    1.795000E-01    5.281556E-16 
   869    3.698699E-01    2.500000E-01    1.795000E-01    3.199627E-16 
   870    3.708709E-01    2.500000E-01    1.795000E-01   -9.087569E-16 
   871    3.718719E-01    2.500000E-01    1.795000E-01   -1.787564E-15 
   872    3.728729E-01    2.500000E-01    1.795000E-01   -3.076085E-15 
   873    3.738739E-01    2.500000E-01    1.795000E-01   -5.006480E-15 
   874    3.748749E-01    2.500000E-01    1.795000E-01   -7.837750E-15 
   875    3.758759E-01    2.500000E-01    1.795000E-01   -1.204387E-14 
   876    3.768769E-01    2.500000E-01    1.795000E-01   -1.672553E-14 
   877    3.778779E-01    2.500000E-01    1.795000E-01   -2.185083E-14 
   878    3.788789E-01    2.500000E-01    1.795000E-01   -2.602320E-14 
   879    3.798799E-01    2.500000E-01    1.795000E-01   -2.577121E-14 
   880    3.808809E-01    2.500000E-01    1.795000E-01   -1.891670E-14 
   881    3.818819E-01    2.500000E-01    1.795000E-01    8.341260E-16 
   882    3.828829E-01    2.500000E-01    1.795000E-01    4.611312E-14 
   883    3.838839E-01    2.500000E-01    1.795000E-01    1.369039E-13 
   884    3.848849E-01    2.500000E-01    1.795000E-01    2.990954E-13 
   885    3.858859E-01    2.500000E-01    1.795000E-01    5.697346E-13 
   886    3.868869E-01    2.500000E-01    1.795000E-01    9.795485E-13 
   887    3.878879E-01    2.500000E-01    1.795000E-01    1.521298E-12 
   888    3.888889E-01    2.500000E-01    1.795000E-01    2.092005E-12 
   889    3.898899E-01    2.500000E-01    1.795000E-01    2.360968E-12 
   890    3.908909E-01    2.500000E-01    1.795000E-01    1.519716E-12 
   891    3.918919E-01    2.500000E-01    1.795000E-01   -1.933391E-12 
   892    3.928929E-01    2.500000E-01    1.795000E-01   -1.065920E-11 
   893    3.938939E-01    2.500000E-01    1.795000E-01   -2.885537E-11 
   894    3.948949E-01    2.500000E-01    1.795000E-01   -6.301945E-11 
   895    3.958959E-01    2.500000E-01    1.795000E-01   -1.251150E-10 
   896    3.968969E-01    2.500000E-01    1.795000E-01   -2.340440E-10 
   897    3.978979E-01    2.500000E-01    1.795000E-01   -4.195993E-10 
   898    3.988989E-01    2.500000E-01    1.795000E-01   -7.281515E-10 
   899    3.998999E-01    2.500000E-01    1.795000E-01   -1.230606E-09 
   900    4.009009E-01    2.500000E-01    1.795000E-01   -2.034355E-09 
   901    4.019019E-01    2.500000E-01    1.795000E-01   -3.300648E-09 
   902    4.029029E-01    2.500000E-01    1.795000E-01   -5.267848E-09 
   903    4.039039E-01    2.500000E-01    1.795000E-01   -8.285154E-09 
   904    4.049049E-01    2.500000E-01    1.795000E-01   -1.285915E-08 
   905    4.059059E-01    2.500000E-01    1.795000E-01   -1.971711E-08 
   906    4.069069E-01    2.500000E-01    1.795000E-01   -2.989411E-08 
   907    4.079079E-01    2.500000E-01    1.795000E-01   -4.485019E-08 
   908    4.089089E-01    2.500000E-01    1.795000E-01   -6.662624E-08 
   909    4.099099E-01    2.500000E-01    1.795000E-01   -9.805132E-08 
   910    4.109109E-01    2.500000E-01    1.795000E-01   -1.430144E-07 
   911    4.119119E-01    2.500001E-01    1.795001E-01   -2.068163E-07 
   912    4.129129E-01    2.500001E-01    1.795001E-01   -2.966245E-07 
   913    4.139139E-01    2.500001E-01    1.795001E-01   -4.220517E-07 
   914    4.149149E-01    2.500002E-01    1.795002E-01   -5.958864E-07 
   915    4.159159E-01    2.500002E-01    1.795002E-01   -8.350063E-07 
   916    4.169169E-01    2.500003E-01    1.795003E-01   -1.161508E-06 
   917    4.179179E-01    2.500004E-01    1.795004E-01   -1.604086E-06 
   918    4.189189E-01    2.500006E-01    1.795006E-01   -2.199700E-06 
   919    4.199199E-01    2.500008E-01    1.795008E-01   -2.995560E-06 
   920    4.209209E-01    2.500011E-01    1.795011E-01   -4.051471E-06 
   921    4.219219E-01    2.500014E-01    1.795014E-01   -5.442550E-06 
   922    4.229229E-01    2.500019E-01    1.795019E-01   -7.262350E-06 
   923    4.239239E-01    2.500025E-01    1.795025E-01   -9.626368E-06 
   924    4.249249E-01    2.500033E-01    1.795033E-01   -1.267591E-05 
   925    4.259259E-01    2.500042E-01    1.795042E-01   -1.658221E-05 
   926    4.269269E-01    2.500054E-01    1.795055E-01   -2.155077E-05 
   927    4.279278E-01    2.500070E-01    1.795070E-01   -2.782562E-05 
   928    4.289288E-01    2.500089E-01    1.795089E-01   -3.569351E-05 
   929    4.299298E-01    2.500112E-01    1.795113E-01   -4.548768E-05 
   930    4.309308E-01    2.500141E-01    1.795142E-01   -5.759114E-05 
   931    4.319317E-01    2.500176E-01    1.795177E-01   -7.243868E-05 
   932    4.329326E-01    2.500219E-01    1.795220E-01   -9.051714E-05 
   933    4.339336E-01    2.500270E-01    1.795272E-01   -1.123629E-04 
   934    4.349345E-01    2.500332E-01    1.795333E-01   -1.385562E-04 
   935    4.359353E-01    2.500404E-01    1.795406E-01   -1.697114E-04 
   936    4.369362E-01    2.500490E-01    1.795492E-01   -2.064654E-04 
   937    4.379370E-01    2.500589E-01    1.795592E-01   -2.494632E-04 
   938    4.389378E-01    2.500704E-01    1.795708E-01   -2.993409E-04 
   939    4.399385E-01    2.500836E-01    1.795840E-01   -3.567034E-04 
   940    4.409391E-01    2.500986E-01    1.795991E-01   -4.220893E-04 
   941    4.419398E-01    2.501155E-01    1.796161E-01   -4.959229E-04 
   942    4.429403E-01    2.501344E-01    1.796351E-01   -5.784551E-04 
   943    4.439407E-01    2.501552E-01    1.796561E-01   -6.697128E-04 
   944    4.449411E-01    2.501781E-01    1.796790E-01   -7.694790E-04 
   945    4.459414E-01    2.502028E-01    1.797039E-01   -8.773115E-04 
   946    4.469416E-01    2.502292E-01    1.797305E-01   -9.925735E-04 
   947    4.479416E-01    2.502572E-01    1.797586E-01   -1.114404E-03 
   948    4.489415E-01    2.502864E-01    1.797879E-01   -1.241576E-03 
   949    4.499414E-01    2.503165E-01    1.798182E-01   -1.372234E-03 
   950    4.509410E-01    2.503471E-01    1.798490E-01   -1.503671E-03 
   951    4.519406E-01    2.503777E-01    1.798797E-01   -1.632465E-03 
   952    4.529400E-01    2.504074E-01    1.799096E-01   -1.755166E-03 
   953    4.539393E-01    2.504354E-01    1.799379E-01   -1.869406E-03 
   954    4.549385E-01    2.504611E-01    1.799637E-01   -1.974639E-03 
   955    4.559375E-01    2.504838E-01    1.799865E-01   -2.071268E-03 
   956    4.569364E-01    2.505034E-01    1.800062E-01   -2.157441E-03 
   957    4.579353E-01    2.505196E-01    1.800225E-01   -2.225706E-03 
   958    4.589341E-01    2.505313E-01    1.800343E-01   -2.267555E-03 
   959    4.599330E-01    2.505362E-01    1.800393E-01   -2.264473E-03 
   960    4.609319E-01    2.505308E-01    1.800338E-01   -2.200654E-03 
   961    4.619307E-01    2.505120E-01    1.800149E-01   -2.091950E-03 
   962    4.629293E-01    2.504792E-01    1.799819E-01   -2.000055E-03 
   963    4.639277E-01    2.504361E-01    1.799385E-01   -1.976872E-03 
   964    4.649262E-01    2.503884E-01    1.798905E-01   -1.991569E-03 
   965    4.659255E-01    2.503405E-01    1.798424E-01   -1.903580E-03 
   966    4.669261E-01    2.502934E-01    1.797950E-01   -1.513872E-03 
   967    4.679282E-01    2.502434E-01    1.797447E-01   -7.547525E-04 
   968    4.689298E-01    2.501833E-01    1.796842E-01    4.549236E-05 
   969    4.699288E-01    2.501116E-01    1.796122E-01    3.412422E-04 
   970    4.709256E-01    2.500387E-01    1.795389E-01    1.600843E-04 
   971    4.719224E-01    2.499784E-01    1.794783E-01   -2.635012E-04 
   972    4.729236E-01    2.499403E-01    1.794399E-01   -6.330316E-04 
   973    4.739346E-01    2.499274E-01    1.794271E-01   -1.824407E-04 
   974    4.749447E-01    2.499317E-01    1.794314E-01    6.109461E-04 
   975    4.759415E-01    2.499440E-01    1.794438E-01    5.219835E-04 
   976    4.769353E-01    2.499572E-01    1.794570E-01    4.442138E-04 
   977    4.779279E-01    2.499684E-01    1.794682E-01    1.960252E-04 
   978    4.789243E-01    2.499829E-01    1.794829E-01   -2.740412E-04 
   979    4.799380E-01    2.500010E-01    1.795011E-01   -6.257091E-04 
   980    4.809514E-01    2.500108E-01    1.795110E-01   -3.059728E-04 
   981    4.819644E-01    2.499960E-01    1.794964E-01    4.341549E-04 
   982    4.829542E-01    2.499591E-01    1.794594E-01    4.473516E-04 
   983    4.839223E-01    2.499222E-01    1.794220E-01   -3.484908E-04 
   984    4.848790E-01    2.499177E-01    1.794181E-01   -2.054567E-03 
   985    4.859591E-01    2.498934E-01    1.793943E-01    4.716210E-05 
   986    4.869987E-01    2.498108E-01    1.793132E-01    4.041176E-04 
   987    4.880021E-01    2.496724E-01    1.791752E-01    7.669932E-04 
   988    4.889654E-01    2.494381E-01    1.789365E-01    8.418048E-04 
   989    4.897882E-01    2.491297E-01    1.786042E-01   -1.476172E-03 
   990    4.909910E-01    2.486966E-01    1.785642E-01    0.000000E+00 
   991    4.919920E-01    2.484440E-01    1.783828E-01    0.000000E+00 
   992    4.929930E-01    2.478806E-01    1.779783E-01    0.000000E+00 
   993    4.939940E-01    2.462364E-01    1.767978E-01    0.000000E+00 
   994    4.949950E-01    2.423200E-01    1.739858E-01    0.000000E+00 
   995    4.959960E-01    2.343584E-01    1.682693E-01    0.000000E+00 
   996    4.969970E-01    2.205118E-01    1.583275E-01    0.000000E+00 
   997    4.979980E-01    1.999831E-01    1.435879E-01    0.000000E+00 
   998    4.989990E-01    1.731673E-01    1.243341E-01    0.000000E+00 
   999    5.000000E-01    1.416667E-01    1.017167E-01    0.000000E+00 
