     0   -5.000000E-01    5.666667E-01    5.666667E-01    0.000000E+00 
     1   -4.989990E-01    6.926327E-01    6.926327E-01    0.000000E+00 
     2   -4.979980E-01    7.997687E-01    7.997687E-01    0.000000E+00 
     3   -4.969970E-01    8.817185E-01    8.817185E-01    0.000000E+00 
     4   -4.959960E-01    9.369401E-01    9.369401E-01    0.000000E+00 
     5   -4.949950E-01    9.686397E-01    9.686397E-01    0.000000E+00 
     6   -4.939940E-01    9.842606E-01    9.842606E-01    0.000000E+00 
     7   -4.929930E-01    9.910088E-01    9.910088E-01    0.000000E+00 
     8   -4.919920E-01    9.934920E-01    9.934920E-01    0.000000E+00 
     9   -4.909910E-01    9.947126E-01    9.947126E-01    0.000000E+00 
    10   -4.897094E-01    9.967448E-01    9.952707E-01    3.195691E-04 
    11   -4.890044E-01    9.978079E-01    9.969584E-01   -1.617617E-04 
    12   -4.880333E-01    9.987241E-01    9.982492E-01   -1.311330E-04 
    13   -4.870152E-01    9.992581E-01    9.989849E-01   -7.481809E-05 
    14   -4.859663E-01    9.995620E-01    9.993971E-01   -1.708738E-05 
    15   -4.847584E-01    9.996881E-01    9.995713E-01    5.675137E-04 
    16   -4.839457E-01    9.997418E-01    9.996439E-01   -1.700590E-04 
    17   -4.830060E-01    9.998317E-01    9.997718E-01   -2.393661E-04 
    18   -4.820009E-01    9.998980E-01    9.998625E-01   -1.550992E-04 
    19   -4.809416E-01    9.999319E-01    9.999066E-01    2.923750E-06 
    20   -4.798623E-01    9.999111E-01    9.998787E-01    4.849145E-04 
    21   -4.789124E-01    9.998787E-01    9.998315E-01   -9.349395E-06 
    22   -4.779579E-01    9.999069E-01    9.998713E-01   -2.247371E-04 
    23   -4.769670E-01    9.999439E-01    9.999227E-01   -1.869152E-04 
    24   -4.759318E-01    9.999611E-01    9.999459E-01    5.089397E-05 
    25   -4.749216E-01    9.999501E-01    9.999307E-01    2.306970E-04 
    26   -4.739135E-01    9.999367E-01    9.999118E-01    9.894030E-05 
    27   -4.729245E-01    9.999436E-01    9.999214E-01   -9.864452E-05 
    28   -4.719351E-01    9.999674E-01    9.999547E-01   -1.363900E-04 
    29   -4.709290E-01    9.999818E-01    9.999745E-01    3.646925E-05 
    30   -4.699367E-01    9.999845E-01    9.999784E-01    3.595485E-05 
    31   -4.689209E-01    9.999828E-01    9.999760E-01    8.182417E-05 
    32   -4.679135E-01    9.999773E-01    9.999684E-01    3.013913E-05 
    33   -4.669168E-01    9.999807E-01    9.999731E-01   -2.671864E-05 
    34   -4.659236E-01    9.999876E-01    9.999827E-01   -1.800690E-05 
    35   -4.649303E-01    9.999940E-01    9.999917E-01   -4.983240E-05 
    36   -4.639223E-01    9.999967E-01    9.999954E-01    3.610064E-05 
    37   -4.629130E-01    9.999908E-01    9.999872E-01    7.334967E-05 
    38   -4.619116E-01    9.999839E-01    9.999775E-01    3.902112E-05 
    39   -4.609155E-01    9.999846E-01    9.999785E-01   -2.245489E-05 
    40   -4.599187E-01    9.999924E-01    9.999893E-01   -5.303765E-05 
    41   -4.589177E-01    9.999983E-01    9.999977E-01   -2.397197E-06 
    42   -4.579129E-01    9.999972E-01    9.999962E-01    5.099154E-05 
    43   -4.569102E-01    9.999922E-01    9.999891E-01    4.585007E-05 
    44   -4.559094E-01    9.999904E-01    9.999866E-01    8.129782E-06 
    45   -4.549096E-01    9.999941E-01    9.999917E-01   -1.833536E-05 
    46   -4.539106E-01    9.999990E-01    9.999986E-01   -1.868843E-05 
    47   -4.529096E-01    1.000001E+00    1.000002E+00    1.644817E-05 
    48   -4.519075E-01    1.000001E+00    1.000001E+00    2.739748E-05 
    49   -4.509053E-01    9.999989E-01    9.999984E-01    2.424233E-05 
    50   -4.499039E-01    9.999980E-01    9.999973E-01    1.259811E-05 
    51   -4.489038E-01    9.999996E-01    9.999995E-01   -4.845440E-06 
    52   -4.479040E-01    1.000002E+00    1.000003E+00   -5.898497E-06 
    53   -4.469030E-01    1.000004E+00    1.000005E+00    1.007691E-05 
    54   -4.459012E-01    1.000003E+00    1.000005E+00    2.139843E-05 
    55   -4.448997E-01    1.000002E+00    1.000003E+00    2.075147E-05 
    56   -4.438985E-01    1.000001E+00    1.000002E+00    1.147854E-05 
    57   -4.428980E-01    1.000002E+00    1.000003E+00   -7.008869E-07 
    58   -4.418975E-01    1.000004E+00    1.000006E+00    2.468238E-07 
    59   -4.408965E-01    1.000005E+00    1.000007E+00    1.207830E-05 
    60   -4.398953E-01    1.000004E+00    1.000006E+00    1.698052E-05 
    61   -4.388940E-01    1.000004E+00    1.000005E+00    1.606172E-05 
    62   -4.378929E-01    1.000003E+00    1.000005E+00    1.068630E-05 
    63   -4.368920E-01    1.000004E+00    1.000006E+00    4.435345E-06 
    64   -4.358913E-01    1.000005E+00    1.000007E+00    5.125957E-06 
    65   -4.348904E-01    1.000006E+00    1.000008E+00    1.106827E-05 
    66   -4.338893E-01    1.000006E+00    1.000008E+00    1.425125E-05 
    67   -4.328881E-01    1.000005E+00    1.000007E+00    1.417934E-05 
    68   -4.318870E-01    1.000005E+00    1.000007E+00    1.135498E-05 
    69   -4.308861E-01    1.000005E+00    1.000008E+00    7.433982E-06 
    70   -4.298853E-01    1.000006E+00    1.000009E+00    7.254408E-06 
    71   -4.288843E-01    1.000006E+00    1.000009E+00    1.100947E-05 
    72   -4.278833E-01    1.000006E+00    1.000009E+00    1.323517E-05 
    73   -4.268822E-01    1.000006E+00    1.000009E+00    1.327969E-05 
    74   -4.258811E-01    1.000006E+00    1.000009E+00    1.171163E-05 
    75   -4.248801E-01    1.000006E+00    1.000009E+00    9.360208E-06 
    76   -4.238792E-01    1.000007E+00    1.000010E+00    8.999107E-06 
    77   -4.228783E-01    1.000007E+00    1.000010E+00    1.128639E-05 
    78   -4.218773E-01    1.000007E+00    1.000010E+00    1.271141E-05 
    79   -4.208762E-01    1.000007E+00    1.000010E+00    1.289090E-05 
    80   -4.198752E-01    1.000007E+00    1.000010E+00    1.213641E-05 
    81   -4.188742E-01    1.000007E+00    1.000010E+00    1.067896E-05 
    82   -4.178733E-01    1.000008E+00    1.000011E+00    1.024345E-05 
    83   -4.168723E-01    1.000008E+00    1.000011E+00    1.171142E-05 
    84   -4.158713E-01    1.000008E+00    1.000011E+00    1.282038E-05 
    85   -4.148703E-01    1.000008E+00    1.000011E+00    1.307150E-05 
    86   -4.138693E-01    1.000008E+00    1.000011E+00    1.278358E-05 
    87   -4.128683E-01    1.000008E+00    1.000011E+00    1.197189E-05 
    88   -4.118673E-01    1.000008E+00    1.000011E+00    1.150123E-05 
    89   -4.108663E-01    1.000008E+00    1.000012E+00    1.224220E-05 
    90   -4.098653E-01    1.000008E+00    1.000012E+00    1.284805E-05 
    91   -4.088643E-01    1.000008E+00    1.000012E+00    1.293867E-05 
    92   -4.078633E-01    1.000008E+00    1.000012E+00    1.285245E-05 
    93   -4.068623E-01    1.000008E+00    1.000012E+00    1.236228E-05 
    94   -4.058613E-01    1.000009E+00    1.000012E+00    1.190591E-05 
    95   -4.048604E-01    1.000009E+00    1.000012E+00    1.236951E-05 
    96   -4.038594E-01    1.000009E+00    1.000012E+00    1.322072E-05 
    97   -4.028584E-01    1.000009E+00    1.000012E+00    1.338708E-05 
    98   -4.018574E-01    1.000009E+00    1.000013E+00    1.341536E-05 
    99   -4.008564E-01    1.000009E+00    1.000013E+00    1.312029E-05 
   100   -3.998554E-01    1.000009E+00    1.000013E+00    1.284861E-05 
   101   -3.988544E-01    1.000010E+00    1.000013E+00    1.329061E-05 
   102   -3.978534E-01    1.000010E+00    1.000013E+00    1.386348E-05 
   103   -3.968524E-01    1.000010E+00    1.000014E+00    1.411152E-05 
   104   -3.958514E-01    1.000010E+00    1.000014E+00    1.438149E-05 
   105   -3.948504E-01    1.000010E+00    1.000014E+00    1.434024E-05 
   106   -3.938494E-01    1.000010E+00    1.000014E+00    1.409538E-05 
   107   -3.928485E-01    1.000010E+00    1.000014E+00    1.406520E-05 
   108   -3.918475E-01    1.000010E+00    1.000014E+00    1.412685E-05 
   109   -3.908465E-01    1.000010E+00    1.000014E+00    1.390753E-05 
   110   -3.898455E-01    1.000010E+00    1.000014E+00    1.384356E-05 
   111   -3.888445E-01    1.000010E+00    1.000014E+00    1.367729E-05 
   112   -3.878435E-01    1.000010E+00    1.000014E+00    1.341529E-05 
   113   -3.868425E-01    1.000010E+00    1.000014E+00    1.366465E-05 
   114   -3.858415E-01    1.000010E+00    1.000015E+00    1.468697E-05 
   115   -3.848405E-01    1.000011E+00    1.000015E+00    1.515117E-05 
   116   -3.838395E-01    1.000011E+00    1.000015E+00    1.588242E-05 
   117   -3.828385E-01    1.000011E+00    1.000016E+00    1.607702E-05 
   118   -3.818376E-01    1.000012E+00    1.000016E+00    1.604937E-05 
   119   -3.808366E-01    1.000012E+00    1.000017E+00    1.629345E-05 
   120   -3.798356E-01    1.000012E+00    1.000017E+00    1.666755E-05 
   121   -3.788346E-01    1.000012E+00    1.000017E+00    1.689825E-05 
   122   -3.778336E-01    1.000013E+00    1.000017E+00    1.719834E-05 
   123   -3.768326E-01    1.000013E+00    1.000018E+00    1.734111E-05 
   124   -3.758316E-01    1.000012E+00    1.000017E+00    1.726348E-05 
   125   -3.748306E-01    1.000012E+00    1.000017E+00    1.711842E-05 
   126   -3.738297E-01    1.000012E+00    1.000017E+00    1.702145E-05 
   127   -3.728287E-01    1.000012E+00    1.000017E+00    1.718201E-05 
   128   -3.718277E-01    1.000013E+00    1.000018E+00    1.726999E-05 
   129   -3.708267E-01    1.000013E+00    1.000018E+00    1.711144E-05 
   130   -3.698257E-01    1.000013E+00    1.000018E+00    1.687324E-05 
   131   -3.688247E-01    1.000014E+00    1.000019E+00    1.702466E-05 
   132   -3.678237E-01    1.000014E+00    1.000019E+00    1.788857E-05 
   133   -3.668227E-01    1.000014E+00    1.000020E+00    1.894549E-05 
   134   -3.658217E-01    1.000014E+00    1.000020E+00    1.973819E-05 
   135   -3.648208E-01    1.000015E+00    1.000021E+00    2.023702E-05 
   136   -3.638198E-01    1.000015E+00    1.000021E+00    2.035527E-05 
   137   -3.628188E-01    1.000015E+00    1.000021E+00    2.033228E-05 
   138   -3.618178E-01    1.000015E+00    1.000021E+00    2.047412E-05 
   139   -3.608168E-01    1.000016E+00    1.000022E+00    2.067920E-05 
   140   -3.598158E-01    1.000016E+00    1.000022E+00    2.063262E-05 
   141   -3.588149E-01    1.000016E+00    1.000022E+00    2.043085E-05 
   142   -3.578139E-01    1.000016E+00    1.000023E+00    2.026947E-05 
   143   -3.568129E-01    1.000016E+00    1.000023E+00    2.047525E-05 
   144   -3.558119E-01    1.000017E+00    1.000023E+00    2.130297E-05 
   145   -3.548109E-01    1.000017E+00    1.000024E+00    2.234180E-05 
   146   -3.538099E-01    1.000018E+00    1.000025E+00    2.328901E-05 
   147   -3.528089E-01    1.000018E+00    1.000025E+00    2.392904E-05 
   148   -3.518080E-01    1.000019E+00    1.000026E+00    2.438299E-05 
   149   -3.508070E-01    1.000019E+00    1.000027E+00    2.483869E-05 
   150   -3.498060E-01    1.000020E+00    1.000027E+00    2.537715E-05 
   151   -3.488050E-01    1.000020E+00    1.000028E+00    2.588097E-05 
   152   -3.478040E-01    1.000020E+00    1.000028E+00    2.622228E-05 
   153   -3.468031E-01    1.000020E+00    1.000028E+00    2.636691E-05 
   154   -3.458021E-01    1.000020E+00    1.000028E+00    2.634243E-05 
   155   -3.448011E-01    1.000020E+00    1.000028E+00    2.620131E-05 
   156   -3.438001E-01    1.000019E+00    1.000027E+00    2.597281E-05 
   157   -3.427991E-01    1.000019E+00    1.000027E+00    2.564709E-05 
   158   -3.417982E-01    1.000018E+00    1.000026E+00    2.517426E-05 
   159   -3.407972E-01    1.000017E+00    1.000024E+00    2.452592E-05 
   160   -3.397962E-01    1.000016E+00    1.000023E+00    2.365823E-05 
   161   -3.387952E-01    1.000015E+00    1.000021E+00    2.253652E-05 
   162   -3.377942E-01    1.000013E+00    1.000019E+00    2.113219E-05 
   163   -3.367932E-01    1.000012E+00    1.000016E+00    1.943945E-05 
   164   -3.357922E-01    1.000009E+00    1.000013E+00    1.741187E-05 
   165   -3.347913E-01    1.000007E+00    1.000009E+00    1.500289E-05 
   166   -3.337903E-01    1.000004E+00    1.000005E+00    1.216258E-05 
   167   -3.327893E-01    1.000000E+00    1.000000E+00    8.845062E-06 
   168   -3.317883E-01    9.999964E-01    9.999949E-01    5.011930E-06 
   169   -3.307873E-01    9.999919E-01    9.999887E-01    6.248853E-07 
   170   -3.297862E-01    9.999870E-01    9.999817E-01   -4.354889E-06 
   171   -3.287852E-01    9.999814E-01    9.999739E-01   -9.962905E-06 
   172   -3.277842E-01    9.999752E-01    9.999653E-01   -1.627321E-05 
   173   -3.267832E-01    9.999684E-01    9.999557E-01   -2.333744E-05 
   174   -3.257822E-01    9.999609E-01    9.999452E-01   -3.115019E-05 
   175   -3.247811E-01    9.999527E-01    9.999337E-01   -3.981057E-05 
   176   -3.237801E-01    9.999437E-01    9.999212E-01   -4.931042E-05 
   177   -3.227790E-01    9.999340E-01    9.999076E-01   -5.961645E-05 
   178   -3.217779E-01    9.999235E-01    9.998929E-01   -7.092420E-05 
   179   -3.207769E-01    9.999122E-01    9.998771E-01   -8.317848E-05 
   180   -3.197758E-01    9.999001E-01    9.998601E-01   -9.623302E-05 
   181   -3.187747E-01    9.998870E-01    9.998418E-01   -1.105232E-04 
   182   -3.177735E-01    9.998732E-01    9.998224E-01   -1.258048E-04 
   183   -3.167724E-01    9.998585E-01    9.998018E-01   -1.419961E-04 
   184   -3.157713E-01    9.998430E-01    9.997802E-01   -1.598633E-04 
   185   -3.147701E-01    9.998271E-01    9.997579E-01   -1.785609E-04 
   186   -3.137689E-01    9.998111E-01    9.997355E-01   -1.986134E-04 
   187   -3.127677E-01    9.997959E-01    9.997142E-01   -2.210776E-04 
   188   -3.117665E-01    9.997827E-01    9.996957E-01   -2.434309E-04 
   189   -3.107653E-01    9.997732E-01    9.996825E-01   -2.673570E-04 
   190   -3.097640E-01    9.997696E-01    9.996774E-01   -2.956953E-04 
   191   -3.087627E-01    9.997740E-01    9.996835E-01   -3.175444E-04 
   192   -3.077615E-01    9.997884E-01    9.997038E-01   -3.169243E-04 
   193   -3.067602E-01    9.998146E-01    9.997404E-01   -2.899251E-04 
   194   -3.057590E-01    9.998535E-01    9.997948E-01   -2.419099E-04 
   195   -3.047578E-01    9.999051E-01    9.998671E-01   -1.757401E-04 
   196   -3.037567E-01    9.999687E-01    9.999561E-01   -9.288232E-05 
   197   -3.027556E-01    1.000043E+00    1.000060E+00    4.167174E-06 
   198   -3.017547E-01    1.000125E+00    1.000176E+00    1.122303E-04 
   199   -3.007538E-01    1.000214E+00    1.000300E+00    2.277990E-04 
   200   -2.997531E-01    1.000307E+00    1.000430E+00    3.473369E-04 
   201   -2.987524E-01    1.000401E+00    1.000561E+00    4.674232E-04 
   202   -2.977519E-01    1.000493E+00    1.000691E+00    5.849493E-04 
   203   -2.967514E-01    1.000583E+00    1.000816E+00    6.971670E-04 
   204   -2.957511E-01    1.000667E+00    1.000934E+00    8.016973E-04 
   205   -2.947508E-01    1.000745E+00    1.001044E+00    8.966460E-04 
   206   -2.937507E-01    1.000816E+00    1.001142E+00    9.805838E-04 
   207   -2.927505E-01    1.000878E+00    1.001229E+00    1.052610E-03 
   208   -2.917505E-01    1.000931E+00    1.001304E+00    1.112337E-03 
   209   -2.907505E-01    1.000975E+00    1.001366E+00    1.159855E-03 
   210   -2.897505E-01    1.001011E+00    1.001416E+00    1.195729E-03 
   211   -2.887506E-01    1.001039E+00    1.001455E+00    1.220800E-03 
   212   -2.877506E-01    1.001060E+00    1.001485E+00    1.236270E-03 
   213   -2.867507E-01    1.001075E+00    1.001505E+00    1.244398E-03 
   214   -2.857508E-01    1.001085E+00    1.001519E+00    1.247649E-03 
   215   -2.847509E-01    1.001090E+00    1.001527E+00    1.247705E-03 
   216   -2.837510E-01    1.001092E+00    1.001530E+00    1.245424E-03 
   217   -2.827511E-01    1.001092E+00    1.001529E+00    1.241087E-03 
   218   -2.817512E-01    1.001089E+00    1.001525E+00    1.234568E-03 
   219   -2.807513E-01    1.001084E+00    1.001519E+00    1.225873E-03 
   220   -2.797514E-01    1.001078E+00    1.001510E+00    1.215079E-03 
   221   -2.787515E-01    1.001071E+00    1.001499E+00    1.202305E-03 
   222   -2.777516E-01    1.001061E+00    1.001486E+00    1.187637E-03 
   223   -2.767516E-01    1.001051E+00    1.001472E+00    1.171143E-03 
   224   -2.757517E-01    1.001039E+00    1.001455E+00    1.152895E-03 
   225   -2.747517E-01    1.001026E+00    1.001437E+00    1.132974E-03 
   226   -2.737517E-01    1.001012E+00    1.001417E+00    1.111467E-03 
   227   -2.727517E-01    1.000997E+00    1.001396E+00    1.088473E-03 
   228   -2.717517E-01    1.000981E+00    1.001374E+00    1.064092E-03 
   229   -2.707517E-01    1.000964E+00    1.001350E+00    1.038437E-03 
   230   -2.697517E-01    1.000946E+00    1.001325E+00    1.011622E-03 
   231   -2.687516E-01    1.000927E+00    1.001298E+00    9.837703E-04 
   232   -2.677515E-01    1.000908E+00    1.001271E+00    9.550119E-04 
   233   -2.667514E-01    1.000887E+00    1.001242E+00    9.254825E-04 
   234   -2.657513E-01    1.000866E+00    1.001213E+00    8.953239E-04 
   235   -2.647512E-01    1.000845E+00    1.001183E+00    8.646845E-04 
   236   -2.637510E-01    1.000823E+00    1.001152E+00    8.337192E-04 
   237   -2.627508E-01    1.000800E+00    1.001121E+00    8.025898E-04 
   238   -2.617506E-01    1.000777E+00    1.001088E+00    7.714656E-04 
   239   -2.607504E-01    1.000754E+00    1.001055E+00    7.405240E-04 
   240   -2.597501E-01    1.000730E+00    1.001022E+00    7.099520E-04 
   241   -2.587498E-01    1.000705E+00    1.000987E+00    6.799479E-04 
   242   -2.577495E-01    1.000680E+00    1.000952E+00    6.507233E-04 
   243   -2.567492E-01    1.000655E+00    1.000917E+00    6.225060E-04 
   244   -2.557488E-01    1.000628E+00    1.000880E+00    5.955387E-04 
   245   -2.547484E-01    1.000602E+00    1.000842E+00    5.700809E-04 
   246   -2.537480E-01    1.000574E+00    1.000804E+00    5.464131E-04 
   247   -2.527476E-01    1.000545E+00    1.000764E+00    5.248568E-04 
   248   -2.517471E-01    1.000515E+00    1.000722E+00    5.058284E-04 
   249   -2.507466E-01    1.000484E+00    1.000677E+00    4.898288E-04 
   250   -2.497461E-01    1.000449E+00    1.000629E+00    4.773132E-04 
   251   -2.487456E-01    1.000411E+00    1.000576E+00    4.686296E-04 
   252   -2.477450E-01    1.000368E+00    1.000516E+00    4.641803E-04 
   253   -2.467443E-01    1.000318E+00    1.000446E+00    4.648163E-04 
   254   -2.457437E-01    1.000258E+00    1.000362E+00    4.734369E-04 
   255   -2.447429E-01    1.000186E+00    1.000260E+00    4.947298E-04 
   256   -2.437422E-01    1.000097E+00    1.000135E+00    5.357527E-04 
   257   -2.427413E-01    9.999881E-01    9.999833E-01    6.023365E-04 
   258   -2.417403E-01    9.998560E-01    9.997984E-01    6.986752E-04 
   259   -2.407392E-01    9.996967E-01    9.995753E-01    8.285072E-04 
   260   -2.397380E-01    9.995061E-01    9.993085E-01    9.960212E-04 
   261   -2.387365E-01    9.992801E-01    9.989921E-01    1.205428E-03 
   262   -2.377348E-01    9.990141E-01    9.986197E-01    1.461577E-03 
   263   -2.367329E-01    9.987028E-01    9.981840E-01    1.770322E-03 
   264   -2.357306E-01    9.983406E-01    9.976772E-01    2.138469E-03 
   265   -2.347280E-01    9.979214E-01    9.970904E-01    2.573931E-03 
   266   -2.337249E-01    9.974383E-01    9.964145E-01    3.085587E-03 
   267   -2.327214E-01    9.968844E-01    9.956396E-01    3.682756E-03 
   268   -2.317173E-01    9.962525E-01    9.947558E-01    4.374989E-03 
   269   -2.307126E-01    9.955357E-01    9.937534E-01    5.171724E-03 
   270   -2.297071E-01    9.947270E-01    9.926229E-01    6.081950E-03 
   271   -2.287007E-01    9.938201E-01    9.913554E-01    7.114221E-03 
   272   -2.276935E-01    9.928089E-01    9.899428E-01    8.276364E-03 
   273   -2.266851E-01    9.916883E-01    9.883777E-01    9.575520E-03 
   274   -2.256756E-01    9.904535E-01    9.866541E-01    1.101809E-02 
   275   -2.246648E-01    9.891009E-01    9.847668E-01    1.260949E-02 
   276   -2.236525E-01    9.876275E-01    9.827122E-01    1.435418E-02 
   277   -2.226387E-01    9.860315E-01    9.804879E-01    1.625534E-02 
   278   -2.216231E-01    9.843122E-01    9.780932E-01    1.831482E-02 
   279   -2.206057E-01    9.824699E-01    9.755290E-01    2.053293E-02 
   280   -2.195864E-01    9.805061E-01    9.727979E-01    2.290843E-02 
   281   -2.185649E-01    9.784237E-01    9.699040E-01    2.543843E-02 
   282   -2.175411E-01    9.762264E-01    9.668532E-01    2.811854E-02 
   283   -2.165150E-01    9.739193E-01    9.636527E-01    3.094291E-02 
   284   -2.154863E-01    9.715081E-01    9.603111E-01    3.390440E-02 
   285   -2.144550E-01    9.689995E-01    9.568380E-01    3.699473E-02 
   286   -2.134209E-01    9.664009E-01    9.532440E-01    4.020475E-02 
   287   -2.123839E-01    9.637201E-01    9.495403E-01    4.352455E-02 
   288   -2.113440E-01    9.609652E-01    9.457387E-01    4.694377E-02 
   289   -2.103011E-01    9.581446E-01    9.418508E-01    5.045170E-02 
   290   -2.092549E-01    9.552665E-01    9.378884E-01    5.403764E-02 
   291   -2.082056E-01    9.523390E-01    9.338630E-01    5.769101E-02 
   292   -2.071529E-01    9.493699E-01    9.297854E-01    6.140167E-02 
   293   -2.060970E-01    9.463664E-01    9.256658E-01    6.516000E-02 
   294   -2.050376E-01    9.433351E-01    9.215133E-01    6.895722E-02 
   295   -2.039747E-01    9.402818E-01    9.173360E-01    7.278549E-02 
   296   -2.029084E-01    9.372112E-01    9.131407E-01    7.663807E-02 
   297   -2.018385E-01    9.341273E-01    9.089327E-01    8.050948E-02 
   298   -2.007651E-01    9.310326E-01    9.047155E-01    8.439561E-02 
   299   -1.996881E-01    9.279284E-01    9.004911E-01    8.829393E-02 
   300   -1.986075E-01    9.248145E-01    8.962591E-01    9.220361E-02 
   301   -1.975233E-01    9.216892E-01    8.920172E-01    9.612586E-02 
   302   -1.964353E-01    9.185487E-01    8.877605E-01    1.000641E-01 
   303   -1.953437E-01    9.153877E-01    8.834817E-01    1.040243E-01 
   304   -1.942483E-01    9.121988E-01    8.791711E-01    1.080148E-01 
   305   -1.931491E-01    9.089731E-01    8.748168E-01    1.120475E-01 
   306   -1.920460E-01    9.057005E-01    8.704054E-01    1.161426E-01 
   307   -1.909389E-01    9.023701E-01    8.659223E-01    1.203196E-01 
   308   -1.898277E-01    8.989710E-01    8.613534E-01    1.245977E-01 
   309   -1.887123E-01    8.954929E-01    8.566855E-01    1.289956E-01 
   310   -1.875925E-01    8.919274E-01    8.519075E-01    1.335305E-01 
   311   -1.864683E-01    8.882680E-01    8.470116E-01    1.382163E-01 
   312   -1.853393E-01    8.845115E-01    8.419940E-01    1.430629E-01 
   313   -1.842054E-01    8.806576E-01    8.368552E-01    1.480756E-01 
   314   -1.830665E-01    8.767099E-01    8.316005E-01    1.532535E-01 
   315   -1.819224E-01    8.726748E-01    8.262395E-01    1.585852E-01 
   316   -1.807728E-01    8.685621E-01    8.207854E-01    1.640558E-01 
   317   -1.796177E-01    8.643837E-01    8.152548E-01    1.696476E-01 
   318   -1.784568E-01    8.601531E-01    8.096661E-01    1.753402E-01 
   319   -1.772902E-01    8.558847E-01    8.040388E-01    1.811119E-01 
   320   -1.761176E-01    8.515932E-01    7.983924E-01    1.869408E-01 
   321   -1.749391E-01    8.472928E-01    7.927458E-01    1.928056E-01 
   322   -1.737545E-01    8.429964E-01    7.871160E-01    1.986869E-01 
   323   -1.725638E-01    8.387154E-01    7.815179E-01    2.045673E-01 
   324   -1.713670E-01    8.344592E-01    7.759637E-01    2.104317E-01 
   325   -1.701642E-01    8.302348E-01    7.704621E-01    2.162680E-01 
   326   -1.689551E-01    8.260464E-01    7.650187E-01    2.220682E-01 
   327   -1.677400E-01    8.218958E-01    7.596351E-01    2.278281E-01 
   328   -1.665188E-01    8.177817E-01    7.543098E-01    2.335479E-01 
   329   -1.652915E-01    8.137010E-01    7.490381E-01    2.392313E-01 
   330   -1.640580E-01    8.096484E-01    7.438133E-01    2.448876E-01 
   331   -1.628184E-01    8.056183E-01    7.386277E-01    2.505392E-01 
   332   -1.615727E-01    8.016046E-01    7.334735E-01    2.562039E-01 
   333   -1.603207E-01    7.976018E-01    7.283436E-01    2.618845E-01 
   334   -1.590624E-01    7.936055E-01    7.232324E-01    2.675845E-01 
   335   -1.577978E-01    7.896129E-01    7.181360E-01    2.733054E-01 
   336   -1.565268E-01    7.856224E-01    7.130527E-01    2.790481E-01 
   337   -1.552494E-01    7.816344E-01    7.079830E-01    2.848231E-01 
   338   -1.539653E-01    7.776512E-01    7.029298E-01    2.906329E-01 
   339   -1.526747E-01    7.736776E-01    6.978992E-01    2.964652E-01 
   340   -1.513774E-01    7.697200E-01    6.928991E-01    3.023073E-01 
   341   -1.500733E-01    7.657860E-01    6.879391E-01    3.081440E-01 
   342   -1.487626E-01    7.618840E-01    6.830296E-01    3.139594E-01 
   343   -1.474451E-01    7.580221E-01    6.781805E-01    3.197371E-01 
   344   -1.461209E-01    7.542077E-01    6.734010E-01    3.254622E-01 
   345   -1.447899E-01    7.504473E-01    6.686986E-01    3.311210E-01 
   346   -1.434524E-01    7.467462E-01    6.640796E-01    3.367026E-01 
   347   -1.421082E-01    7.431079E-01    6.595480E-01    3.422002E-01 
   348   -1.407575E-01    7.395345E-01    6.551058E-01    3.476100E-01 
   349   -1.394002E-01    7.360261E-01    6.507529E-01    3.529309E-01 
   350   -1.380366E-01    7.325809E-01    6.464865E-01    3.581638E-01 
   351   -1.366666E-01    7.291951E-01    6.423014E-01    3.633120E-01 
   352   -1.352903E-01    7.258623E-01    6.381895E-01    3.683818E-01 
   353   -1.339077E-01    7.225739E-01    6.341396E-01    3.733826E-01 
   354   -1.325189E-01    7.193183E-01    6.301374E-01    3.783279E-01 
   355   -1.311240E-01    7.160810E-01    6.261647E-01    3.832359E-01 
   356   -1.297227E-01    7.128434E-01    6.221987E-01    3.881319E-01 
   357   -1.283151E-01    7.095831E-01    6.182121E-01    3.930485E-01 
   358   -1.269012E-01    7.062738E-01    6.141729E-01    3.980304E-01 
   359   -1.254806E-01    7.028862E-01    6.100457E-01    4.031398E-01 
   360   -1.240532E-01    6.993899E-01    6.057941E-01    4.084379E-01 
   361   -1.226187E-01    6.957562E-01    6.013843E-01    4.139838E-01 
   362   -1.211765E-01    6.919612E-01    5.967883E-01    4.198297E-01 
   363   -1.197263E-01    6.879885E-01    5.919879E-01    4.260163E-01 
   364   -1.182675E-01    6.838317E-01    5.869769E-01    4.325689E-01 
   365   -1.167995E-01    6.794955E-01    5.817625E-01    4.394919E-01 
   366   -1.153218E-01    6.749952E-01    5.763651E-01    4.467593E-01 
   367   -1.138340E-01    6.703556E-01    5.708158E-01    4.543326E-01 
   368   -1.123355E-01    6.656075E-01    5.651528E-01    4.621585E-01 
   369   -1.108261E-01    6.607852E-01    5.594181E-01    4.701733E-01 
   370   -1.093055E-01    6.559241E-01    5.536543E-01    4.783108E-01 
   371   -1.077733E-01    6.510583E-01    5.479023E-01    4.865070E-01 
   372   -1.062296E-01    6.462192E-01    5.421992E-01    4.947052E-01 
   373   -1.046743E-01    6.414339E-01    5.365764E-01    5.028541E-01 
   374   -1.031074E-01    6.367244E-01    5.310592E-01    5.109124E-01 
   375   -1.015289E-01    6.321067E-01    5.256655E-01    5.188505E-01 
   376   -9.993899E-02    6.275901E-01    5.204051E-01    5.266524E-01 
   377   -9.833774E-02    6.231768E-01    5.152797E-01    5.343107E-01 
   378   -9.672529E-02    6.188616E-01    5.102822E-01    5.418272E-01 
   379   -9.510177E-02    6.146316E-01    5.053969E-01    5.492132E-01 
   380   -9.346725E-02    6.104679E-01    5.006012E-01    5.564938E-01 
   381   -9.182173E-02    6.063486E-01    4.958693E-01    5.637109E-01 
   382   -9.016513E-02    6.022520E-01    4.911761E-01    5.709419E-01 
   383   -8.849730E-02    5.981605E-01    4.865014E-01    5.782324E-01 
   384   -8.681804E-02    5.940616E-01    4.818311E-01    5.856030E-01 
   385   -8.512715E-02    5.899493E-01    4.771585E-01    5.930605E-01 
   386   -8.342439E-02    5.858238E-01    4.724840E-01    6.006193E-01 
   387   -8.170954E-02    5.816925E-01    4.678163E-01    6.082825E-01 
   388   -7.998237E-02    5.775711E-01    4.631731E-01    6.160030E-01 
   389   -7.824274E-02    5.734824E-01    4.585800E-01    6.237215E-01 
   390   -7.649060E-02    5.694551E-01    4.540688E-01    6.313717E-01 
   391   -7.472601E-02    5.655202E-01    4.496735E-01    6.388888E-01 
   392   -7.294914E-02    5.617093E-01    4.454286E-01    6.462121E-01 
   393   -7.116026E-02    5.580531E-01    4.413670E-01    6.532834E-01 
   394   -6.935979E-02    5.545806E-01    4.375192E-01    6.600465E-01 
   395   -6.754823E-02    5.513193E-01    4.339143E-01    6.664425E-01 
   396   -6.572618E-02    5.482972E-01    4.305813E-01    6.724080E-01 
   397   -6.389435E-02    5.455458E-01    4.275531E-01    6.778678E-01 
   398   -6.205359E-02    5.431034E-01    4.248698E-01    6.827391E-01 
   399   -6.020489E-02    5.410183E-01    4.225824E-01    6.869233E-01 
   400   -5.834946E-02    5.393491E-01    4.207529E-01    6.903015E-01 
   401   -5.648878E-02    5.381539E-01    4.194429E-01    6.927428E-01 
   402   -5.462461E-02    5.374637E-01    4.186846E-01    6.941232E-01 
   403   -5.275911E-02    5.372510E-01    4.184471E-01    6.941511E-01 
   404   -5.089443E-02    5.374225E-01    4.186286E-01    6.931561E-01 
   405   -4.903155E-02    5.378524E-01    4.190920E-01    6.919460E-01 
   406   -4.717070E-02    5.384305E-01    4.197171E-01    6.906210E-01 
   407   -4.531213E-02    5.390858E-01    4.204267E-01    6.892185E-01 
   408   -4.345602E-02    5.397798E-01    4.211789E-01    6.877882E-01 
   409   -4.160240E-02    5.404893E-01    4.219484E-01    6.863640E-01 
   410   -3.975132E-02    5.411967E-01    4.227157E-01    6.849721E-01 
   411   -3.790265E-02    5.418875E-01    4.234652E-01    6.836321E-01 
   412   -3.605637E-02    5.425491E-01    4.241828E-01    6.823651E-01 
   413   -3.421235E-02    5.431707E-01    4.248569E-01    6.811912E-01 
   414   -3.237036E-02    5.437439E-01    4.254781E-01    6.801220E-01 
   415   -3.053028E-02    5.442637E-01    4.260409E-01    6.791637E-01 
   416   -2.869184E-02    5.447282E-01    4.265430E-01    6.783179E-01 
   417   -2.685488E-02    5.451376E-01    4.269846E-01    6.775852E-01 
   418   -2.501924E-02    5.454934E-01    4.273674E-01    6.769615E-01 
   419   -2.318464E-02    5.457987E-01    4.276947E-01    6.764353E-01 
   420   -2.135103E-02    5.460580E-01    4.279713E-01    6.759955E-01 
   421   -1.951815E-02    5.462764E-01    4.282030E-01    6.756297E-01 
   422   -1.768593E-02    5.464592E-01    4.283954E-01    6.753280E-01 
   423   -1.585430E-02    5.466117E-01    4.285543E-01    6.750790E-01 
   424   -1.402305E-02    5.467392E-01    4.286856E-01    6.748712E-01 
   425   -1.219221E-02    5.468465E-01    4.287945E-01    6.746978E-01 
   426   -1.036168E-02    5.469378E-01    4.288856E-01    6.745520E-01 
   427   -8.531429E-03    5.470161E-01    4.289622E-01    6.744282E-01 
   428   -6.701411E-03    5.470844E-01    4.290276E-01    6.743208E-01 
   429   -4.871575E-03    5.471449E-01    4.290842E-01    6.742259E-01 
   430   -3.041967E-03    5.471993E-01    4.291339E-01    6.741418E-01 
   431   -1.212511E-03    5.472487E-01    4.291778E-01    6.740656E-01 
   432    6.168073E-04    5.472943E-01    4.292172E-01    6.739960E-01 
   433    2.445962E-03    5.473368E-01    4.292529E-01    6.739317E-01 
   434    4.274965E-03    5.473767E-01    4.292856E-01    6.738723E-01 
   435    6.103878E-03    5.474147E-01    4.293156E-01    6.738170E-01 
   436    7.932650E-03    5.474508E-01    4.293434E-01    6.737654E-01 
   437    9.761279E-03    5.474854E-01    4.293692E-01    6.737175E-01 
   438    1.158984E-02    5.475187E-01    4.293932E-01    6.736716E-01 
   439    1.341826E-02    5.475509E-01    4.294156E-01    6.736286E-01 
   440    1.524659E-02    5.475822E-01    4.294366E-01    6.735883E-01 
   441    1.707481E-02    5.476125E-01    4.294562E-01    6.735498E-01 
   442    1.890291E-02    5.476422E-01    4.294747E-01    6.735129E-01 
   443    2.073099E-02    5.476714E-01    4.294920E-01    6.734780E-01 
   444    2.255887E-02    5.476999E-01    4.295080E-01    6.734457E-01 
   445    2.438668E-02    5.477279E-01    4.295232E-01    6.734143E-01 
   446    2.621449E-02    5.477557E-01    4.295378E-01    6.733838E-01 
   447    2.804209E-02    5.477831E-01    4.295515E-01    6.733562E-01 
   448    2.986962E-02    5.478102E-01    4.295636E-01    6.733298E-01 
   449    3.169714E-02    5.478371E-01    4.295746E-01    6.733035E-01 
   450    3.352450E-02    5.478639E-01    4.295857E-01    6.732791E-01 
   451    3.535179E-02    5.478906E-01    4.295966E-01    6.732573E-01 
   452    3.717897E-02    5.479170E-01    4.296062E-01    6.732353E-01 
   453    3.900607E-02    5.479439E-01    4.296143E-01    6.732135E-01 
   454    4.083318E-02    5.479710E-01    4.296215E-01    6.731947E-01 
   455    4.266002E-02    5.479978E-01    4.296285E-01    6.731774E-01 
   456    4.448680E-02    5.480247E-01    4.296362E-01    6.731585E-01 
   457    4.631374E-02    5.480525E-01    4.296436E-01    6.731408E-01 
   458    4.814031E-02    5.480807E-01    4.296488E-01    6.731275E-01 
   459    4.996673E-02    5.481089E-01    4.296516E-01    6.731129E-01 
   460    5.179338E-02    5.481380E-01    4.296552E-01    6.730959E-01 
   461    5.361977E-02    5.481681E-01    4.296607E-01    6.730834E-01 
   462    5.544586E-02    5.481981E-01    4.296655E-01    6.730742E-01 
   463    5.727207E-02    5.482288E-01    4.296682E-01    6.730599E-01 
   464    5.909828E-02    5.482619E-01    4.296706E-01    6.730452E-01 
   465    6.092418E-02    5.482965E-01    4.296722E-01    6.730379E-01 
   466    6.274983E-02    5.483307E-01    4.296718E-01    6.730304E-01 
   467    6.457565E-02    5.483663E-01    4.296726E-01    6.730148E-01 
   468    6.640145E-02    5.484049E-01    4.296776E-01    6.730027E-01 
   469    6.822669E-02    5.484449E-01    4.296823E-01    6.730005E-01 
   470    7.005190E-02    5.484857E-01    4.296808E-01    6.729932E-01 
   471    7.187741E-02    5.485303E-01    4.296752E-01    6.729746E-01 
   472    7.370237E-02    5.485788E-01    4.296721E-01    6.729635E-01 
   473    7.552704E-02    5.486263E-01    4.296740E-01    6.729757E-01 
   474    7.735191E-02    5.486739E-01    4.296804E-01    6.729614E-01 
   475    7.917630E-02    5.487306E-01    4.296865E-01    6.729302E-01 
   476    8.100091E-02    5.487933E-01    4.296773E-01    6.729369E-01 
   477    8.282543E-02    5.488536E-01    4.296528E-01    6.729774E-01 
   478    8.464803E-02    5.489180E-01    4.296493E-01    6.729033E-01 
   479    8.647190E-02    5.489944E-01    4.296731E-01    6.728824E-01 
   480    8.829894E-02    5.490709E-01    4.296779E-01    6.729964E-01 
   481    9.011728E-02    5.491488E-01    4.296503E-01    6.728993E-01 
   482    9.193852E-02    5.492520E-01    4.296436E-01    6.728102E-01 
   483    9.377240E-02    5.493589E-01    4.296419E-01    6.730038E-01 
   484    9.558522E-02    5.494583E-01    4.296234E-01    6.729433E-01 
   485    9.739730E-02    5.495894E-01    4.296313E-01    6.726866E-01 
   486    9.924467E-02    5.497621E-01    4.296927E-01    6.730310E-01 
   487    1.010563E-01    5.499694E-01    4.297645E-01    6.730225E-01 
   488    1.028410E-01    5.502581E-01    4.298016E-01    6.725143E-01 
   489    1.047161E-01    5.507172E-01    4.298073E-01    6.731050E-01 
   490    1.065320E-01    5.511609E-01    4.295355E-01    6.730644E-01 
   491    1.082536E-01    5.514324E-01    4.288417E-01    6.723508E-01 
   492    1.101853E-01    5.513620E-01    4.278054E-01    6.732389E-01 
   493    1.119964E-01    5.499162E-01    4.256962E-01    6.729488E-01 
   494    1.136397E-01    5.468572E-01    4.233291E-01    6.723665E-01 
   495    1.156779E-01    5.402256E-01    4.222343E-01    6.733114E-01 
   496    1.174684E-01    5.320300E-01    4.255347E-01    6.725419E-01 
   497    1.192269E-01    5.222687E-01    4.307257E-01    6.729527E-01 
   498    1.214068E-01    5.100685E-01    4.359047E-01    6.728345E-01 
   499    1.239609E-01    4.946795E-01    4.480558E-01    6.745943E-01 
   500    1.223008E-01    5.045515E-01    3.513055E-01    6.707186E-01 
   501    1.242015E-01    4.931413E-01    3.732940E-01    6.678646E-01 
   502    1.255963E-01    4.841198E-01    3.949731E-01    6.717713E-01 
   503    1.263234E-01    4.794370E-01    4.160982E-01    6.730828E-01 
   504    1.265249E-01    4.782099E-01    4.336477E-01    6.727030E-01 
   505    1.269393E-01    4.758251E-01    4.428609E-01    6.712576E-01 
   506    1.279531E-01    4.705452E-01    4.437204E-01    6.725084E-01 
   507    1.286213E-01    4.674168E-01    4.427525E-01    6.746545E-01 
   508    1.288340E-01    4.664993E-01    4.418077E-01    6.745376E-01 
   509    1.289762E-01    4.659155E-01    4.406168E-01    6.735430E-01 
   510    1.294725E-01    4.641070E-01    4.383876E-01    6.711808E-01 
   511    1.302236E-01    4.618570E-01    4.358471E-01    6.722773E-01 
   512    1.308866E-01    4.602896E-01    4.339786E-01    6.723766E-01 
   513    1.315374E-01    4.591191E-01    4.325212E-01    6.723179E-01 
   514    1.320744E-01    4.584039E-01    4.314772E-01    6.718976E-01 
   515    1.327550E-01    4.577406E-01    4.304759E-01    6.735254E-01 
   516    1.332515E-01    4.573848E-01    4.297895E-01    6.737379E-01 
   517    1.336646E-01    4.571621E-01    4.293064E-01    6.735353E-01 
   518    1.341043E-01    4.570077E-01    4.289260E-01    6.728755E-01 
   519    1.346370E-01    4.568999E-01    4.286189E-01    6.725403E-01 
   520    1.351948E-01    4.568560E-01    4.283969E-01    6.724231E-01 
   521    1.357812E-01    4.568669E-01    4.282631E-01    6.723242E-01 
   522    1.364341E-01    4.569185E-01    4.281873E-01    6.723912E-01 
   523    1.370476E-01    4.569774E-01    4.281302E-01    6.728548E-01 
   524    1.375766E-01    4.570313E-01    4.280682E-01    6.732539E-01 
   525    1.380701E-01    4.570805E-01    4.280077E-01    6.732385E-01 
   526    1.385825E-01    4.571434E-01    4.279632E-01    6.727596E-01 
   527    1.391251E-01    4.572224E-01    4.279390E-01    6.727204E-01 
   528    1.396515E-01    4.572984E-01    4.279083E-01    6.727653E-01 
   529    1.401799E-01    4.573769E-01    4.278872E-01    6.726111E-01 
   530    1.407391E-01    4.574620E-01    4.278822E-01    6.725381E-01 
   531    1.413271E-01    4.575479E-01    4.278894E-01    6.728158E-01 
   532    1.419013E-01    4.576204E-01    4.278919E-01    6.730938E-01 
   533    1.424445E-01    4.576804E-01    4.278877E-01    6.730111E-01 
   534    1.429727E-01    4.577433E-01    4.278927E-01    6.727429E-01 
   535    1.435174E-01    4.578129E-01    4.279066E-01    6.725853E-01 
   536    1.440729E-01    4.578811E-01    4.279173E-01    6.727018E-01 
   537    1.446100E-01    4.579416E-01    4.279193E-01    6.727323E-01 
   538    1.451418E-01    4.579986E-01    4.279165E-01    6.727163E-01 
   539    1.456825E-01    4.580535E-01    4.279152E-01    6.728011E-01 
   540    1.462283E-01    4.581039E-01    4.279097E-01    6.729157E-01 
   541    1.467771E-01    4.581498E-01    4.279070E-01    6.729330E-01 
   542    1.473303E-01    4.581946E-01    4.279047E-01    6.728302E-01 
   543    1.478860E-01    4.582416E-01    4.279144E-01    6.726919E-01 
   544    1.484403E-01    4.582892E-01    4.279230E-01    6.726487E-01 
   545    1.489914E-01    4.583340E-01    4.279354E-01    6.727036E-01 
   546    1.495358E-01    4.583747E-01    4.279374E-01    6.727600E-01 
   547    1.500739E-01    4.584122E-01    4.279420E-01    6.727852E-01 
   548    1.506088E-01    4.584468E-01    4.279372E-01    6.728053E-01 
   549    1.511446E-01    4.584796E-01    4.279371E-01    6.727970E-01 
   550    1.516857E-01    4.585120E-01    4.279327E-01    6.727674E-01 
   551    1.522355E-01    4.585446E-01    4.279354E-01    6.727419E-01 
   552    1.527919E-01    4.585764E-01    4.279362E-01    6.727445E-01 
   553    1.533471E-01    4.586061E-01    4.279395E-01    6.727602E-01 
   554    1.538973E-01    4.586335E-01    4.279408E-01    6.727735E-01 
   555    1.544437E-01    4.586590E-01    4.279413E-01    6.727796E-01 
   556    1.549866E-01    4.586829E-01    4.279424E-01    6.727702E-01 
   557    1.555266E-01    4.587060E-01    4.279401E-01    6.727436E-01 
   558    1.560653E-01    4.587293E-01    4.279429E-01    6.727104E-01 
   559    1.566056E-01    4.587527E-01    4.279408E-01    6.726892E-01 
   560    1.571503E-01    4.587755E-01    4.279452E-01    6.727011E-01 
   561    1.576990E-01    4.587967E-01    4.279415E-01    6.727451E-01 
   562    1.582492E-01    4.588158E-01    4.279437E-01    6.727840E-01 
   563    1.587981E-01    4.588330E-01    4.279380E-01    6.727918E-01 
   564    1.593458E-01    4.588494E-01    4.279392E-01    6.727765E-01 
   565    1.598919E-01    4.588654E-01    4.279350E-01    6.727545E-01 
   566    1.604368E-01    4.588816E-01    4.279372E-01    6.727281E-01 
   567    1.609800E-01    4.588980E-01    4.279361E-01    6.727008E-01 
   568    1.615226E-01    4.589145E-01    4.279386E-01    6.726837E-01 
   569    1.620654E-01    4.589304E-01    4.279392E-01    6.726869E-01 
   570    1.626094E-01    4.589453E-01    4.279392E-01    6.727113E-01 
   571    1.631549E-01    4.589589E-01    4.279397E-01    6.727365E-01 
   572    1.637012E-01    4.589714E-01    4.279365E-01    6.727473E-01 
   573    1.642483E-01    4.589830E-01    4.279374E-01    6.727462E-01 
   574    1.647952E-01    4.589940E-01    4.279329E-01    6.727389E-01 
   575    1.653419E-01    4.590048E-01    4.279351E-01    6.727291E-01 
   576    1.658874E-01    4.590153E-01    4.279308E-01    6.727186E-01 
   577    1.664324E-01    4.590258E-01    4.279340E-01    6.727066E-01 
   578    1.669761E-01    4.590363E-01    4.279306E-01    6.726957E-01 
   579    1.675198E-01    4.590466E-01    4.279339E-01    6.726878E-01 
   580    1.680635E-01    4.590565E-01    4.279312E-01    6.726878E-01 
   581    1.686080E-01    4.590658E-01    4.279330E-01    6.726949E-01 
   582    1.691534E-01    4.590744E-01    4.279307E-01    6.727053E-01 
   583    1.696994E-01    4.590823E-01    4.279304E-01    6.727131E-01 
   584    1.702456E-01    4.590895E-01    4.279289E-01    6.727162E-01 
   585    1.707916E-01    4.590963E-01    4.279267E-01    6.727148E-01 
   586    1.713374E-01    4.591027E-01    4.279268E-01    6.727091E-01 
   587    1.718823E-01    4.591089E-01    4.279232E-01    6.727006E-01 
   588    1.724272E-01    4.591153E-01    4.279252E-01    6.726905E-01 
   589    1.729714E-01    4.591217E-01    4.279216E-01    6.726810E-01 
   590    1.735158E-01    4.591282E-01    4.279250E-01    6.726742E-01 
   591    1.740602E-01    4.591344E-01    4.279212E-01    6.726739E-01 
   592    1.746051E-01    4.591401E-01    4.279241E-01    6.726793E-01 
   593    1.751503E-01    4.591453E-01    4.279200E-01    6.726866E-01 
   594    1.756958E-01    4.591499E-01    4.279214E-01    6.726906E-01 
   595    1.762413E-01    4.591541E-01    4.279176E-01    6.726914E-01 
   596    1.767867E-01    4.591579E-01    4.279176E-01    6.726882E-01 
   597    1.773321E-01    4.591616E-01    4.279151E-01    6.726830E-01 
   598    1.778770E-01    4.591653E-01    4.279140E-01    6.726771E-01 
   599    1.784219E-01    4.591689E-01    4.279136E-01    6.726709E-01 
   600    1.789664E-01    4.591726E-01    4.279115E-01    6.726660E-01 
   601    1.795112E-01    4.591762E-01    4.279130E-01    6.726628E-01 
   602    1.800558E-01    4.591797E-01    4.279096E-01    6.726614E-01 
   603    1.806008E-01    4.591828E-01    4.279119E-01    6.726620E-01 
   604    1.811458E-01    4.591856E-01    4.279073E-01    6.726634E-01 
   605    1.816911E-01    4.591880E-01    4.279095E-01    6.726638E-01 
   606    1.822362E-01    4.591902E-01    4.279045E-01    6.726634E-01 
   607    1.827815E-01    4.591921E-01    4.279061E-01    6.726613E-01 
   608    1.833266E-01    4.591939E-01    4.279017E-01    6.726584E-01 
   609    1.838715E-01    4.591956E-01    4.279024E-01    6.726547E-01 
   610    1.844164E-01    4.591973E-01    4.278994E-01    6.726503E-01 
   611    1.849612E-01    4.591989E-01    4.278991E-01    6.726465E-01 
   612    1.855060E-01    4.592005E-01    4.278978E-01    6.726433E-01 
   613    1.860508E-01    4.592020E-01    4.278961E-01    6.726412E-01 
   614    1.865958E-01    4.592034E-01    4.278964E-01    6.726400E-01 
   615    1.871407E-01    4.592045E-01    4.278930E-01    6.726391E-01 
   616    1.876859E-01    4.592054E-01    4.278943E-01    6.726381E-01 
   617    1.882309E-01    4.592061E-01    4.278896E-01    6.726369E-01 
   618    1.887761E-01    4.592067E-01    4.278914E-01    6.726345E-01 
   619    1.893210E-01    4.592071E-01    4.278863E-01    6.726320E-01 
   620    1.898660E-01    4.592075E-01    4.278880E-01    6.726287E-01 
   621    1.904109E-01    4.592079E-01    4.278834E-01    6.726252E-01 
   622    1.909557E-01    4.592081E-01    4.278845E-01    6.726221E-01 
   623    1.915006E-01    4.592084E-01    4.278809E-01    6.726191E-01 
   624    1.920455E-01    4.592085E-01    4.278809E-01    6.726167E-01 
   625    1.925905E-01    4.592085E-01    4.278786E-01    6.726146E-01 
   626    1.931354E-01    4.592084E-01    4.278772E-01    6.726125E-01 
   627    1.936805E-01    4.592082E-01    4.278763E-01    6.726106E-01 
   628    1.942254E-01    4.592079E-01    4.278733E-01    6.726083E-01 
   629    1.947706E-01    4.592075E-01    4.278738E-01    6.726056E-01 
   630    1.953154E-01    4.592069E-01    4.278693E-01    6.726030E-01 
   631    1.958605E-01    4.592064E-01    4.278708E-01    6.725997E-01 
   632    1.964053E-01    4.592057E-01    4.278657E-01    6.725968E-01 
   633    1.969503E-01    4.592050E-01    4.278674E-01    6.725936E-01 
   634    1.974952E-01    4.592043E-01    4.278623E-01    6.725906E-01 
   635    1.980402E-01    4.592035E-01    4.278636E-01    6.725879E-01 
   636    1.985851E-01    4.592027E-01    4.278593E-01    6.725851E-01 
   637    1.991301E-01    4.592017E-01    4.278596E-01    6.725826E-01 
   638    1.996751E-01    4.592007E-01    4.278564E-01    6.725799E-01 
   639    2.002201E-01    4.591996E-01    4.278554E-01    6.725770E-01 
   640    2.007651E-01    4.591985E-01    4.278536E-01    6.725743E-01 
   641    2.013100E-01    4.591973E-01    4.278511E-01    6.725711E-01 
   642    2.018551E-01    4.591960E-01    4.278508E-01    6.725680E-01 
   643    2.023999E-01    4.591947E-01    4.278468E-01    6.725651E-01 
   644    2.029450E-01    4.591934E-01    4.278478E-01    6.725616E-01 
   645    2.034898E-01    4.591920E-01    4.278428E-01    6.725588E-01 
   646    2.040349E-01    4.591906E-01    4.278443E-01    6.725556E-01 
   647    2.045798E-01    4.591891E-01    4.278390E-01    6.725527E-01 
   648    2.051249E-01    4.591876E-01    4.278403E-01    6.725499E-01 
   649    2.056699E-01    4.591860E-01    4.278354E-01    6.725467E-01 
   650    2.062148E-01    4.591844E-01    4.278360E-01    6.725438E-01 
   651    2.067599E-01    4.591827E-01    4.278320E-01    6.725405E-01 
   652    2.073048E-01    4.591809E-01    4.278314E-01    6.725372E-01 
   653    2.078498E-01    4.591792E-01    4.278287E-01    6.725341E-01 
   654    2.083948E-01    4.591774E-01    4.278267E-01    6.725306E-01 
   655    2.089398E-01    4.591755E-01    4.278255E-01    6.725273E-01 
   656    2.094847E-01    4.591736E-01    4.278220E-01    6.725240E-01 
   657    2.100299E-01    4.591717E-01    4.278222E-01    6.725203E-01 
   658    2.105747E-01    4.591697E-01    4.278173E-01    6.725171E-01 
   659    2.111199E-01    4.591677E-01    4.278183E-01    6.725132E-01 
   660    2.116648E-01    4.591657E-01    4.278128E-01    6.725098E-01 
   661    2.122099E-01    4.591636E-01    4.278141E-01    6.725061E-01 
   662    2.127549E-01    4.591615E-01    4.278086E-01    6.725023E-01 
   663    2.132999E-01    4.591595E-01    4.278095E-01    6.724988E-01 
   664    2.138449E-01    4.591574E-01    4.278048E-01    6.724948E-01 
   665    2.143899E-01    4.591553E-01    4.278047E-01    6.724912E-01 
   666    2.149349E-01    4.591532E-01    4.278012E-01    6.724877E-01 
   667    2.154800E-01    4.591511E-01    4.277999E-01    6.724841E-01 
   668    2.160250E-01    4.591489E-01    4.277979E-01    6.724810E-01 
   669    2.165700E-01    4.591467E-01    4.277950E-01    6.724778E-01 
   670    2.171151E-01    4.591445E-01    4.277945E-01    6.724746E-01 
   671    2.176600E-01    4.591421E-01    4.277900E-01    6.724719E-01 
   672    2.182052E-01    4.591397E-01    4.277904E-01    6.724686E-01 
   673    2.187501E-01    4.591371E-01    4.277846E-01    6.724660E-01 
   674    2.192953E-01    4.591343E-01    4.277851E-01    6.724627E-01 
   675    2.198403E-01    4.591313E-01    4.277786E-01    6.724593E-01 
   676    2.203853E-01    4.591281E-01    4.277784E-01    6.724556E-01 
   677    2.209304E-01    4.591246E-01    4.277716E-01    6.724508E-01 
   678    2.214754E-01    4.591208E-01    4.277701E-01    6.724458E-01 
   679    2.220205E-01    4.591168E-01    4.277636E-01    6.724394E-01 
   680    2.225655E-01    4.591125E-01    4.277603E-01    6.724318E-01 
   681    2.231106E-01    4.591081E-01    4.277547E-01    6.724235E-01 
   682    2.236557E-01    4.591035E-01    4.277497E-01    6.724134E-01 
   683    2.242008E-01    4.590990E-01    4.277455E-01    6.724024E-01 
   684    2.247458E-01    4.590946E-01    4.277391E-01    6.723903E-01 
   685    2.252910E-01    4.590904E-01    4.277368E-01    6.723766E-01 
   686    2.258360E-01    4.590866E-01    4.277300E-01    6.723632E-01 
   687    2.263813E-01    4.590833E-01    4.277298E-01    6.723480E-01 
   688    2.269263E-01    4.590807E-01    4.277239E-01    6.723349E-01 
   689    2.274715E-01    4.590788E-01    4.277257E-01    6.723240E-01 
   690    2.280166E-01    4.590776E-01    4.277217E-01    6.723171E-01 
   691    2.285617E-01    4.590771E-01    4.277249E-01    6.723172E-01 
   692    2.291069E-01    4.590772E-01    4.277233E-01    6.723227E-01 
   693    2.296520E-01    4.590777E-01    4.277269E-01    6.723346E-01 
   694    2.301972E-01    4.590783E-01    4.277271E-01    6.723505E-01 
   695    2.307423E-01    4.590787E-01    4.277293E-01    6.723675E-01 
   696    2.312874E-01    4.590783E-01    4.277298E-01    6.723855E-01 
   697    2.318324E-01    4.590768E-01    4.277281E-01    6.724013E-01 
   698    2.323776E-01    4.590736E-01    4.277263E-01    6.724146E-01 
   699    2.329226E-01    4.590681E-01    4.277179E-01    6.724247E-01 
   700    2.334678E-01    4.590597E-01    4.277106E-01    6.724293E-01 
   701    2.340127E-01    4.590479E-01    4.276930E-01    6.724289E-01 
   702    2.345579E-01    4.590324E-01    4.276771E-01    6.724205E-01 
   703    2.351029E-01    4.590130E-01    4.276491E-01    6.724041E-01 
   704    2.356481E-01    4.589895E-01    4.276228E-01    6.723757E-01 
   705    2.361932E-01    4.589624E-01    4.275851E-01    6.723320E-01 
   706    2.367384E-01    4.589321E-01    4.275491E-01    6.722715E-01 
   707    2.372836E-01    4.588995E-01    4.275052E-01    6.721921E-01 
   708    2.378288E-01    4.588658E-01    4.274637E-01    6.720948E-01 
   709    2.383742E-01    4.588324E-01    4.274201E-01    6.719800E-01 
   710    2.389196E-01    4.588010E-01    4.273803E-01    6.718490E-01 
   711    2.394651E-01    4.587735E-01    4.273459E-01    6.717048E-01 
   712    2.400106E-01    4.587517E-01    4.273171E-01    6.715506E-01 
   713    2.405564E-01    4.587372E-01    4.273011E-01    6.713996E-01 
   714    2.411021E-01    4.587314E-01    4.272917E-01    6.712756E-01 
   715    2.416480E-01    4.587352E-01    4.273006E-01    6.711989E-01 
   716    2.421938E-01    4.587489E-01    4.273161E-01    6.711971E-01 
   717    2.427397E-01    4.587722E-01    4.273507E-01    6.712737E-01 
   718    2.432854E-01    4.588039E-01    4.273894E-01    6.714246E-01 
   719    2.438311E-01    4.588419E-01    4.274428E-01    6.716309E-01 
   720    2.443766E-01    4.588833E-01    4.274948E-01    6.718676E-01 
   721    2.449220E-01    4.589244E-01    4.275516E-01    6.721190E-01 
   722    2.454672E-01    4.589611E-01    4.275984E-01    6.723650E-01 
   723    2.460122E-01    4.589883E-01    4.276358E-01    6.725917E-01 
   724    2.465572E-01    4.590010E-01    4.276528E-01    6.727876E-01 
   725    2.471020E-01    4.589939E-01    4.276440E-01    6.729415E-01 
   726    2.476467E-01    4.589620E-01    4.276043E-01    6.730469E-01 
   727    2.481913E-01    4.589008E-01    4.275234E-01    6.730930E-01 
   728    2.487361E-01    4.588067E-01    4.274038E-01    6.730731E-01 
   729    2.492807E-01    4.586776E-01    4.272331E-01    6.729762E-01 
   730    2.498257E-01    4.585130E-01    4.270223E-01    6.727894E-01 
   731    2.503706E-01    4.583147E-01    4.267608E-01    6.724897E-01 
   732    2.509159E-01    4.580867E-01    4.264673E-01    6.720518E-01 
   733    2.514615E-01    4.578357E-01    4.261373E-01    6.714605E-01 
   734    2.520075E-01    4.575710E-01    4.257957E-01    6.707081E-01 
   735    2.525541E-01    4.573045E-01    4.254465E-01    6.698051E-01 
   736    2.531013E-01    4.570500E-01    4.251172E-01    6.687583E-01 
   737    2.536492E-01    4.568223E-01    4.248200E-01    6.675846E-01 
   738    2.541978E-01    4.566369E-01    4.245798E-01    6.663169E-01 
   739    2.547473E-01    4.565083E-01    4.244132E-01    6.650432E-01 
   740    2.552973E-01    4.564484E-01    4.243351E-01    6.639430E-01 
   741    2.558480E-01    4.564659E-01    4.243602E-01    6.632230E-01 
   742    2.563988E-01    4.565638E-01    4.244861E-01    6.630805E-01 
   743    2.569498E-01    4.567388E-01    4.247177E-01    6.636294E-01 
   744    2.575001E-01    4.569799E-01    4.250292E-01    6.647942E-01 
   745    2.580498E-01    4.572682E-01    4.254089E-01    6.664626E-01 
   746    2.585981E-01    4.575763E-01    4.258076E-01    6.683997E-01 
   747    2.591453E-01    4.578697E-01    4.261937E-01    6.704800E-01 
   748    2.596911E-01    4.581063E-01    4.264992E-01    6.725443E-01 
   749    2.602357E-01    4.582383E-01    4.266735E-01    6.744578E-01 
   750    2.607790E-01    4.582126E-01    4.266365E-01    6.761231E-01 
   751    2.613215E-01    4.579728E-01    4.263219E-01    6.774273E-01 
   752    2.618633E-01    4.574597E-01    4.256453E-01    6.783312E-01 
   753    2.624047E-01    4.566125E-01    4.245294E-01    6.787671E-01 
   754    2.629462E-01    4.553708E-01    4.228942E-01    6.786044E-01 
   755    2.634881E-01    4.536768E-01    4.206607E-01    6.776977E-01 
   756    2.640311E-01    4.514748E-01    4.177611E-01    6.760111E-01 
   757    2.645759E-01    4.487130E-01    4.141198E-01    6.731899E-01 
   758    2.651233E-01    4.453436E-01    4.096889E-01    6.688229E-01 
   759    2.656743E-01    4.413276E-01    4.044079E-01    6.627861E-01 
   760    2.662304E-01    4.366263E-01    3.982468E-01    6.547855E-01 
   761    2.667927E-01    4.312154E-01    3.911724E-01    6.444844E-01 
   762    2.673631E-01    4.250753E-01    3.831837E-01    6.317462E-01 
   763    2.679431E-01    4.181994E-01    3.742772E-01    6.160715E-01 
   764    2.685348E-01    4.105881E-01    3.644870E-01    5.973331E-01 
   765    2.691401E-01    4.022632E-01    3.538545E-01    5.758564E-01 
   766    2.697614E-01    3.932594E-01    3.424599E-01    5.511664E-01 
   767    2.704003E-01    3.836435E-01    3.304149E-01    5.227402E-01 
   768    2.710593E-01    3.734971E-01    3.178490E-01    4.907201E-01 
   769    2.717407E-01    3.629262E-01    3.049259E-01    4.558564E-01 
   770    2.724462E-01    3.520727E-01    2.918422E-01    4.184486E-01 
   771    2.731775E-01    3.411067E-01    2.788255E-01    3.783655E-01 
   772    2.739355E-01    3.302201E-01    2.661061E-01    3.363129E-01 
   773    2.747217E-01    3.196054E-01    2.539136E-01    2.937331E-01 
   774    2.755357E-01    3.094695E-01    2.424666E-01    2.516335E-01 
   775    2.763772E-01    2.999977E-01    2.319520E-01    2.110341E-01 
   776    2.772447E-01    2.913489E-01    2.225070E-01    1.730174E-01 
   777    2.781364E-01    2.836351E-01    2.142164E-01    1.389097E-01 
   778    2.790497E-01    2.769228E-01    2.071037E-01    1.092810E-01 
   779    2.799816E-01    2.712194E-01    2.011361E-01    8.442592E-02 
   780    2.809292E-01    2.664838E-01    1.962334E-01    6.408187E-02 
   781    2.818896E-01    2.626365E-01    1.922844E-01    4.790344E-02 
   782    2.828600E-01    2.595733E-01    1.891620E-01    3.538001E-02 
   783    2.838383E-01    2.571800E-01    1.867342E-01    2.581042E-02 
   784    2.848225E-01    2.553403E-01    1.848745E-01    1.860583E-02 
   785    2.858113E-01    2.539467E-01    1.834693E-01    1.326037E-02 
   786    2.868033E-01    2.529051E-01    1.824207E-01    9.339105E-03 
   787    2.877977E-01    2.521358E-01    1.816469E-01    6.487375E-03 
   788    2.887939E-01    2.515735E-01    1.810817E-01    4.426537E-03 
   789    2.897913E-01    2.511667E-01    1.806728E-01    2.943380E-03 
   790    2.907896E-01    2.508752E-01    1.803798E-01    1.878064E-03 
   791    2.917885E-01    2.506685E-01    1.801720E-01    1.112738E-03 
   792    2.927879E-01    2.505234E-01    1.800262E-01    5.614393E-04 
   793    2.937875E-01    2.504230E-01    1.799253E-01    1.620180E-04 
   794    2.947873E-01    2.503547E-01    1.798566E-01   -1.300758E-04 
   795    2.957872E-01    2.503094E-01    1.798110E-01   -3.465532E-04 
   796    2.967872E-01    2.502803E-01    1.797819E-01   -5.098553E-04 
   797    2.977873E-01    2.502628E-01    1.797643E-01   -6.357792E-04 
   798    2.987873E-01    2.502535E-01    1.797548E-01   -7.353874E-04 
   799    2.997874E-01    2.502498E-01    1.797511E-01   -8.163845E-04 
   800    3.007874E-01    2.502500E-01    1.797513E-01   -8.841022E-04 
   801    3.017875E-01    2.502529E-01    1.797542E-01   -9.422013E-04 
   802    3.027874E-01    2.502575E-01    1.797589E-01   -9.931691E-04 
   803    3.037874E-01    2.502633E-01    1.797647E-01   -1.038671E-03 
   804    3.047874E-01    2.502698E-01    1.797712E-01   -1.079802E-03 
   805    3.057873E-01    2.502766E-01    1.797781E-01   -1.117255E-03 
   806    3.067871E-01    2.502834E-01    1.797849E-01   -1.151452E-03 
   807    3.077870E-01    2.502901E-01    1.797917E-01   -1.182626E-03 
   808    3.087868E-01    2.502965E-01    1.797981E-01   -1.210882E-03 
   809    3.097866E-01    2.503026E-01    1.798042E-01   -1.236248E-03 
   810    3.107864E-01    2.503081E-01    1.798098E-01   -1.258699E-03 
   811    3.117861E-01    2.503131E-01    1.798148E-01   -1.278178E-03 
   812    3.127859E-01    2.503174E-01    1.798191E-01   -1.294596E-03 
   813    3.137856E-01    2.503210E-01    1.798227E-01   -1.307820E-03 
   814    3.147853E-01    2.503237E-01    1.798255E-01   -1.317742E-03 
   815    3.157850E-01    2.503256E-01    1.798274E-01   -1.324317E-03 
   816    3.167846E-01    2.503263E-01    1.798281E-01   -1.327707E-03 
   817    3.177843E-01    2.503258E-01    1.798276E-01   -1.327649E-03 
   818    3.187840E-01    2.503238E-01    1.798255E-01   -1.323279E-03 
   819    3.197837E-01    2.503199E-01    1.798217E-01   -1.312950E-03 
   820    3.207834E-01    2.503140E-01    1.798157E-01   -1.294314E-03 
   821    3.217831E-01    2.503056E-01    1.798073E-01   -1.265279E-03 
   822    3.227828E-01    2.502947E-01    1.797963E-01   -1.224596E-03 
   823    3.237826E-01    2.502809E-01    1.797824E-01   -1.171220E-03 
   824    3.247825E-01    2.502642E-01    1.797656E-01   -1.104502E-03 
   825    3.257824E-01    2.502445E-01    1.797458E-01   -1.024240E-03 
   826    3.267824E-01    2.502221E-01    1.797233E-01   -9.307837E-04 
   827    3.277825E-01    2.501971E-01    1.796982E-01   -8.252128E-04 
   828    3.287828E-01    2.501700E-01    1.796709E-01   -7.091007E-04 
   829    3.297831E-01    2.501413E-01    1.796420E-01   -5.846892E-04 
   830    3.307836E-01    2.501115E-01    1.796121E-01   -4.547110E-04 
   831    3.317842E-01    2.500816E-01    1.795820E-01   -3.223585E-04 
   832    3.327850E-01    2.500522E-01    1.795524E-01   -1.914074E-04 
   833    3.337859E-01    2.500241E-01    1.795243E-01   -6.590588E-05 
   834    3.347869E-01    2.499984E-01    1.794984E-01    4.984192E-05 
   835    3.357880E-01    2.499757E-01    1.794756E-01    1.517519E-04 
   836    3.367892E-01    2.499567E-01    1.794564E-01    2.364045E-04 
   837    3.377905E-01    2.499418E-01    1.794415E-01    3.013036E-04 
   838    3.387918E-01    2.499314E-01    1.794310E-01    3.441663E-04 
   839    3.397932E-01    2.499253E-01    1.794249E-01    3.607157E-04 
   840    3.407946E-01    2.499231E-01    1.794227E-01    3.505465E-04 
   841    3.417959E-01    2.499243E-01    1.794239E-01    3.214448E-04 
   842    3.427973E-01    2.499282E-01    1.794278E-01    2.846561E-04 
   843    3.437986E-01    2.499339E-01    1.794335E-01    2.470424E-04 
   844    3.447998E-01    2.499407E-01    1.794404E-01    2.109060E-04 
   845    3.458010E-01    2.499480E-01    1.794478E-01    1.767476E-04 
   846    3.468022E-01    2.499554E-01    1.794552E-01    1.455743E-04 
   847    3.478034E-01    2.499625E-01    1.794623E-01    1.176878E-04 
   848    3.488045E-01    2.499690E-01    1.794688E-01    9.306475E-05 
   849    3.498056E-01    2.499749E-01    1.794748E-01    7.156223E-05 
   850    3.508067E-01    2.499802E-01    1.794801E-01    5.291821E-05 
   851    3.518077E-01    2.499849E-01    1.794848E-01    3.693937E-05 
   852    3.528088E-01    2.499889E-01    1.794889E-01    2.342454E-05 
   853    3.538098E-01    2.499924E-01    1.794923E-01    1.219325E-05 
   854    3.548108E-01    2.499953E-01    1.794952E-01    2.979030E-06 
   855    3.558118E-01    2.499977E-01    1.794977E-01   -4.509683E-06 
   856    3.568128E-01    2.499997E-01    1.794997E-01   -1.056587E-05 
   857    3.578138E-01    2.500013E-01    1.795013E-01   -1.525823E-05 
   858    3.588148E-01    2.500025E-01    1.795025E-01   -1.869217E-05 
   859    3.598158E-01    2.500035E-01    1.795035E-01   -2.093991E-05 
   860    3.608168E-01    2.500041E-01    1.795041E-01   -2.220192E-05 
   861    3.618178E-01    2.500045E-01    1.795046E-01   -2.278118E-05 
   862    3.628187E-01    2.500048E-01    1.795048E-01   -2.304430E-05 
   863    3.638197E-01    2.500048E-01    1.795048E-01   -2.309048E-05 
   864    3.648207E-01    2.500047E-01    1.795047E-01   -2.283295E-05 
   865    3.658217E-01    2.500045E-01    1.795045E-01   -2.189021E-05 
   866    3.668227E-01    2.500043E-01    1.795043E-01   -1.977144E-05 
   867    3.678236E-01    2.500039E-01    1.795040E-01   -1.659676E-05 
   868    3.688246E-01    2.500036E-01    1.795036E-01   -1.366219E-05 
   869    3.698256E-01    2.500033E-01    1.795033E-01   -1.197025E-05 
   870    3.708266E-01    2.500030E-01    1.795030E-01   -1.188193E-05 
   871    3.718276E-01    2.500028E-01    1.795028E-01   -1.257795E-05 
   872    3.728286E-01    2.500028E-01    1.795028E-01   -1.295941E-05 
   873    3.738296E-01    2.500029E-01    1.795029E-01   -1.300540E-05 
   874    3.748306E-01    2.500030E-01    1.795030E-01   -1.399282E-05 
   875    3.758316E-01    2.500033E-01    1.795033E-01   -1.564992E-05 
   876    3.768326E-01    2.500036E-01    1.795036E-01   -1.722453E-05 
   877    3.778335E-01    2.500039E-01    1.795039E-01   -1.853055E-05 
   878    3.788345E-01    2.500041E-01    1.795041E-01   -1.950568E-05 
   879    3.798355E-01    2.500043E-01    1.795043E-01   -2.023684E-05 
   880    3.808365E-01    2.500045E-01    1.795045E-01   -2.079525E-05 
   881    3.818375E-01    2.500046E-01    1.795046E-01   -2.126051E-05 
   882    3.828385E-01    2.500046E-01    1.795046E-01   -2.165196E-05 
   883    3.838394E-01    2.500046E-01    1.795046E-01   -2.168379E-05 
   884    3.848404E-01    2.500045E-01    1.795045E-01   -2.099656E-05 
   885    3.858414E-01    2.500044E-01    1.795044E-01   -1.972095E-05 
   886    3.868424E-01    2.500042E-01    1.795042E-01   -1.797518E-05 
   887    3.878434E-01    2.500039E-01    1.795039E-01   -1.641356E-05 
   888    3.888444E-01    2.500037E-01    1.795037E-01   -1.599753E-05 
   889    3.898453E-01    2.500034E-01    1.795034E-01   -1.623833E-05 
   890    3.908463E-01    2.500032E-01    1.795033E-01   -1.583259E-05 
   891    3.918473E-01    2.500031E-01    1.795031E-01   -1.479374E-05 
   892    3.928483E-01    2.500031E-01    1.795031E-01   -1.332832E-05 
   893    3.938493E-01    2.500031E-01    1.795031E-01   -1.281904E-05 
   894    3.948503E-01    2.500032E-01    1.795032E-01   -1.381704E-05 
   895    3.958513E-01    2.500033E-01    1.795033E-01   -1.500309E-05 
   896    3.968523E-01    2.500034E-01    1.795034E-01   -1.581825E-05 
   897    3.978533E-01    2.500035E-01    1.795035E-01   -1.646901E-05 
   898    3.988543E-01    2.500035E-01    1.795036E-01   -1.691369E-05 
   899    3.998552E-01    2.500036E-01    1.795036E-01   -1.714053E-05 
   900    4.008562E-01    2.500037E-01    1.795037E-01   -1.766983E-05 
   901    4.018572E-01    2.500037E-01    1.795037E-01   -1.828255E-05 
   902    4.028582E-01    2.500037E-01    1.795037E-01   -1.817398E-05 
   903    4.038592E-01    2.500037E-01    1.795037E-01   -1.753701E-05 
   904    4.048602E-01    2.500036E-01    1.795036E-01   -1.641516E-05 
   905    4.058612E-01    2.500034E-01    1.795035E-01   -1.451640E-05 
   906    4.068621E-01    2.500033E-01    1.795033E-01   -1.401170E-05 
   907    4.078631E-01    2.500031E-01    1.795031E-01   -1.492932E-05 
   908    4.088641E-01    2.500029E-01    1.795029E-01   -1.550889E-05 
   909    4.098651E-01    2.500028E-01    1.795028E-01   -1.537153E-05 
   910    4.108661E-01    2.500027E-01    1.795027E-01   -1.375256E-05 
   911    4.118671E-01    2.500027E-01    1.795027E-01   -1.076172E-05 
   912    4.128680E-01    2.500026E-01    1.795027E-01   -1.055103E-05 
   913    4.138690E-01    2.500026E-01    1.795026E-01   -1.237430E-05 
   914    4.148700E-01    2.500027E-01    1.795027E-01   -1.375604E-05 
   915    4.158711E-01    2.500027E-01    1.795028E-01   -1.447896E-05 
   916    4.168721E-01    2.500028E-01    1.795028E-01   -1.467766E-05 
   917    4.178731E-01    2.500028E-01    1.795028E-01   -1.292808E-05 
   918    4.188740E-01    2.500028E-01    1.795028E-01   -1.255443E-05 
   919    4.198749E-01    2.500027E-01    1.795027E-01   -1.463719E-05 
   920    4.208759E-01    2.500027E-01    1.795027E-01   -1.625780E-05 
   921    4.218770E-01    2.500027E-01    1.795027E-01   -1.638922E-05 
   922    4.228781E-01    2.500027E-01    1.795027E-01   -1.505204E-05 
   923    4.238791E-01    2.500026E-01    1.795026E-01   -1.052911E-05 
   924    4.248799E-01    2.500024E-01    1.795024E-01   -7.514827E-06 
   925    4.258808E-01    2.500022E-01    1.795022E-01   -1.059379E-05 
   926    4.268818E-01    2.500021E-01    1.795021E-01   -1.444777E-05 
   927    4.278829E-01    2.500021E-01    1.795021E-01   -1.607794E-05 
   928    4.288841E-01    2.500021E-01    1.795021E-01   -1.473871E-05 
   929    4.298851E-01    2.500021E-01    1.795021E-01   -8.735876E-06 
   930    4.308859E-01    2.500020E-01    1.795020E-01   -4.711334E-06 
   931    4.318867E-01    2.500019E-01    1.795019E-01   -9.461093E-06 
   932    4.328877E-01    2.500019E-01    1.795019E-01   -1.569181E-05 
   933    4.338889E-01    2.500020E-01    1.795020E-01   -1.796813E-05 
   934    4.348901E-01    2.500021E-01    1.795021E-01   -1.647763E-05 
   935    4.358912E-01    2.500021E-01    1.795021E-01   -9.020065E-06 
   936    4.368919E-01    2.500018E-01    1.795018E-01   -9.430377E-07 
   937    4.378925E-01    2.500015E-01    1.795015E-01   -7.459901E-06 
   938    4.388934E-01    2.500014E-01    1.795014E-01   -1.810227E-05 
   939    4.398948E-01    2.500015E-01    1.795015E-01   -2.304413E-05 
   940    4.408962E-01    2.500017E-01    1.795017E-01   -1.942236E-05 
   941    4.418976E-01    2.500016E-01    1.795016E-01   -2.335679E-06 
   942    4.428980E-01    2.500011E-01    1.795011E-01    8.982924E-06 
   943    4.438981E-01    2.500007E-01    1.795007E-01   -5.053922E-06 
   944    4.448989E-01    2.500006E-01    1.795006E-01   -2.210627E-05 
   945    4.459005E-01    2.500010E-01    1.795010E-01   -2.755033E-05 
   946    4.469028E-01    2.500012E-01    1.795012E-01   -1.806860E-05 
   947    4.479042E-01    2.500011E-01    1.795011E-01    1.029260E-06 
   948    4.489039E-01    2.500005E-01    1.795005E-01    1.522366E-05 
   949    4.499034E-01    2.499998E-01    1.794998E-01   -3.677823E-06 
   950    4.509044E-01    2.499996E-01    1.794996E-01   -2.313499E-05 
   951    4.519066E-01    2.500001E-01    1.795001E-01   -3.862654E-05 
   952    4.529091E-01    2.500005E-01    1.795005E-01   -3.253609E-05 
   953    4.539112E-01    2.500002E-01    1.795002E-01    1.798245E-05 
   954    4.549102E-01    2.499989E-01    1.794989E-01    3.852926E-05 
   955    4.559091E-01    2.499976E-01    1.794975E-01    7.016547E-06 
   956    4.569085E-01    2.499977E-01    1.794977E-01   -5.510369E-05 
   957    4.579110E-01    2.499992E-01    1.794992E-01   -7.211827E-05 
   958    4.589178E-01    2.499999E-01    1.794999E-01   -5.476822E-06 
   959    4.599208E-01    2.499987E-01    1.794987E-01    6.688753E-05 
   960    4.609163E-01    2.499969E-01    1.794969E-01    3.217041E-05 
   961    4.619101E-01    2.499964E-01    1.794964E-01   -2.802918E-05 
   962    4.629103E-01    2.499976E-01    1.794977E-01   -7.621959E-05 
   963    4.639209E-01    2.499991E-01    1.794991E-01   -5.518370E-05 
   964    4.649323E-01    2.499988E-01    1.794988E-01    4.374351E-05 
   965    4.659240E-01    2.499977E-01    1.794977E-01    2.639215E-06 
   966    4.669181E-01    2.499958E-01    1.794958E-01    6.727794E-05 
   967    4.679124E-01    2.499937E-01    1.794937E-01   -6.153162E-06 
   968    4.689177E-01    2.499945E-01    1.794945E-01   -1.006789E-04 
   969    4.699354E-01    2.499955E-01    1.794955E-01   -7.520859E-05 
   970    4.709274E-01    2.499956E-01    1.794956E-01   -4.861563E-05 
   971    4.719406E-01    2.499925E-01    1.794926E-01    1.647031E-04 
   972    4.729286E-01    2.499867E-01    1.794867E-01    1.465798E-04 
   973    4.739095E-01    2.499842E-01    1.794842E-01   -9.149421E-05 
   974    4.749123E-01    2.499877E-01    1.794878E-01   -3.055719E-04 
   975    4.759297E-01    2.499910E-01    1.794910E-01   -4.546272E-05 
   976    4.769747E-01    2.499872E-01    1.794874E-01    1.994687E-04 
   977    4.779670E-01    2.499792E-01    1.794794E-01    2.570698E-04 
   978    4.789129E-01    2.499724E-01    1.794725E-01    4.179526E-05 
   979    4.798425E-01    2.499798E-01    1.794804E-01   -5.492046E-04 
   980    4.809415E-01    2.499843E-01    1.794846E-01    5.042777E-06 
   981    4.820073E-01    2.499765E-01    1.794774E-01    1.535735E-04 
   982    4.830156E-01    2.499614E-01    1.794626E-01    2.465229E-04 
   983    4.839527E-01    2.499403E-01    1.794410E-01    1.971019E-04 
   984    4.847353E-01    2.499259E-01    1.794270E-01   -5.834084E-04 
   985    4.859670E-01    2.498927E-01    1.793940E-01    1.445514E-05 
   986    4.870183E-01    2.498166E-01    1.793199E-01    6.857087E-05 
   987    4.880385E-01    2.496830E-01    1.791880E-01    1.316643E-04 
   988    4.890110E-01    2.494533E-01    1.789560E-01    1.624556E-04 
   989    4.896964E-01    2.491946E-01    1.786578E-01   -3.121325E-04 
   990    4.909910E-01    2.486750E-01    1.785486E-01    0.000000E+00 
   991    4.919920E-01    2.483623E-01    1.783241E-01    0.000000E+00 
   992    4.929930E-01    2.477330E-01    1.778723E-01    0.000000E+00 
   993    4.939940E-01    2.460397E-01    1.766565E-01    0.000000E+00 
   994    4.949950E-01    2.421360E-01    1.738537E-01    0.000000E+00 
   995    4.959960E-01    2.342163E-01    1.681673E-01    0.000000E+00 
   996    4.969970E-01    2.204171E-01    1.582595E-01    0.000000E+00 
   997    4.979980E-01    1.999359E-01    1.435540E-01    0.000000E+00 
   998    4.989990E-01    1.731569E-01    1.243266E-01    0.000000E+00 
   999    5.000000E-01    1.416667E-01    1.017167E-01    0.000000E+00 
