     0   -5.000000E-01    5.666667E-01    5.666667E-01    0.000000E+00 
     1   -4.989990E-01    6.926276E-01    6.926276E-01    0.000000E+00 
     2   -4.979980E-01    7.997444E-01    7.997444E-01    0.000000E+00 
     3   -4.969970E-01    8.816699E-01    8.816699E-01    0.000000E+00 
     4   -4.959960E-01    9.368680E-01    9.368680E-01    0.000000E+00 
     5   -4.949950E-01    9.685479E-01    9.685479E-01    0.000000E+00 
     6   -4.939940E-01    9.841631E-01    9.841631E-01    0.000000E+00 
     7   -4.929930E-01    9.909355E-01    9.909355E-01    0.000000E+00 
     8   -4.919920E-01    9.934513E-01    9.934513E-01    0.000000E+00 
     9   -4.909910E-01    9.947003E-01    9.947003E-01    0.000000E+00 
    10   -4.896968E-01    9.967764E-01    9.953059E-01    2.536290E-04 
    11   -4.890109E-01    9.978117E-01    9.969669E-01   -1.311475E-04 
    12   -4.880385E-01    9.987307E-01    9.982600E-01   -1.059406E-04 
    13   -4.870181E-01    9.992655E-01    9.989958E-01   -5.706236E-05 
    14   -4.859669E-01    9.995702E-01    9.994088E-01   -1.207556E-05 
    15   -4.847355E-01    9.997025E-01    9.995914E-01    4.696486E-04 
    16   -4.839529E-01    9.997595E-01    9.996692E-01   -1.553144E-04 
    17   -4.830156E-01    9.998439E-01    9.997893E-01   -1.981498E-04 
    18   -4.820071E-01    9.999051E-01    9.998726E-01   -1.247434E-04 
    19   -4.809417E-01    9.999366E-01    9.999132E-01   -4.616691E-06 
    20   -4.798418E-01    9.999186E-01    9.998898E-01    4.369312E-04 
    21   -4.789134E-01    9.998890E-01    9.998460E-01   -3.054321E-05 
    22   -4.779674E-01    9.999156E-01    9.998839E-01   -2.039370E-04 
    23   -4.769746E-01    9.999480E-01    9.999288E-01   -1.588241E-04 
    24   -4.759299E-01    9.999630E-01    9.999486E-01    3.413330E-05 
    25   -4.749111E-01    9.999505E-01    9.999314E-01    2.414380E-04 
    26   -4.739097E-01    9.999367E-01    9.999118E-01    7.235355E-05 
    27   -4.729293E-01    9.999460E-01    9.999249E-01   -1.135871E-04 
    28   -4.719410E-01    9.999689E-01    9.999569E-01   -1.290229E-04 
    29   -4.709274E-01    9.999813E-01    9.999739E-01    3.589928E-05 
    30   -4.699346E-01    9.999810E-01    9.999735E-01    6.054081E-05 
    31   -4.689174E-01    9.999773E-01    9.999684E-01    7.696305E-05 
    32   -4.679128E-01    9.999741E-01    9.999639E-01    4.798320E-06 
    33   -4.669186E-01    9.999817E-01    9.999746E-01   -5.215391E-05 
    34   -4.659240E-01    9.999892E-01    9.999849E-01   -1.882868E-06 
    35   -4.649321E-01    9.999934E-01    9.999908E-01   -3.285001E-05 
    36   -4.639205E-01    9.999947E-01    9.999927E-01    4.176058E-05 
    37   -4.629101E-01    9.999893E-01    9.999851E-01    5.661246E-05 
    38   -4.619103E-01    9.999845E-01    9.999784E-01    2.068753E-05 
    39   -4.609165E-01    9.999861E-01    9.999807E-01   -2.289946E-05 
    40   -4.599210E-01    9.999929E-01    9.999901E-01   -5.100325E-05 
    41   -4.589177E-01    9.999975E-01    9.999965E-01    4.558873E-06 
    42   -4.579106E-01    9.999949E-01    9.999929E-01    5.302359E-05 
    43   -4.569083E-01    9.999894E-01    9.999852E-01    4.045168E-05 
    44   -4.559093E-01    9.999885E-01    9.999839E-01   -5.276342E-06 
    45   -4.549106E-01    9.999932E-01    9.999905E-01   -2.932006E-05 
    46   -4.539113E-01    9.999980E-01    9.999972E-01   -1.332464E-05 
    47   -4.529087E-01    9.999991E-01    9.999987E-01    2.415195E-05 
    48   -4.519063E-01    9.999973E-01    9.999962E-01    2.795455E-05 
    49   -4.509044E-01    9.999957E-01    9.999940E-01    1.505765E-05 
    50   -4.499036E-01    9.999964E-01    9.999950E-01    8.372871E-07 
    51   -4.489042E-01    9.999990E-01    9.999986E-01   -1.179472E-05 
    52   -4.479041E-01    1.000001E+00    1.000002E+00    3.493164E-07 
    53   -4.469025E-01    1.000002E+00    1.000002E+00    1.295195E-05 
    54   -4.459003E-01    1.000001E+00    1.000001E+00    1.829467E-05 
    55   -4.448989E-01    9.999996E-01    9.999994E-01    1.440154E-05 
    56   -4.438982E-01    9.999996E-01    9.999994E-01    2.804533E-06 
    57   -4.428982E-01    1.000001E+00    1.000002E+00   -5.310505E-06 
    58   -4.418975E-01    1.000003E+00    1.000004E+00    2.085098E-06 
    59   -4.408960E-01    1.000003E+00    1.000004E+00    1.274656E-05 
    60   -4.398946E-01    1.000002E+00    1.000003E+00    1.465530E-05 
    61   -4.388934E-01    1.000001E+00    1.000002E+00    1.083541E-05 
    62   -4.378926E-01    1.000001E+00    1.000002E+00    2.735745E-06 
    63   -4.368919E-01    1.000003E+00    1.000004E+00   -9.559132E-08 
    64   -4.358911E-01    1.000003E+00    1.000005E+00    6.328137E-06 
    65   -4.348899E-01    1.000003E+00    1.000005E+00    1.040814E-05 
    66   -4.338887E-01    1.000003E+00    1.000004E+00    1.111133E-05 
    67   -4.328876E-01    1.000003E+00    1.000004E+00    9.142683E-06 
    68   -4.318867E-01    1.000003E+00    1.000004E+00    5.215380E-06 
    69   -4.308859E-01    1.000004E+00    1.000005E+00    3.635698E-06 
    70   -4.298850E-01    1.000004E+00    1.000006E+00    6.568482E-06 
    71   -4.288839E-01    1.000004E+00    1.000006E+00    9.214286E-06 
    72   -4.278828E-01    1.000004E+00    1.000005E+00    9.965603E-06 
    73   -4.268817E-01    1.000004E+00    1.000005E+00    8.790590E-06 
    74   -4.258807E-01    1.000004E+00    1.000005E+00    6.388571E-06 
    75   -4.248798E-01    1.000004E+00    1.000006E+00    5.367131E-06 
    76   -4.238789E-01    1.000004E+00    1.000006E+00    7.184449E-06 
    77   -4.228779E-01    1.000005E+00    1.000006E+00    8.841978E-06 
    78   -4.218768E-01    1.000004E+00    1.000006E+00    9.191634E-06 
    79   -4.208758E-01    1.000004E+00    1.000006E+00    8.529620E-06 
    80   -4.198748E-01    1.000004E+00    1.000006E+00    7.273694E-06 
    81   -4.188738E-01    1.000005E+00    1.000007E+00    6.615047E-06 
    82   -4.178729E-01    1.000005E+00    1.000007E+00    7.585933E-06 
    83   -4.168719E-01    1.000005E+00    1.000007E+00    8.617667E-06 
    84   -4.158708E-01    1.000005E+00    1.000007E+00    8.878793E-06 
    85   -4.148698E-01    1.000005E+00    1.000007E+00    8.549187E-06 
    86   -4.138688E-01    1.000005E+00    1.000007E+00    7.879851E-06 
    87   -4.128679E-01    1.000005E+00    1.000007E+00    7.404365E-06 
    88   -4.118669E-01    1.000005E+00    1.000007E+00    7.908914E-06 
    89   -4.108659E-01    1.000005E+00    1.000007E+00    8.634670E-06 
    90   -4.098649E-01    1.000005E+00    1.000007E+00    8.795112E-06 
    91   -4.088639E-01    1.000005E+00    1.000007E+00    8.608935E-06 
    92   -4.078629E-01    1.000005E+00    1.000007E+00    8.237756E-06 
    93   -4.068619E-01    1.000005E+00    1.000008E+00    7.938517E-06 
    94   -4.058609E-01    1.000005E+00    1.000008E+00    8.249495E-06 
    95   -4.048599E-01    1.000006E+00    1.000008E+00    8.815263E-06 
    96   -4.038589E-01    1.000006E+00    1.000008E+00    8.954322E-06 
    97   -4.028579E-01    1.000006E+00    1.000008E+00    8.871393E-06 
    98   -4.018569E-01    1.000006E+00    1.000008E+00    8.665188E-06 
    99   -4.008559E-01    1.000006E+00    1.000008E+00    8.477546E-06 
   100   -3.998549E-01    1.000006E+00    1.000008E+00    8.629586E-06 
   101   -3.988539E-01    1.000006E+00    1.000008E+00    9.033640E-06 
   102   -3.978529E-01    1.000006E+00    1.000008E+00    9.062060E-06 
   103   -3.968519E-01    1.000006E+00    1.000008E+00    8.994009E-06 
   104   -3.958509E-01    1.000006E+00    1.000008E+00    8.855988E-06 
   105   -3.948499E-01    1.000006E+00    1.000008E+00    8.770356E-06 
   106   -3.938490E-01    1.000006E+00    1.000009E+00    8.964218E-06 
   107   -3.928480E-01    1.000006E+00    1.000009E+00    9.387686E-06 
   108   -3.918470E-01    1.000006E+00    1.000009E+00    9.454248E-06 
   109   -3.908460E-01    1.000006E+00    1.000009E+00    9.424381E-06 
   110   -3.898450E-01    1.000006E+00    1.000009E+00    9.339418E-06 
   111   -3.888440E-01    1.000007E+00    1.000009E+00    9.302225E-06 
   112   -3.878430E-01    1.000007E+00    1.000009E+00    9.443550E-06 
   113   -3.868420E-01    1.000007E+00    1.000009E+00    9.615800E-06 
   114   -3.858410E-01    1.000007E+00    1.000009E+00    9.596491E-06 
   115   -3.848400E-01    1.000007E+00    1.000009E+00    9.524540E-06 
   116   -3.838390E-01    1.000007E+00    1.000010E+00    9.429519E-06 
   117   -3.828380E-01    1.000007E+00    1.000010E+00    9.371633E-06 
   118   -3.818370E-01    1.000007E+00    1.000010E+00    9.554717E-06 
   119   -3.808360E-01    1.000007E+00    1.000010E+00    9.735558E-06 
   120   -3.798350E-01    1.000007E+00    1.000010E+00    9.659061E-06 
   121   -3.788340E-01    1.000007E+00    1.000010E+00    9.543195E-06 
   122   -3.778330E-01    1.000008E+00    1.000011E+00    9.459126E-06 
   123   -3.768320E-01    1.000008E+00    1.000011E+00    9.515883E-06 
   124   -3.758311E-01    1.000008E+00    1.000011E+00    9.736642E-06 
   125   -3.748301E-01    1.000008E+00    1.000011E+00    9.776170E-06 
   126   -3.738291E-01    1.000008E+00    1.000012E+00    9.711351E-06 
   127   -3.728281E-01    1.000009E+00    1.000012E+00    9.607235E-06 
   128   -3.718271E-01    1.000009E+00    1.000012E+00    9.494230E-06 
   129   -3.708261E-01    1.000009E+00    1.000013E+00    9.376531E-06 
   130   -3.698251E-01    1.000009E+00    1.000013E+00    9.251866E-06 
   131   -3.688241E-01    1.000010E+00    1.000013E+00    9.075390E-06 
   132   -3.678231E-01    1.000010E+00    1.000014E+00    8.831594E-06 
   133   -3.668221E-01    1.000010E+00    1.000014E+00    8.550905E-06 
   134   -3.658211E-01    1.000010E+00    1.000015E+00    8.265981E-06 
   135   -3.648201E-01    1.000011E+00    1.000015E+00    7.994330E-06 
   136   -3.638192E-01    1.000011E+00    1.000016E+00    7.727270E-06 
   137   -3.628182E-01    1.000012E+00    1.000016E+00    7.425273E-06 
   138   -3.618172E-01    1.000012E+00    1.000017E+00    7.057493E-06 
   139   -3.608162E-01    1.000012E+00    1.000017E+00    6.647016E-06 
   140   -3.598152E-01    1.000013E+00    1.000018E+00    6.209059E-06 
   141   -3.588142E-01    1.000013E+00    1.000019E+00    5.747144E-06 
   142   -3.578132E-01    1.000014E+00    1.000020E+00    5.261578E-06 
   143   -3.568122E-01    1.000015E+00    1.000020E+00    4.723330E-06 
   144   -3.558112E-01    1.000015E+00    1.000021E+00    4.093726E-06 
   145   -3.548103E-01    1.000016E+00    1.000022E+00    3.386706E-06 
   146   -3.538093E-01    1.000017E+00    1.000023E+00    2.620673E-06 
   147   -3.528083E-01    1.000017E+00    1.000024E+00    1.806121E-06 
   148   -3.518073E-01    1.000018E+00    1.000026E+00    9.503987E-07 
   149   -3.508063E-01    1.000019E+00    1.000027E+00    3.962031E-08 
   150   -3.498053E-01    1.000020E+00    1.000028E+00   -9.528041E-07 
   151   -3.488044E-01    1.000021E+00    1.000029E+00   -2.019638E-06 
   152   -3.478034E-01    1.000022E+00    1.000031E+00   -3.149834E-06 
   153   -3.468024E-01    1.000023E+00    1.000032E+00   -4.335194E-06 
   154   -3.458014E-01    1.000024E+00    1.000034E+00   -5.565650E-06 
   155   -3.448004E-01    1.000025E+00    1.000036E+00   -6.851628E-06 
   156   -3.437995E-01    1.000027E+00    1.000037E+00   -8.213954E-06 
   157   -3.427985E-01    1.000028E+00    1.000039E+00   -9.651625E-06 
   158   -3.417975E-01    1.000030E+00    1.000041E+00   -1.115492E-05 
   159   -3.407966E-01    1.000031E+00    1.000043E+00   -1.272159E-05 
   160   -3.397956E-01    1.000033E+00    1.000046E+00   -1.434519E-05 
   161   -3.387946E-01    1.000034E+00    1.000048E+00   -1.602268E-05 
   162   -3.377937E-01    1.000036E+00    1.000050E+00   -1.776091E-05 
   163   -3.367927E-01    1.000038E+00    1.000053E+00   -1.956125E-05 
   164   -3.357917E-01    1.000039E+00    1.000055E+00   -2.141219E-05 
   165   -3.347908E-01    1.000041E+00    1.000058E+00   -2.329888E-05 
   166   -3.337898E-01    1.000043E+00    1.000060E+00   -2.521203E-05 
   167   -3.327888E-01    1.000045E+00    1.000063E+00   -2.714306E-05 
   168   -3.317879E-01    1.000047E+00    1.000065E+00   -2.908186E-05 
   169   -3.307869E-01    1.000049E+00    1.000068E+00   -3.101825E-05 
   170   -3.297860E-01    1.000051E+00    1.000071E+00   -3.293949E-05 
   171   -3.287850E-01    1.000052E+00    1.000073E+00   -3.482921E-05 
   172   -3.277841E-01    1.000054E+00    1.000076E+00   -3.666585E-05 
   173   -3.267831E-01    1.000056E+00    1.000078E+00   -3.843114E-05 
   174   -3.257822E-01    1.000058E+00    1.000081E+00   -4.010451E-05 
   175   -3.247813E-01    1.000060E+00    1.000083E+00   -4.167211E-05 
   176   -3.237803E-01    1.000061E+00    1.000086E+00   -4.311138E-05 
   177   -3.227794E-01    1.000063E+00    1.000088E+00   -4.440854E-05 
   178   -3.217784E-01    1.000064E+00    1.000090E+00   -4.554304E-05 
   179   -3.207775E-01    1.000065E+00    1.000091E+00   -4.649731E-05 
   180   -3.197766E-01    1.000066E+00    1.000093E+00   -4.724034E-05 
   181   -3.187756E-01    1.000067E+00    1.000094E+00   -4.776632E-05 
   182   -3.177747E-01    1.000068E+00    1.000095E+00   -4.807270E-05 
   183   -3.167738E-01    1.000068E+00    1.000096E+00   -4.816944E-05 
   184   -3.157728E-01    1.000068E+00    1.000096E+00   -4.799000E-05 
   185   -3.147719E-01    1.000068E+00    1.000095E+00   -4.742174E-05 
   186   -3.137710E-01    1.000067E+00    1.000094E+00   -4.623920E-05 
   187   -3.127701E-01    1.000065E+00    1.000091E+00   -4.418181E-05 
   188   -3.117691E-01    1.000062E+00    1.000087E+00   -4.105604E-05 
   189   -3.107682E-01    1.000059E+00    1.000082E+00   -3.677328E-05 
   190   -3.097672E-01    1.000054E+00    1.000075E+00   -3.120641E-05 
   191   -3.087663E-01    1.000047E+00    1.000066E+00   -2.427991E-05 
   192   -3.077653E-01    1.000040E+00    1.000055E+00   -1.581353E-05 
   193   -3.067644E-01    1.000030E+00    1.000041E+00   -5.470843E-06 
   194   -3.057634E-01    1.000017E+00    1.000024E+00    7.300314E-06 
   195   -3.047624E-01    1.000002E+00    1.000003E+00    2.317417E-05 
   196   -3.037615E-01    9.999830E-01    9.999762E-01    4.295688E-05 
   197   -3.027604E-01    9.999595E-01    9.999433E-01    6.744203E-05 
   198   -3.017594E-01    9.999303E-01    9.999025E-01    9.732159E-05 
   199   -3.007584E-01    9.998942E-01    9.998519E-01    1.333562E-04 
   200   -2.997573E-01    9.998497E-01    9.997895E-01    1.769252E-04 
   201   -2.987561E-01    9.997951E-01    9.997132E-01    2.303901E-04 
   202   -2.977549E-01    9.997287E-01    9.996201E-01    2.970728E-04 
   203   -2.967537E-01    9.996480E-01    9.995072E-01    3.809179E-04 
   204   -2.957524E-01    9.995503E-01    9.993704E-01    4.855407E-04 
   205   -2.947509E-01    9.994322E-01    9.992051E-01    6.135958E-04 
   206   -2.937494E-01    9.992900E-01    9.990061E-01    7.669052E-04 
   207   -2.927477E-01    9.991198E-01    9.987678E-01    9.479105E-04 
   208   -2.917459E-01    9.989176E-01    9.984848E-01    1.160840E-03 
   209   -2.907439E-01    9.986794E-01    9.981514E-01    1.412691E-03 
   210   -2.897416E-01    9.984011E-01    9.977619E-01    1.712274E-03 
   211   -2.887390E-01    9.980784E-01    9.973104E-01    2.067982E-03 
   212   -2.877361E-01    9.977066E-01    9.967901E-01    2.486787E-03 
   213   -2.867328E-01    9.972803E-01    9.961937E-01    2.973326E-03 
   214   -2.857291E-01    9.967941E-01    9.955136E-01    3.530547E-03 
   215   -2.847249E-01    9.962424E-01    9.947420E-01    4.163191E-03 
   216   -2.837201E-01    9.956198E-01    9.938714E-01    4.879817E-03 
   217   -2.827147E-01    9.949213E-01    9.928950E-01    5.685191E-03 
   218   -2.817085E-01    9.941427E-01    9.918069E-01    6.581008E-03 
   219   -2.807016E-01    9.932807E-01    9.906025E-01    7.573939E-03 
   220   -2.796938E-01    9.923323E-01    9.892780E-01    8.670160E-03 
   221   -2.786849E-01    9.912956E-01    9.878306E-01    9.877204E-03 
   222   -2.776748E-01    9.901692E-01    9.862586E-01    1.120013E-02 
   223   -2.766636E-01    9.889521E-01    9.845607E-01    1.264030E-02 
   224   -2.756512E-01    9.876434E-01    9.827360E-01    1.419953E-02 
   225   -2.746374E-01    9.862425E-01    9.807837E-01    1.587875E-02 
   226   -2.736220E-01    9.847487E-01    9.787033E-01    1.768107E-02 
   227   -2.726051E-01    9.831620E-01    9.764946E-01    1.960345E-02 
   228   -2.715864E-01    9.814825E-01    9.741583E-01    2.163834E-02 
   229   -2.705660E-01    9.797110E-01    9.716958E-01    2.378210E-02 
   230   -2.695437E-01    9.778492E-01    9.691096E-01    2.603166E-02 
   231   -2.685194E-01    9.758997E-01    9.664035E-01    2.838284E-02 
   232   -2.674929E-01    9.738661E-01    9.635831E-01    3.083093E-02 
   233   -2.664642E-01    9.717537E-01    9.606558E-01    3.337072E-02 
   234   -2.654333E-01    9.695689E-01    9.576308E-01    3.599617E-02 
   235   -2.643999E-01    9.673192E-01    9.545188E-01    3.870149E-02 
   236   -2.633640E-01    9.650129E-01    9.513314E-01    4.148146E-02 
   237   -2.623256E-01    9.626585E-01    9.480809E-01    4.433155E-02 
   238   -2.612846E-01    9.602650E-01    9.447795E-01    4.724752E-02 
   239   -2.602409E-01    9.578408E-01    9.414392E-01    5.022425E-02 
   240   -2.591946E-01    9.553939E-01    9.380711E-01    5.325620E-02 
   241   -2.581455E-01    9.529317E-01    9.346854E-01    5.633768E-02 
   242   -2.570936E-01    9.504603E-01    9.312906E-01    5.946309E-02 
   243   -2.560390E-01    9.479846E-01    9.278935E-01    6.262701E-02 
   244   -2.549817E-01    9.455087E-01    9.244996E-01    6.582406E-02 
   245   -2.539215E-01    9.430350E-01    9.211125E-01    6.904899E-02 
   246   -2.528586E-01    9.405655E-01    9.177346E-01    7.229634E-02 
   247   -2.517929E-01    9.381009E-01    9.143670E-01    7.556084E-02 
   248   -2.507243E-01    9.356415E-01    9.110100E-01    7.883714E-02 
   249   -2.496530E-01    9.331870E-01    9.076633E-01    8.211975E-02 
   250   -2.485789E-01    9.307366E-01    9.043257E-01    8.540367E-02 
   251   -2.475019E-01    9.282892E-01    9.009958E-01    8.868479E-02 
   252   -2.464221E-01    9.258431E-01    8.976710E-01    9.195982E-02 
   253   -2.453394E-01    9.233959E-01    8.943485E-01    9.522712E-02 
   254   -2.442538E-01    9.209448E-01    8.910240E-01    9.848626E-02 
   255   -2.431654E-01    9.184857E-01    8.876923E-01    1.017391E-01 
   256   -2.420741E-01    9.160139E-01    8.843468E-01    1.049897E-01 
   257   -2.409799E-01    9.135232E-01    8.809795E-01    1.082445E-01 
   258   -2.398826E-01    9.110067E-01    8.775809E-01    1.115121E-01 
   259   -2.387824E-01    9.084563E-01    8.741402E-01    1.148031E-01 
   260   -2.376791E-01    9.058633E-01    8.706460E-01    1.181326E-01 
   261   -2.365726E-01    9.032188E-01    8.670863E-01    1.215174E-01 
   262   -2.354628E-01    9.005139E-01    8.634494E-01    1.249736E-01 
   263   -2.343498E-01    8.977403E-01    8.597248E-01    1.285169E-01 
   264   -2.332332E-01    8.948910E-01    8.559031E-01    1.321614E-01 
   265   -2.321131E-01    8.919603E-01    8.519773E-01    1.359190E-01 
   266   -2.309892E-01    8.889448E-01    8.479430E-01    1.397992E-01 
   267   -2.298615E-01    8.858430E-01    8.437990E-01    1.438084E-01 
   268   -2.287298E-01    8.826559E-01    8.395471E-01    1.479498E-01 
   269   -2.275938E-01    8.793872E-01    8.351926E-01    1.522192E-01 
   270   -2.264536E-01    8.760427E-01    8.307438E-01    1.566088E-01 
   271   -2.253089E-01    8.726303E-01    8.262118E-01    1.611078E-01 
   272   -2.241596E-01    8.691597E-01    8.216097E-01    1.657030E-01 
   273   -2.230057E-01    8.656417E-01    8.169523E-01    1.703792E-01 
   274   -2.218469E-01    8.620878E-01    8.122551E-01    1.751196E-01 
   275   -2.206834E-01    8.585097E-01    8.075338E-01    1.799077E-01 
   276   -2.195149E-01    8.549188E-01    8.028036E-01    1.847267E-01 
   277   -2.183414E-01    8.513258E-01    7.980787E-01    1.895613E-01 
   278   -2.171630E-01    8.477403E-01    7.933717E-01    1.943975E-01 
   279   -2.159795E-01    8.441710E-01    7.886937E-01    1.992231E-01 
   280   -2.147910E-01    8.406247E-01    7.840541E-01    2.040280E-01 
   281   -2.135975E-01    8.371074E-01    7.794600E-01    2.088039E-01 
   282   -2.123990E-01    8.336234E-01    7.749170E-01    2.135444E-01 
   283   -2.111955E-01    8.301754E-01    7.704285E-01    2.182448E-01 
   284   -2.099870E-01    8.267650E-01    7.659963E-01    2.229022E-01 
   285   -2.087736E-01    8.233920E-01    7.616200E-01    2.275157E-01 
   286   -2.075552E-01    8.200548E-01    7.572972E-01    2.320866E-01 
   287   -2.063318E-01    8.167502E-01    7.530235E-01    2.366186E-01 
   288   -2.051036E-01    8.134734E-01    7.487926E-01    2.411179E-01 
   289   -2.038705E-01    8.102188E-01    7.445970E-01    2.455926E-01 
   290   -2.026324E-01    8.069798E-01    7.404282E-01    2.500552E-01 
   291   -2.013895E-01    8.037498E-01    7.362777E-01    2.545248E-01 
   292   -2.001415E-01    8.005229E-01    7.321378E-01    2.590142E-01 
   293   -1.988885E-01    7.972940E-01    7.280018E-01    2.635279E-01 
   294   -1.976304E-01    7.940590E-01    7.238648E-01    2.680705E-01 
   295   -1.963672E-01    7.908154E-01    7.197236E-01    2.726445E-01 
   296   -1.950989E-01    7.875619E-01    7.155766E-01    2.772529E-01 
   297   -1.938252E-01    7.842989E-01    7.114243E-01    2.819036E-01 
   298   -1.925462E-01    7.810283E-01    7.072694E-01    2.865962E-01 
   299   -1.912618E-01    7.777538E-01    7.031166E-01    2.913213E-01 
   300   -1.899720E-01    7.744807E-01    6.989725E-01    2.960693E-01 
   301   -1.886767E-01    7.712152E-01    6.948451E-01    3.008290E-01 
   302   -1.873758E-01    7.679643E-01    6.907430E-01    3.055881E-01 
   303   -1.860694E-01    7.647349E-01    6.866751E-01    3.103341E-01 
   304   -1.847575E-01    7.615337E-01    6.826496E-01    3.150548E-01 
   305   -1.834401E-01    7.583670E-01    6.786741E-01    3.197397E-01 
   306   -1.821171E-01    7.552399E-01    6.747550E-01    3.243792E-01 
   307   -1.807887E-01    7.521570E-01    6.708976E-01    3.289656E-01 
   308   -1.794549E-01    7.491217E-01    6.671059E-01    3.334924E-01 
   309   -1.781156E-01    7.461362E-01    6.633826E-01    3.379555E-01 
   310   -1.767711E-01    7.432021E-01    6.597292E-01    3.423522E-01 
   311   -1.754212E-01    7.403198E-01    6.561459E-01    3.466807E-01 
   312   -1.740662E-01    7.374887E-01    6.526318E-01    3.509406E-01 
   313   -1.727060E-01    7.347076E-01    6.491849E-01    3.551324E-01 
   314   -1.713406E-01    7.319743E-01    6.458024E-01    3.592583E-01 
   315   -1.699702E-01    7.292859E-01    6.424803E-01    3.633217E-01 
   316   -1.685948E-01    7.266387E-01    6.392140E-01    3.673271E-01 
   317   -1.672145E-01    7.240281E-01    6.359975E-01    3.712802E-01 
   318   -1.658292E-01    7.214485E-01    6.328238E-01    3.751883E-01 
   319   -1.644389E-01    7.188932E-01    6.296843E-01    3.790602E-01 
   320   -1.630438E-01    7.163535E-01    6.265684E-01    3.829070E-01 
   321   -1.616438E-01    7.138188E-01    6.234631E-01    3.867424E-01 
   322   -1.602388E-01    7.112760E-01    6.203521E-01    3.905838E-01 
   323   -1.588288E-01    7.087090E-01    6.172159E-01    3.944532E-01 
   324   -1.574138E-01    7.060988E-01    6.140315E-01    3.983779E-01 
   325   -1.559935E-01    7.034242E-01    6.107733E-01    4.023995E-01 
   326   -1.545679E-01    7.006626E-01    6.074142E-01    4.065627E-01 
   327   -1.531366E-01    6.977918E-01    6.039278E-01    4.109133E-01 
   328   -1.516994E-01    6.947919E-01    6.002905E-01    4.154941E-01 
   329   -1.502558E-01    6.916473E-01    5.964845E-01    4.203413E-01 
   330   -1.488055E-01    6.883484E-01    5.924990E-01    4.254803E-01 
   331   -1.473481E-01    6.848927E-01    5.883323E-01    4.309247E-01 
   332   -1.458831E-01    6.812857E-01    5.839922E-01    4.366662E-01 
   333   -1.444101E-01    6.775401E-01    5.794950E-01    4.426845E-01 
   334   -1.429287E-01    6.736747E-01    5.748645E-01    4.489488E-01 
   335   -1.414385E-01    6.697128E-01    5.701296E-01    4.554191E-01 
   336   -1.399393E-01    6.656805E-01    5.653221E-01    4.620506E-01 
   337   -1.384308E-01    6.616047E-01    5.604748E-01    4.687975E-01 
   338   -1.369129E-01    6.575119E-01    5.556195E-01    4.756154E-01 
   339   -1.353854E-01    6.534267E-01    5.507852E-01    4.824606E-01 
   340   -1.338483E-01    6.493707E-01    5.459976E-01    4.892924E-01 
   341   -1.323016E-01    6.453624E-01    5.412782E-01    4.960751E-01 
   342   -1.307453E-01    6.414170E-01    5.366444E-01    5.027820E-01 
   343   -1.291794E-01    6.375460E-01    5.321091E-01    5.093922E-01 
   344   -1.276041E-01    6.337571E-01    5.276808E-01    5.158912E-01 
   345   -1.260195E-01    6.300547E-01    5.233637E-01    5.222687E-01 
   346   -1.244257E-01    6.264391E-01    5.191578E-01    5.285208E-01 
   347   -1.228228E-01    6.229078E-01    5.150592E-01    5.346481E-01 
   348   -1.212109E-01    6.194548E-01    5.110606E-01    5.406567E-01 
   349   -1.195901E-01    6.160710E-01    5.071506E-01    5.465596E-01 
   350   -1.179606E-01    6.127437E-01    5.033143E-01    5.523757E-01 
   351   -1.163224E-01    6.094569E-01    4.995328E-01    5.581295E-01 
   352   -1.146754E-01    6.061926E-01    4.957851E-01    5.638520E-01 
   353   -1.130196E-01    6.029323E-01    4.920500E-01    5.695969E-01 
   354   -1.113549E-01    5.996595E-01    4.883086E-01    5.754126E-01 
   355   -1.096811E-01    5.963608E-01    4.845459E-01    5.813188E-01 
   356   -1.079980E-01    5.930275E-01    4.807521E-01    5.873286E-01 
   357   -1.063054E-01    5.896558E-01    4.769232E-01    5.934501E-01 
   358   -1.046029E-01    5.862476E-01    4.730619E-01    5.996986E-01 
   359   -1.028905E-01    5.828114E-01    4.691781E-01    6.060542E-01 
   360   -1.011677E-01    5.793621E-01    4.652887E-01    6.124839E-01 
   361   -9.943465E-02    5.759190E-01    4.614157E-01    6.189480E-01 
   362   -9.769109E-02    5.725042E-01    4.575837E-01    6.254023E-01 
   363   -9.593706E-02    5.691400E-01    4.538175E-01    6.317994E-01 
   364   -9.417264E-02    5.658472E-01    4.501400E-01    6.380933E-01 
   365   -9.239798E-02    5.626451E-01    4.465720E-01    6.442416E-01 
   366   -9.061327E-02    5.595508E-01    4.431319E-01    6.502079E-01 
   367   -8.881879E-02    5.565803E-01    4.398366E-01    6.559584E-01 
   368   -8.701484E-02    5.537488E-01    4.367021E-01    6.614614E-01 
   369   -8.520181E-02    5.510717E-01    4.337445E-01    6.666862E-01 
   370   -8.338015E-02    5.485661E-01    4.309814E-01    6.715995E-01 
   371   -8.155035E-02    5.462517E-01    4.284337E-01    6.761637E-01 
   372   -7.971301E-02    5.441533E-01    4.261273E-01    6.803314E-01 
   373   -7.786883E-02    5.423011E-01    4.240942E-01    6.840428E-01 
   374   -7.601864E-02    5.407320E-01    4.223737E-01    6.872192E-01 
   375   -7.416340E-02    5.394886E-01    4.210111E-01    6.897607E-01 
   376   -7.230429E-02    5.386108E-01    4.200489E-01    6.915638E-01 
   377   -7.044266E-02    5.381165E-01    4.195058E-01    6.925243E-01 
   378   -6.858018E-02    5.379805E-01    4.193538E-01    6.924183E-01 
   379   -6.671837E-02    5.381319E-01    4.195154E-01    6.916122E-01 
   380   -6.485792E-02    5.384777E-01    4.198893E-01    6.906730E-01 
   381   -6.299913E-02    5.389365E-01    4.203866E-01    6.896452E-01 
   382   -6.114215E-02    5.394554E-01    4.209497E-01    6.885565E-01 
   383   -5.928706E-02    5.400070E-01    4.215487E-01    6.874295E-01 
   384   -5.743395E-02    5.405764E-01    4.221674E-01    6.862793E-01 
   385   -5.558287E-02    5.411529E-01    4.227941E-01    6.851275E-01 
   386   -5.373380E-02    5.417267E-01    4.234180E-01    6.839939E-01 
   387   -5.188672E-02    5.422888E-01    4.240293E-01    6.828960E-01 
   388   -5.004155E-02    5.428311E-01    4.246191E-01    6.818491E-01 
   389   -4.819822E-02    5.433465E-01    4.251794E-01    6.808664E-01 
   390   -4.635663E-02    5.438290E-01    4.257039E-01    6.799573E-01 
   391   -4.451661E-02    5.442745E-01    4.261880E-01    6.791269E-01 
   392   -4.267805E-02    5.446805E-01    4.266288E-01    6.783780E-01 
   393   -4.084081E-02    5.450461E-01    4.270252E-01    6.777111E-01 
   394   -3.900471E-02    5.453714E-01    4.273775E-01    6.771242E-01 
   395   -3.716966E-02    5.456579E-01    4.276871E-01    6.766136E-01 
   396   -3.533549E-02    5.459079E-01    4.279566E-01    6.761730E-01 
   397   -3.350209E-02    5.461241E-01    4.281891E-01    6.757961E-01 
   398   -3.166937E-02    5.463100E-01    4.283880E-01    6.754760E-01 
   399   -2.983718E-02    5.464687E-01    4.285572E-01    6.752050E-01 
   400   -2.800551E-02    5.466039E-01    4.287005E-01    6.749764E-01 
   401   -2.617421E-02    5.467190E-01    4.288215E-01    6.747830E-01 
   402   -2.434327E-02    5.468170E-01    4.289236E-01    6.746194E-01 
   403   -2.251263E-02    5.469008E-01    4.290101E-01    6.744804E-01 
   404   -2.068223E-02    5.469729E-01    4.290837E-01    6.743612E-01 
   405   -1.885207E-02    5.470355E-01    4.291467E-01    6.742584E-01 
   406   -1.702206E-02    5.470905E-01    4.292012E-01    6.741683E-01 
   407   -1.519225E-02    5.471392E-01    4.292487E-01    6.740889E-01 
   408   -1.336259E-02    5.471829E-01    4.292906E-01    6.740181E-01 
   409   -1.153304E-02    5.472226E-01    4.293279E-01    6.739539E-01 
   410   -9.703649E-03    5.472589E-01    4.293615E-01    6.738955E-01 
   411   -7.874345E-03    5.472926E-01    4.293920E-01    6.738417E-01 
   412   -6.045162E-03    5.473241E-01    4.294199E-01    6.737921E-01 
   413   -4.216087E-03    5.473536E-01    4.294456E-01    6.737460E-01 
   414   -2.387081E-03    5.473816E-01    4.294694E-01    6.737026E-01 
   415   -5.582009E-04    5.474082E-01    4.294916E-01    6.736623E-01 
   416    1.270622E-03    5.474336E-01    4.295122E-01    6.736242E-01 
   417    3.099351E-03    5.474579E-01    4.295315E-01    6.735883E-01 
   418    4.927986E-03    5.474812E-01    4.295495E-01    6.735546E-01 
   419    6.756583E-03    5.475037E-01    4.295665E-01    6.735224E-01 
   420    8.585060E-03    5.475253E-01    4.295824E-01    6.734924E-01 
   421    1.041349E-02    5.475463E-01    4.295973E-01    6.734637E-01 
   422    1.224187E-02    5.475666E-01    4.296113E-01    6.734366E-01 
   423    1.407014E-02    5.475863E-01    4.296244E-01    6.734112E-01 
   424    1.589838E-02    5.476054E-01    4.296367E-01    6.733868E-01 
   425    1.772654E-02    5.476240E-01    4.296483E-01    6.733639E-01 
   426    1.955464E-02    5.476421E-01    4.296591E-01    6.733421E-01 
   427    2.138269E-02    5.476598E-01    4.296691E-01    6.733217E-01 
   428    2.321067E-02    5.476771E-01    4.296785E-01    6.733022E-01 
   429    2.503861E-02    5.476941E-01    4.296873E-01    6.732838E-01 
   430    2.686647E-02    5.477107E-01    4.296955E-01    6.732666E-01 
   431    2.869428E-02    5.477271E-01    4.297031E-01    6.732502E-01 
   432    3.052206E-02    5.477432E-01    4.297101E-01    6.732347E-01 
   433    3.234976E-02    5.477591E-01    4.297166E-01    6.732201E-01 
   434    3.417741E-02    5.477748E-01    4.297226E-01    6.732065E-01 
   435    3.600503E-02    5.477903E-01    4.297281E-01    6.731933E-01 
   436    3.783257E-02    5.478058E-01    4.297332E-01    6.731809E-01 
   437    3.966007E-02    5.478212E-01    4.297379E-01    6.731696E-01 
   438    4.148753E-02    5.478365E-01    4.297422E-01    6.731585E-01 
   439    4.331491E-02    5.478518E-01    4.297460E-01    6.731479E-01 
   440    4.514228E-02    5.478673E-01    4.297496E-01    6.731382E-01 
   441    4.696957E-02    5.478827E-01    4.297528E-01    6.731289E-01 
   442    4.879679E-02    5.478982E-01    4.297557E-01    6.731200E-01 
   443    5.062402E-02    5.479140E-01    4.297583E-01    6.731114E-01 
   444    5.245114E-02    5.479299E-01    4.297605E-01    6.731037E-01 
   445    5.427820E-02    5.479459E-01    4.297625E-01    6.730962E-01 
   446    5.610528E-02    5.479622E-01    4.297646E-01    6.730886E-01 
   447    5.793223E-02    5.479789E-01    4.297664E-01    6.730818E-01 
   448    5.975914E-02    5.479958E-01    4.297674E-01    6.730757E-01 
   449    6.158603E-02    5.480131E-01    4.297678E-01    6.730693E-01 
   450    6.341280E-02    5.480307E-01    4.297688E-01    6.730630E-01 
   451    6.523958E-02    5.480488E-01    4.297704E-01    6.730578E-01 
   452    6.706626E-02    5.480673E-01    4.297712E-01    6.730528E-01 
   453    6.889283E-02    5.480864E-01    4.297708E-01    6.730471E-01 
   454    7.071948E-02    5.481063E-01    4.297700E-01    6.730420E-01 
   455    7.254593E-02    5.481265E-01    4.297698E-01    6.730383E-01 
   456    7.437226E-02    5.481471E-01    4.297706E-01    6.730338E-01 
   457    7.619875E-02    5.481688E-01    4.297713E-01    6.730284E-01 
   458    7.802500E-02    5.481915E-01    4.297704E-01    6.730249E-01 
   459    7.985110E-02    5.482150E-01    4.297680E-01    6.730219E-01 
   460    8.167732E-02    5.482391E-01    4.297662E-01    6.730172E-01 
   461    8.350337E-02    5.482644E-01    4.297664E-01    6.730128E-01 
   462    8.532925E-02    5.482906E-01    4.297670E-01    6.730105E-01 
   463    8.715514E-02    5.483178E-01    4.297658E-01    6.730078E-01 
   464    8.898095E-02    5.483466E-01    4.297635E-01    6.730033E-01 
   465    9.080662E-02    5.483775E-01    4.297611E-01    6.729992E-01 
   466    9.263213E-02    5.484095E-01    4.297582E-01    6.729978E-01 
   467    9.445763E-02    5.484419E-01    4.297556E-01    6.729973E-01 
   468    9.628302E-02    5.484761E-01    4.297557E-01    6.729910E-01 
   469    9.810810E-02    5.485137E-01    4.297578E-01    6.729838E-01 
   470    9.993340E-02    5.485535E-01    4.297551E-01    6.729919E-01 
   471    1.017584E-01    5.485941E-01    4.297452E-01    6.729895E-01 
   472    1.035827E-01    5.486384E-01    4.297375E-01    6.729711E-01 
   473    1.054078E-01    5.486853E-01    4.297387E-01    6.729737E-01 
   474    1.072330E-01    5.487318E-01    4.297440E-01    6.730038E-01 
   475    1.090558E-01    5.487837E-01    4.297448E-01    6.729568E-01 
   476    1.108802E-01    5.488457E-01    4.297348E-01    6.729450E-01 
   477    1.127075E-01    5.489078E-01    4.297122E-01    6.730255E-01 
   478    1.145268E-01    5.489677E-01    4.297037E-01    6.729536E-01 
   479    1.163491E-01    5.490413E-01    4.297246E-01    6.729001E-01 
   480    1.181819E-01    5.491201E-01    4.297317E-01    6.730467E-01 
   481    1.199965E-01    5.491959E-01    4.297019E-01    6.729724E-01 
   482    1.218125E-01    5.492944E-01    4.296901E-01    6.728281E-01 
   483    1.236562E-01    5.494060E-01    4.296934E-01    6.730686E-01 
   484    1.254666E-01    5.495062E-01    4.296758E-01    6.730188E-01 
   485    1.272662E-01    5.496289E-01    4.296748E-01    6.727208E-01 
   486    1.291300E-01    5.498104E-01    4.297455E-01    6.731059E-01 
   487    1.309407E-01    5.500202E-01    4.298199E-01    6.730768E-01 
   488    1.327033E-01    5.502970E-01    4.298452E-01    6.725902E-01 
   489    1.346048E-01    5.507748E-01    4.298695E-01    6.731726E-01 
   490    1.364177E-01    5.512183E-01    4.295978E-01    6.730979E-01 
   491    1.381101E-01    5.514815E-01    4.288963E-01    6.724999E-01 
   492    1.400786E-01    5.514336E-01    4.278854E-01    6.732444E-01 
   493    1.418776E-01    5.499865E-01    4.257740E-01    6.729886E-01 
   494    1.434981E-01    5.470013E-01    4.234711E-01    6.725997E-01 
   495    1.455728E-01    5.402628E-01    4.222872E-01    6.732687E-01 
   496    1.473329E-01    5.323160E-01    4.257988E-01    6.725606E-01 
   497    1.491093E-01    5.225294E-01    4.309629E-01    6.731877E-01 
   498    1.512844E-01    5.102287E-01    4.360261E-01    6.729908E-01 
   499    1.539389E-01    4.938393E-01    4.472382E-01    6.760143E-01 
   500    1.520947E-01    5.051397E-01    3.516800E-01    6.712337E-01 
   501    1.537434E-01    4.950820E-01    3.747065E-01    6.614395E-01 
   502    1.554252E-01    4.841269E-01    3.949460E-01    6.718257E-01 
   503    1.562113E-01    4.790442E-01    4.157262E-01    6.731283E-01 
   504    1.564001E-01    4.778961E-01    4.333315E-01    6.729199E-01 
   505    1.567564E-01    4.758396E-01    4.428447E-01    6.717311E-01 
   506    1.578194E-01    4.703282E-01    4.434968E-01    6.726909E-01 
   507    1.585714E-01    4.668887E-01    4.422430E-01    6.743014E-01 
   508    1.587773E-01    4.660386E-01    4.413667E-01    6.740946E-01 
   509    1.588831E-01    4.656213E-01    4.403355E-01    6.734993E-01 
   510    1.592811E-01    4.641898E-01    4.384649E-01    6.716410E-01 
   511    1.600787E-01    4.618058E-01    4.357960E-01    6.725566E-01 
   512    1.607446E-01    4.602584E-01    4.339490E-01    6.725605E-01 
   513    1.613968E-01    4.591050E-01    4.325094E-01    6.726517E-01 
   514    1.619151E-01    4.584241E-01    4.314993E-01    6.722542E-01 
   515    1.626590E-01    4.577187E-01    4.304605E-01    6.734658E-01 
   516    1.631664E-01    4.573806E-01    4.297951E-01    6.737359E-01 
   517    1.635777E-01    4.571713E-01    4.293259E-01    6.738428E-01 
   518    1.639865E-01    4.570308E-01    4.289579E-01    6.730653E-01 
   519    1.644989E-01    4.569350E-01    4.286651E-01    6.725216E-01 
   520    1.650542E-01    4.568963E-01    4.284500E-01    6.725418E-01 
   521    1.656385E-01    4.569077E-01    4.283172E-01    6.725434E-01 
   522    1.662922E-01    4.569591E-01    4.282414E-01    6.725421E-01 
   523    1.669230E-01    4.570212E-01    4.281877E-01    6.728400E-01 
   524    1.674734E-01    4.570805E-01    4.281321E-01    6.734114E-01 
   525    1.679689E-01    4.571293E-01    4.280710E-01    6.735041E-01 
   526    1.684606E-01    4.571860E-01    4.280191E-01    6.730643E-01 
   527    1.690002E-01    4.572622E-01    4.279913E-01    6.729582E-01 
   528    1.695271E-01    4.573372E-01    4.279593E-01    6.729260E-01 
   529    1.700477E-01    4.574161E-01    4.279391E-01    6.727313E-01 
   530    1.706026E-01    4.575029E-01    4.279365E-01    6.726265E-01 
   531    1.712014E-01    4.575941E-01    4.279500E-01    6.728338E-01 
   532    1.717899E-01    4.576732E-01    4.279605E-01    6.731864E-01 
   533    1.723316E-01    4.577349E-01    4.279586E-01    6.732024E-01 
   534    1.728497E-01    4.577951E-01    4.279605E-01    6.730216E-01 
   535    1.733865E-01    4.578612E-01    4.279701E-01    6.728270E-01 
   536    1.739461E-01    4.579293E-01    4.279805E-01    6.728957E-01 
   537    1.744849E-01    4.579894E-01    4.279820E-01    6.729402E-01 
   538    1.750150E-01    4.580461E-01    4.279789E-01    6.728789E-01 
   539    1.755573E-01    4.581027E-01    4.279796E-01    6.728740E-01 
   540    1.761093E-01    4.581561E-01    4.279779E-01    6.730198E-01 
   541    1.766604E-01    4.582034E-01    4.279770E-01    6.731106E-01 
   542    1.772096E-01    4.582472E-01    4.279734E-01    6.730327E-01 
   543    1.777587E-01    4.582926E-01    4.279812E-01    6.728789E-01 
   544    1.783106E-01    4.583398E-01    4.279894E-01    6.728165E-01 
   545    1.788643E-01    4.583849E-01    4.280020E-01    6.728779E-01 
   546    1.794109E-01    4.584256E-01    4.280039E-01    6.729270E-01 
   547    1.799502E-01    4.584631E-01    4.280086E-01    6.729479E-01 
   548    1.804865E-01    4.584980E-01    4.280041E-01    6.729829E-01 
   549    1.810224E-01    4.585303E-01    4.280033E-01    6.729963E-01 
   550    1.815622E-01    4.585617E-01    4.279976E-01    6.729707E-01 
   551    1.821104E-01    4.585936E-01    4.279994E-01    6.729255E-01 
   552    1.826660E-01    4.586258E-01    4.280007E-01    6.728918E-01 
   553    1.832216E-01    4.586569E-01    4.280058E-01    6.728902E-01 
   554    1.837726E-01    4.586859E-01    4.280093E-01    6.729129E-01 
   555    1.843198E-01    4.587126E-01    4.280114E-01    6.729424E-01 
   556    1.848629E-01    4.587371E-01    4.280132E-01    6.729589E-01 
   557    1.854022E-01    4.587599E-01    4.280105E-01    6.729522E-01 
   558    1.859395E-01    4.587821E-01    4.280120E-01    6.729226E-01 
   559    1.864786E-01    4.588047E-01    4.280087E-01    6.728924E-01 
   560    1.870234E-01    4.588273E-01    4.280128E-01    6.728831E-01 
   561    1.875735E-01    4.588490E-01    4.280098E-01    6.729053E-01 
   562    1.881254E-01    4.588691E-01    4.280133E-01    6.729358E-01 
   563    1.886747E-01    4.588874E-01    4.280089E-01    6.729478E-01 
   564    1.892220E-01    4.589045E-01    4.280111E-01    6.729466E-01 
   565    1.897673E-01    4.589208E-01    4.280074E-01    6.729361E-01 
   566    1.903112E-01    4.589368E-01    4.280093E-01    6.729156E-01 
   567    1.908532E-01    4.589529E-01    4.280079E-01    6.728911E-01 
   568    1.913951E-01    4.589692E-01    4.280100E-01    6.728730E-01 
   569    1.919380E-01    4.589850E-01    4.280106E-01    6.728739E-01 
   570    1.924831E-01    4.590000E-01    4.280106E-01    6.728976E-01 
   571    1.930298E-01    4.590137E-01    4.280113E-01    6.729227E-01 
   572    1.935766E-01    4.590262E-01    4.280080E-01    6.729334E-01 
   573    1.941235E-01    4.590378E-01    4.280090E-01    6.729300E-01 
   574    1.946700E-01    4.590491E-01    4.280047E-01    6.729193E-01 
   575    1.952161E-01    4.590603E-01    4.280076E-01    6.729069E-01 
   576    1.957612E-01    4.590714E-01    4.280040E-01    6.728946E-01 
   577    1.963057E-01    4.590825E-01    4.280080E-01    6.728831E-01 
   578    1.968491E-01    4.590933E-01    4.280050E-01    6.728782E-01 
   579    1.973927E-01    4.591036E-01    4.280084E-01    6.728818E-01 
   580    1.979366E-01    4.591133E-01    4.280054E-01    6.728911E-01 
   581    1.984814E-01    4.591224E-01    4.280069E-01    6.728985E-01 
   582    1.990271E-01    4.591309E-01    4.280044E-01    6.729013E-01 
   583    1.995733E-01    4.591388E-01    4.280042E-01    6.729009E-01 
   584    2.001195E-01    4.591464E-01    4.280031E-01    6.728995E-01 
   585    2.006654E-01    4.591536E-01    4.280014E-01    6.728969E-01 
   586    2.012109E-01    4.591604E-01    4.280021E-01    6.728924E-01 
   587    2.017556E-01    4.591672E-01    4.279992E-01    6.728863E-01 
   588    2.023000E-01    4.591739E-01    4.280017E-01    6.728785E-01 
   589    2.028439E-01    4.591806E-01    4.279984E-01    6.728724E-01 
   590    2.033881E-01    4.591871E-01    4.280018E-01    6.728705E-01 
   591    2.039325E-01    4.591932E-01    4.279979E-01    6.728737E-01 
   592    2.044778E-01    4.591989E-01    4.280008E-01    6.728791E-01 
   593    2.050232E-01    4.592041E-01    4.279967E-01    6.728839E-01 
   594    2.055689E-01    4.592088E-01    4.279983E-01    6.728856E-01 
   595    2.061143E-01    4.592132E-01    4.279947E-01    6.728849E-01 
   596    2.066596E-01    4.592174E-01    4.279951E-01    6.728810E-01 
   597    2.072047E-01    4.592215E-01    4.279932E-01    6.728753E-01 
   598    2.077493E-01    4.592255E-01    4.279926E-01    6.728694E-01 
   599    2.082940E-01    4.592297E-01    4.279929E-01    6.728638E-01 
   600    2.088383E-01    4.592338E-01    4.279913E-01    6.728602E-01 
   601    2.093830E-01    4.592377E-01    4.279932E-01    6.728600E-01 
   602    2.099277E-01    4.592413E-01    4.279900E-01    6.728627E-01 
   603    2.104728E-01    4.592446E-01    4.279925E-01    6.728657E-01 
   604    2.110178E-01    4.592475E-01    4.279880E-01    6.728673E-01 
   605    2.115631E-01    4.592501E-01    4.279905E-01    6.728666E-01 
   606    2.121082E-01    4.592526E-01    4.279859E-01    6.728648E-01 
   607    2.126534E-01    4.592549E-01    4.279879E-01    6.728616E-01 
   608    2.131983E-01    4.592571E-01    4.279842E-01    6.728581E-01 
   609    2.137431E-01    4.592594E-01    4.279855E-01    6.728545E-01 
   610    2.142878E-01    4.592616E-01    4.279833E-01    6.728509E-01 
   611    2.148324E-01    4.592638E-01    4.279837E-01    6.728488E-01 
   612    2.153772E-01    4.592659E-01    4.279830E-01    6.728477E-01 
   613    2.159219E-01    4.592677E-01    4.279818E-01    6.728475E-01 
   614    2.164669E-01    4.592694E-01    4.279826E-01    6.728477E-01 
   615    2.170118E-01    4.592709E-01    4.279796E-01    6.728477E-01 
   616    2.175570E-01    4.592721E-01    4.279813E-01    6.728469E-01 
   617    2.181019E-01    4.592733E-01    4.279772E-01    6.728456E-01 
   618    2.186470E-01    4.592743E-01    4.279796E-01    6.728432E-01 
   619    2.191918E-01    4.592753E-01    4.279752E-01    6.728406E-01 
   620    2.197367E-01    4.592762E-01    4.279777E-01    6.728374E-01 
   621    2.202814E-01    4.592772E-01    4.279738E-01    6.728345E-01 
   622    2.208262E-01    4.592781E-01    4.279758E-01    6.728323E-01 
   623    2.213710E-01    4.592790E-01    4.279729E-01    6.728305E-01 
   624    2.219158E-01    4.592797E-01    4.279738E-01    6.728294E-01 
   625    2.224607E-01    4.592803E-01    4.279723E-01    6.728284E-01 
   626    2.230056E-01    4.592808E-01    4.279716E-01    6.728273E-01 
   627    2.235506E-01    4.592812E-01    4.279716E-01    6.728259E-01 
   628    2.240955E-01    4.592815E-01    4.279693E-01    6.728241E-01 
   629    2.246405E-01    4.592817E-01    4.279707E-01    6.728216E-01 
   630    2.251853E-01    4.592819E-01    4.279672E-01    6.728191E-01 
   631    2.257302E-01    4.592821E-01    4.279696E-01    6.728160E-01 
   632    2.262749E-01    4.592823E-01    4.279656E-01    6.728135E-01 
   633    2.268198E-01    4.592825E-01    4.279684E-01    6.728108E-01 
   634    2.273646E-01    4.592826E-01    4.279644E-01    6.728085E-01 
   635    2.279095E-01    4.592827E-01    4.279669E-01    6.728064E-01 
   636    2.284544E-01    4.592827E-01    4.279636E-01    6.728043E-01 
   637    2.289993E-01    4.592826E-01    4.279651E-01    6.728022E-01 
   638    2.295442E-01    4.592825E-01    4.279631E-01    6.727998E-01 
   639    2.300891E-01    4.592824E-01    4.279633E-01    6.727971E-01 
   640    2.306340E-01    4.592822E-01    4.279629E-01    6.727943E-01 
   641    2.311788E-01    4.592821E-01    4.279617E-01    6.727911E-01 
   642    2.317238E-01    4.592819E-01    4.279629E-01    6.727878E-01 
   643    2.322685E-01    4.592817E-01    4.279603E-01    6.727846E-01 
   644    2.328135E-01    4.592816E-01    4.279628E-01    6.727810E-01 
   645    2.333582E-01    4.592814E-01    4.279594E-01    6.727780E-01 
   646    2.339032E-01    4.592813E-01    4.279626E-01    6.727745E-01 
   647    2.344480E-01    4.592811E-01    4.279590E-01    6.727712E-01 
   648    2.349929E-01    4.592809E-01    4.279621E-01    6.727678E-01 
   649    2.355378E-01    4.592808E-01    4.279590E-01    6.727639E-01 
   650    2.360827E-01    4.592806E-01    4.279616E-01    6.727602E-01 
   651    2.366276E-01    4.592805E-01    4.279596E-01    6.727559E-01 
   652    2.371724E-01    4.592804E-01    4.279611E-01    6.727515E-01 
   653    2.377173E-01    4.592803E-01    4.279606E-01    6.727471E-01 
   654    2.382622E-01    4.592803E-01    4.279610E-01    6.727423E-01 
   655    2.388071E-01    4.592803E-01    4.279622E-01    6.727375E-01 
   656    2.393519E-01    4.592803E-01    4.279612E-01    6.727326E-01 
   657    2.398968E-01    4.592804E-01    4.279641E-01    6.727273E-01 
   658    2.404416E-01    4.592806E-01    4.279620E-01    6.727222E-01 
   659    2.409866E-01    4.592808E-01    4.279659E-01    6.727164E-01 
   660    2.415314E-01    4.592810E-01    4.279633E-01    6.727108E-01 
   661    2.420763E-01    4.592813E-01    4.279677E-01    6.727048E-01 
   662    2.426212E-01    4.592817E-01    4.279654E-01    6.726984E-01 
   663    2.431661E-01    4.592822E-01    4.279696E-01    6.726920E-01 
   664    2.437109E-01    4.592827E-01    4.279683E-01    6.726850E-01 
   665    2.442558E-01    4.592833E-01    4.279718E-01    6.726779E-01 
   666    2.448007E-01    4.592840E-01    4.279720E-01    6.726705E-01 
   667    2.453455E-01    4.592848E-01    4.279744E-01    6.726627E-01 
   668    2.458904E-01    4.592857E-01    4.279764E-01    6.726549E-01 
   669    2.464352E-01    4.592867E-01    4.279776E-01    6.726467E-01 
   670    2.469802E-01    4.592878E-01    4.279815E-01    6.726380E-01 
   671    2.475250E-01    4.592890E-01    4.279816E-01    6.726293E-01 
   672    2.480700E-01    4.592903E-01    4.279868E-01    6.726197E-01 
   673    2.486147E-01    4.592918E-01    4.279863E-01    6.726103E-01 
   674    2.491596E-01    4.592933E-01    4.279925E-01    6.726001E-01 
   675    2.497045E-01    4.592950E-01    4.279920E-01    6.725897E-01 
   676    2.502493E-01    4.592968E-01    4.279985E-01    6.725791E-01 
   677    2.507942E-01    4.592987E-01    4.279988E-01    6.725677E-01 
   678    2.513390E-01    4.593008E-01    4.280049E-01    6.725563E-01 
   679    2.518839E-01    4.593030E-01    4.280066E-01    6.725443E-01 
   680    2.524287E-01    4.593054E-01    4.280119E-01    6.725319E-01 
   681    2.529736E-01    4.593079E-01    4.280154E-01    6.725193E-01 
   682    2.535184E-01    4.593106E-01    4.280197E-01    6.725059E-01 
   683    2.540633E-01    4.593134E-01    4.280251E-01    6.724924E-01 
   684    2.546081E-01    4.593163E-01    4.280284E-01    6.724784E-01 
   685    2.551530E-01    4.593194E-01    4.280356E-01    6.724636E-01 
   686    2.556977E-01    4.593227E-01    4.280380E-01    6.724490E-01 
   687    2.562427E-01    4.593261E-01    4.280465E-01    6.724332E-01 
   688    2.567874E-01    4.593297E-01    4.280487E-01    6.724176E-01 
   689    2.573322E-01    4.593335E-01    4.280579E-01    6.724013E-01 
   690    2.578770E-01    4.593374E-01    4.280605E-01    6.723845E-01 
   691    2.584219E-01    4.593414E-01    4.280697E-01    6.723675E-01 
   692    2.589667E-01    4.593456E-01    4.280734E-01    6.723497E-01 
   693    2.595114E-01    4.593500E-01    4.280821E-01    6.723318E-01 
   694    2.600563E-01    4.593545E-01    4.280874E-01    6.723133E-01 
   695    2.606010E-01    4.593592E-01    4.280952E-01    6.722944E-01 
   696    2.611458E-01    4.593640E-01    4.281024E-01    6.722752E-01 
   697    2.616906E-01    4.593689E-01    4.281092E-01    6.722555E-01 
   698    2.622354E-01    4.593740E-01    4.281183E-01    6.722353E-01 
   699    2.627800E-01    4.593793E-01    4.281239E-01    6.722151E-01 
   700    2.633250E-01    4.593846E-01    4.281345E-01    6.721941E-01 
   701    2.638696E-01    4.593901E-01    4.281395E-01    6.721733E-01 
   702    2.644144E-01    4.593957E-01    4.281511E-01    6.721518E-01 
   703    2.649591E-01    4.594015E-01    4.281559E-01    6.721303E-01 
   704    2.655038E-01    4.594073E-01    4.281677E-01    6.721084E-01 
   705    2.660486E-01    4.594132E-01    4.281732E-01    6.720862E-01 
   706    2.665933E-01    4.594192E-01    4.281845E-01    6.720640E-01 
   707    2.671380E-01    4.594252E-01    4.281911E-01    6.720413E-01 
   708    2.676827E-01    4.594313E-01    4.282015E-01    6.720187E-01 
   709    2.682274E-01    4.594375E-01    4.282095E-01    6.719959E-01 
   710    2.687721E-01    4.594437E-01    4.282187E-01    6.719728E-01 
   711    2.693168E-01    4.594499E-01    4.282283E-01    6.719499E-01 
   712    2.698614E-01    4.594561E-01    4.282360E-01    6.719269E-01 
   713    2.704061E-01    4.594623E-01    4.282470E-01    6.719037E-01 
   714    2.709507E-01    4.594684E-01    4.282533E-01    6.718809E-01 
   715    2.714954E-01    4.594746E-01    4.282652E-01    6.718577E-01 
   716    2.720400E-01    4.594807E-01    4.282706E-01    6.718353E-01 
   717    2.725847E-01    4.594867E-01    4.282828E-01    6.718125E-01 
   718    2.731293E-01    4.594926E-01    4.282879E-01    6.717901E-01 
   719    2.736739E-01    4.594984E-01    4.282994E-01    6.717681E-01 
   720    2.742185E-01    4.595041E-01    4.283048E-01    6.717462E-01 
   721    2.747631E-01    4.595097E-01    4.283152E-01    6.717250E-01 
   722    2.753077E-01    4.595151E-01    4.283213E-01    6.717040E-01 
   723    2.758523E-01    4.595204E-01    4.283301E-01    6.716836E-01 
   724    2.763969E-01    4.595255E-01    4.283371E-01    6.716639E-01 
   725    2.769414E-01    4.595304E-01    4.283440E-01    6.716447E-01 
   726    2.774861E-01    4.595350E-01    4.283520E-01    6.716264E-01 
   727    2.780305E-01    4.595394E-01    4.283567E-01    6.716091E-01 
   728    2.785752E-01    4.595435E-01    4.283654E-01    6.715924E-01 
   729    2.791196E-01    4.595473E-01    4.283681E-01    6.715771E-01 
   730    2.796643E-01    4.595507E-01    4.283766E-01    6.715623E-01 
   731    2.802088E-01    4.595538E-01    4.283778E-01    6.715491E-01 
   732    2.807534E-01    4.595564E-01    4.283853E-01    6.715365E-01 
   733    2.812979E-01    4.595585E-01    4.283856E-01    6.715249E-01 
   734    2.818424E-01    4.595602E-01    4.283913E-01    6.715144E-01 
   735    2.823870E-01    4.595614E-01    4.283911E-01    6.715046E-01 
   736    2.829315E-01    4.595620E-01    4.283945E-01    6.714962E-01 
   737    2.834760E-01    4.595621E-01    4.283940E-01    6.714884E-01 
   738    2.840205E-01    4.595617E-01    4.283948E-01    6.714819E-01 
   739    2.845651E-01    4.595607E-01    4.283943E-01    6.714767E-01 
   740    2.851096E-01    4.595590E-01    4.283920E-01    6.714729E-01 
   741    2.856542E-01    4.595567E-01    4.283913E-01    6.714709E-01 
   742    2.861986E-01    4.595536E-01    4.283856E-01    6.714708E-01 
   743    2.867433E-01    4.595495E-01    4.283839E-01    6.714720E-01 
   744    2.872877E-01    4.595445E-01    4.283748E-01    6.714763E-01 
   745    2.878324E-01    4.595383E-01    4.283708E-01    6.714820E-01 
   746    2.883769E-01    4.595308E-01    4.283581E-01    6.714909E-01 
   747    2.889215E-01    4.595219E-01    4.283504E-01    6.715010E-01 
   748    2.894660E-01    4.595116E-01    4.283345E-01    6.715114E-01 
   749    2.900106E-01    4.594998E-01    4.283223E-01    6.715218E-01 
   750    2.905552E-01    4.594867E-01    4.283036E-01    6.715295E-01 
   751    2.910997E-01    4.594723E-01    4.282871E-01    6.715365E-01 
   752    2.916443E-01    4.594571E-01    4.282670E-01    6.715426E-01 
   753    2.921890E-01    4.594412E-01    4.282471E-01    6.715508E-01 
   754    2.927337E-01    4.594252E-01    4.282276E-01    6.715683E-01 
   755    2.932784E-01    4.594093E-01    4.282062E-01    6.715933E-01 
   756    2.938232E-01    4.593941E-01    4.281891E-01    6.716252E-01 
   757    2.943679E-01    4.593796E-01    4.281682E-01    6.716660E-01 
   758    2.949129E-01    4.593661E-01    4.281544E-01    6.717138E-01 
   759    2.954576E-01    4.593535E-01    4.281354E-01    6.717758E-01 
   760    2.960025E-01    4.593417E-01    4.281242E-01    6.718450E-01 
   761    2.965473E-01    4.593302E-01    4.281066E-01    6.719249E-01 
   762    2.970922E-01    4.593184E-01    4.280951E-01    6.720121E-01 
   763    2.976370E-01    4.593055E-01    4.280763E-01    6.721018E-01 
   764    2.981819E-01    4.592906E-01    4.280599E-01    6.721896E-01 
   765    2.987267E-01    4.592726E-01    4.280357E-01    6.722684E-01 
   766    2.992715E-01    4.592506E-01    4.280090E-01    6.723353E-01 
   767    2.998163E-01    4.592237E-01    4.279747E-01    6.723868E-01 
   768    3.003611E-01    4.591914E-01    4.279332E-01    6.724204E-01 
   769    3.009060E-01    4.591532E-01    4.278858E-01    6.724354E-01 
   770    3.014508E-01    4.591094E-01    4.278280E-01    6.724303E-01 
   771    3.019958E-01    4.590605E-01    4.277679E-01    6.724036E-01 
   772    3.025407E-01    4.590076E-01    4.276971E-01    6.723558E-01 
   773    3.030859E-01    4.589522E-01    4.276294E-01    6.722825E-01 
   774    3.036310E-01    4.588965E-01    4.275543E-01    6.721855E-01 
   775    3.041764E-01    4.588427E-01    4.274888E-01    6.720600E-01 
   776    3.047218E-01    4.587934E-01    4.274224E-01    6.719111E-01 
   777    3.052675E-01    4.587512E-01    4.273714E-01    6.717446E-01 
   778    3.058132E-01    4.587186E-01    4.273273E-01    6.715750E-01 
   779    3.063591E-01    4.586975E-01    4.273028E-01    6.714336E-01 
   780    3.069052E-01    4.586893E-01    4.272915E-01    6.713483E-01 
   781    3.074512E-01    4.586946E-01    4.273000E-01    6.713474E-01 
   782    3.079972E-01    4.587133E-01    4.273250E-01    6.714402E-01 
   783    3.085431E-01    4.587441E-01    4.273649E-01    6.716172E-01 
   784    3.090890E-01    4.587847E-01    4.274197E-01    6.718580E-01 
   785    3.096346E-01    4.588320E-01    4.274794E-01    6.721316E-01 
   786    3.101801E-01    4.588820E-01    4.275471E-01    6.724210E-01 
   787    3.107252E-01    4.589300E-01    4.276061E-01    6.727071E-01 
   788    3.112704E-01    4.589707E-01    4.276619E-01    6.729696E-01 
   789    3.118152E-01    4.589985E-01    4.276938E-01    6.731969E-01 
   790    3.123602E-01    4.590080E-01    4.277084E-01    6.733769E-01 
   791    3.129048E-01    4.589937E-01    4.276847E-01    6.735059E-01 
   792    3.134495E-01    4.589508E-01    4.276296E-01    6.735738E-01 
   793    3.139941E-01    4.588751E-01    4.275261E-01    6.735740E-01 
   794    3.145387E-01    4.587640E-01    4.273805E-01    6.734992E-01 
   795    3.150835E-01    4.586163E-01    4.271834E-01    6.733357E-01 
   796    3.156284E-01    4.584328E-01    4.269416E-01    6.730659E-01 
   797    3.161735E-01    4.582166E-01    4.266562E-01    6.726652E-01 
   798    3.167189E-01    4.579734E-01    4.263348E-01    6.721134E-01 
   799    3.172647E-01    4.577114E-01    4.259911E-01    6.714030E-01 
   800    3.178109E-01    4.574414E-01    4.256337E-01    6.705309E-01 
   801    3.183579E-01    4.571766E-01    4.252880E-01    6.695169E-01 
   802    3.189053E-01    4.569317E-01    4.249630E-01    6.683598E-01 
   803    3.194538E-01    4.567223E-01    4.246912E-01    6.670937E-01 
   804    3.200026E-01    4.565637E-01    4.244794E-01    6.657659E-01 
   805    3.205525E-01    4.564695E-01    4.243593E-01    6.645157E-01 
   806    3.211029E-01    4.564506E-01    4.243314E-01    6.635548E-01 
   807    3.216538E-01    4.565130E-01    4.244164E-01    6.630866E-01 
   808    3.222048E-01    4.566569E-01    4.246034E-01    6.632988E-01 
   809    3.227554E-01    4.568752E-01    4.248924E-01    6.641795E-01 
   810    3.233055E-01    4.571530E-01    4.252568E-01    6.656629E-01 
   811    3.238545E-01    4.574670E-01    4.256703E-01    6.675280E-01 
   812    3.244023E-01    4.577857E-01    4.260905E-01    6.696161E-01 
   813    3.249487E-01    4.580705E-01    4.264648E-01    6.717620E-01 
   814    3.254939E-01    4.582760E-01    4.267382E-01    6.738240E-01 
   815    3.260376E-01    4.583511E-01    4.268361E-01    6.756780E-01 
   816    3.265805E-01    4.582408E-01    4.266955E-01    6.772312E-01 
   817    3.271223E-01    4.578866E-01    4.262273E-01    6.783735E-01 
   818    3.276637E-01    4.572280E-01    4.253643E-01    6.790959E-01 
   819    3.282048E-01    4.562045E-01    4.240124E-01    6.792892E-01 
   820    3.287463E-01    4.547557E-01    4.221062E-01    6.787920E-01 
   821    3.292884E-01    4.528258E-01    4.195589E-01    6.775356E-01 
   822    3.298320E-01    4.503597E-01    4.163100E-01    6.753717E-01 
   823    3.303776E-01    4.473081E-01    4.122880E-01    6.718597E-01 
   824    3.309264E-01    4.436270E-01    4.074459E-01    6.667035E-01 
   825    3.314795E-01    4.392785E-01    4.017342E-01    6.597659E-01 
   826    3.320382E-01    4.342292E-01    3.951209E-01    6.506724E-01 
   827    3.326040E-01    4.284579E-01    3.875919E-01    6.392245E-01 
   828    3.331786E-01    4.219521E-01    3.791398E-01    6.251175E-01 
   829    3.337639E-01    4.147060E-01    3.697850E-01    6.079041E-01 
   830    3.343617E-01    4.067332E-01    3.595581E-01    5.878170E-01 
   831    3.349745E-01    3.980573E-01    3.485254E-01    5.648189E-01 
   832    3.356038E-01    3.887330E-01    3.367771E-01    5.383329E-01 
   833    3.362522E-01    3.788297E-01    3.244395E-01    5.080517E-01 
   834    3.369216E-01    3.684466E-01    3.116543E-01    4.745176E-01 
   835    3.376146E-01    3.576986E-01    2.986031E-01    4.383758E-01 
   836    3.383324E-01    3.467511E-01    2.855003E-01    3.995886E-01 
   837    3.390766E-01    3.357801E-01    2.725777E-01    3.583336E-01 
   838    3.398483E-01    3.249843E-01    2.600657E-01    3.158003E-01 
   839    3.406482E-01    3.145600E-01    2.481916E-01    2.732836E-01 
   840    3.414759E-01    3.047111E-01    2.371617E-01    2.317276E-01 
   841    3.423305E-01    2.956092E-01    2.271402E-01    1.921819E-01 
   842    3.432103E-01    2.873933E-01    2.182394E-01    1.559261E-01 
   843    3.441132E-01    2.801531E-01    2.105144E-01    1.239306E-01 
   844    3.450362E-01    2.739276E-01    2.039605E-01    9.662688E-02 
   845    3.459765E-01    2.686978E-01    1.985190E-01    7.403566E-02 
   846    3.469311E-01    2.644026E-01    1.940927E-01    5.579994E-02 
   847    3.478970E-01    2.609475E-01    1.905598E-01    4.151575E-02 
   848    3.488719E-01    2.582223E-01    1.877897E-01    3.055948E-02 
   849    3.498537E-01    2.561098E-01    1.856512E-01    2.225262E-02 
   850    3.508407E-01    2.544968E-01    1.840232E-01    1.605821E-02 
   851    3.518317E-01    2.532819E-01    1.827994E-01    1.150177E-02 
   852    3.528254E-01    2.523777E-01    1.818898E-01    8.186578E-03 
   853    3.538213E-01    2.517117E-01    1.812202E-01    5.795828E-03 
   854    3.548186E-01    2.512253E-01    1.807314E-01    4.084149E-03 
   855    3.558170E-01    2.508730E-01    1.803773E-01    2.865874E-03 
   856    3.568162E-01    2.506194E-01    1.801225E-01    2.003040E-03 
   857    3.578159E-01    2.504379E-01    1.799401E-01    1.394563E-03 
   858    3.588160E-01    2.503088E-01    1.798104E-01    9.669731E-04 
   859    3.598164E-01    2.502173E-01    1.797184E-01    6.673858E-04 
   860    3.608170E-01    2.501528E-01    1.796536E-01    4.580249E-04 
   861    3.618177E-01    2.501075E-01    1.796080E-01    3.120689E-04 
   862    3.628185E-01    2.500757E-01    1.795760E-01    2.105895E-04 
   863    3.638193E-01    2.500534E-01    1.795537E-01    1.402497E-04 
   864    3.648202E-01    2.500379E-01    1.795381E-01    9.164697E-05 
   865    3.658211E-01    2.500272E-01    1.795273E-01    5.818771E-05 
   866    3.668221E-01    2.500197E-01    1.795198E-01    3.525953E-05 
   867    3.678230E-01    2.500144E-01    1.795145E-01    1.963682E-05 
   868    3.688240E-01    2.500108E-01    1.795109E-01    9.083975E-06 
   869    3.698250E-01    2.500083E-01    1.795083E-01    2.033400E-06 
   870    3.708259E-01    2.500065E-01    1.795065E-01   -2.647873E-06 
   871    3.718269E-01    2.500053E-01    1.795053E-01   -5.768609E-06 
   872    3.728279E-01    2.500044E-01    1.795044E-01   -7.869956E-06 
   873    3.738289E-01    2.500038E-01    1.795038E-01   -9.312497E-06 
   874    3.748299E-01    2.500034E-01    1.795034E-01   -1.030900E-05 
   875    3.758309E-01    2.500031E-01    1.795031E-01   -1.083889E-05 
   876    3.768319E-01    2.500029E-01    1.795029E-01   -1.115183E-05 
   877    3.778328E-01    2.500028E-01    1.795028E-01   -1.150732E-05 
   878    3.788338E-01    2.500027E-01    1.795028E-01   -1.184997E-05 
   879    3.798348E-01    2.500027E-01    1.795027E-01   -1.214442E-05 
   880    3.808358E-01    2.500027E-01    1.795027E-01   -1.234995E-05 
   881    3.818368E-01    2.500027E-01    1.795027E-01   -1.240812E-05 
   882    3.828378E-01    2.500027E-01    1.795027E-01   -1.235861E-05 
   883    3.838388E-01    2.500027E-01    1.795027E-01   -1.231970E-05 
   884    3.848398E-01    2.500026E-01    1.795026E-01   -1.231074E-05 
   885    3.858408E-01    2.500026E-01    1.795026E-01   -1.226384E-05 
   886    3.868418E-01    2.500026E-01    1.795026E-01   -1.210329E-05 
   887    3.878428E-01    2.500025E-01    1.795025E-01   -1.168539E-05 
   888    3.888438E-01    2.500025E-01    1.795025E-01   -1.097634E-05 
   889    3.898447E-01    2.500024E-01    1.795024E-01   -1.060742E-05 
   890    3.908457E-01    2.500023E-01    1.795023E-01   -1.066881E-05 
   891    3.918467E-01    2.500023E-01    1.795023E-01   -1.085522E-05 
   892    3.928477E-01    2.500022E-01    1.795022E-01   -1.096299E-05 
   893    3.938487E-01    2.500022E-01    1.795022E-01   -1.053333E-05 
   894    3.948497E-01    2.500022E-01    1.795022E-01   -9.713509E-06 
   895    3.958507E-01    2.500021E-01    1.795022E-01   -9.706122E-06 
   896    3.968517E-01    2.500021E-01    1.795021E-01   -9.987669E-06 
   897    3.978527E-01    2.500021E-01    1.795021E-01   -1.027432E-05 
   898    3.988537E-01    2.500021E-01    1.795021E-01   -1.050674E-05 
   899    3.998547E-01    2.500021E-01    1.795021E-01   -1.041678E-05 
   900    4.008557E-01    2.500021E-01    1.795021E-01   -9.868267E-06 
   901    4.018566E-01    2.500021E-01    1.795021E-01   -9.839311E-06 
   902    4.028576E-01    2.500020E-01    1.795020E-01   -1.015653E-05 
   903    4.038586E-01    2.500020E-01    1.795020E-01   -1.041140E-05 
   904    4.048596E-01    2.500020E-01    1.795020E-01   -1.035635E-05 
   905    4.058606E-01    2.500019E-01    1.795019E-01   -9.773006E-06 
   906    4.068616E-01    2.500019E-01    1.795019E-01   -8.243262E-06 
   907    4.078626E-01    2.500018E-01    1.795018E-01   -7.869240E-06 
   908    4.088636E-01    2.500017E-01    1.795017E-01   -8.507350E-06 
   909    4.098646E-01    2.500017E-01    1.795017E-01   -9.243446E-06 
   910    4.108656E-01    2.500017E-01    1.795017E-01   -9.530267E-06 
   911    4.118666E-01    2.500017E-01    1.795017E-01   -9.039640E-06 
   912    4.128676E-01    2.500016E-01    1.795016E-01   -7.307033E-06 
   913    4.138685E-01    2.500016E-01    1.795016E-01   -7.024606E-06 
   914    4.148695E-01    2.500015E-01    1.795015E-01   -8.163100E-06 
   915    4.158705E-01    2.500015E-01    1.795015E-01   -9.306775E-06 
   916    4.168716E-01    2.500016E-01    1.795016E-01   -9.572102E-06 
   917    4.178726E-01    2.500016E-01    1.795016E-01   -8.901114E-06 
   918    4.188736E-01    2.500015E-01    1.795015E-01   -6.593642E-06 
   919    4.198745E-01    2.500014E-01    1.795014E-01   -5.765342E-06 
   920    4.208754E-01    2.500013E-01    1.795013E-01   -7.579544E-06 
   921    4.218764E-01    2.500013E-01    1.795013E-01   -9.670907E-06 
   922    4.228775E-01    2.500013E-01    1.795013E-01   -1.012647E-05 
   923    4.238786E-01    2.500013E-01    1.795013E-01   -8.508184E-06 
   924    4.248796E-01    2.500013E-01    1.795013E-01   -4.712405E-06 
   925    4.258805E-01    2.500012E-01    1.795012E-01   -3.511111E-06 
   926    4.268813E-01    2.500011E-01    1.795011E-01   -6.900558E-06 
   927    4.278823E-01    2.500011E-01    1.795011E-01   -1.019430E-05 
   928    4.288835E-01    2.500011E-01    1.795011E-01   -1.072764E-05 
   929    4.298847E-01    2.500012E-01    1.795012E-01   -8.589140E-06 
   930    4.308857E-01    2.500011E-01    1.795011E-01   -3.375160E-06 
   931    4.318864E-01    2.500009E-01    1.795009E-01   -9.060475E-07 
   932    4.328872E-01    2.500008E-01    1.795008E-01   -6.349459E-06 
   933    4.338882E-01    2.500008E-01    1.795008E-01   -1.202799E-05 
   934    4.348895E-01    2.500009E-01    1.795009E-01   -1.355556E-05 
   935    4.358908E-01    2.500010E-01    1.795010E-01   -9.672522E-06 
   936    4.368920E-01    2.500009E-01    1.795009E-01    1.776171E-06 
   937    4.378925E-01    2.500005E-01    1.795005E-01    3.859765E-06 
   938    4.388929E-01    2.500003E-01    1.795003E-01   -7.751567E-06 
   939    4.398939E-01    2.500004E-01    1.795004E-01   -1.668558E-05 
   940    4.408954E-01    2.500007E-01    1.795007E-01   -1.736942E-05 
   941    4.418974E-01    2.500008E-01    1.795008E-01   -5.680358E-06 
   942    4.428984E-01    2.500005E-01    1.795005E-01    7.757469E-06 
   943    4.438981E-01    2.500001E-01    1.795001E-01    5.085004E-06 
   944    4.448982E-01    2.499998E-01    1.794998E-01   -1.019615E-05 
   945    4.458995E-01    2.500000E-01    1.795000E-01   -1.939634E-05 
   946    4.469019E-01    2.500003E-01    1.795003E-01   -2.040262E-05 
   947    4.479040E-01    2.500004E-01    1.795004E-01   -1.009443E-05 
   948    4.489047E-01    2.500000E-01    1.795000E-01    1.783639E-05 
   949    4.499037E-01    2.499992E-01    1.794992E-01    1.432332E-05 
   950    4.509037E-01    2.499986E-01    1.794986E-01   -8.127982E-06 
   951    4.519049E-01    2.499989E-01    1.794989E-01   -3.801384E-05 
   952    4.529075E-01    2.499997E-01    1.794997E-01   -3.984803E-05 
   953    4.539119E-01    2.499998E-01    1.794998E-01    1.112364E-05 
   954    4.549121E-01    2.499986E-01    1.794986E-01    4.537707E-05 
   955    4.559097E-01    2.499973E-01    1.794973E-01    1.809775E-05 
   956    4.569063E-01    2.499973E-01    1.794973E-01   -4.200336E-05 
   957    4.579080E-01    2.499987E-01    1.794986E-01   -6.503873E-05 
   958    4.589174E-01    2.499996E-01    1.794996E-01   -1.455352E-05 
   959    4.599235E-01    2.499988E-01    1.794988E-01    5.609658E-05 
   960    4.609175E-01    2.499975E-01    1.794975E-01    2.224253E-05 
   961    4.619095E-01    2.499969E-01    1.794969E-01   -9.362465E-07 
   962    4.629075E-01    2.499973E-01    1.794973E-01   -4.922284E-05 
   963    4.639185E-01    2.499985E-01    1.794985E-01   -5.559901E-05 
   964    4.649336E-01    2.499984E-01    1.794984E-01    1.510848E-05 
   965    4.659236E-01    2.499977E-01    1.794977E-01   -1.655391E-05 
   966    4.669216E-01    2.499958E-01    1.794958E-01    8.844698E-05 
   967    4.679129E-01    2.499930E-01    1.794930E-01    2.925458E-05 
   968    4.689135E-01    2.499932E-01    1.794932E-01   -8.814195E-05 
   969    4.699313E-01    2.499945E-01    1.794945E-01   -1.080705E-04 
   970    4.709253E-01    2.499952E-01    1.794952E-01   -4.251607E-05 
   971    4.719477E-01    2.499926E-01    1.794926E-01    1.530080E-04 
   972    4.729352E-01    2.499872E-01    1.794872E-01    1.499827E-04 
   973    4.739063E-01    2.499844E-01    1.794845E-01   -5.693991E-05 
   974    4.748986E-01    2.499881E-01    1.794882E-01   -3.076544E-04 
   975    4.759282E-01    2.499915E-01    1.794915E-01   -2.480145E-05 
   976    4.769827E-01    2.499883E-01    1.794885E-01    1.641611E-04 
   977    4.779777E-01    2.499813E-01    1.794816E-01    2.256107E-04 
   978    4.789151E-01    2.499751E-01    1.794752E-01    5.904082E-05 
   979    4.798197E-01    2.499816E-01    1.794823E-01   -4.822457E-04 
   980    4.809419E-01    2.499852E-01    1.794856E-01    1.060083E-05 
   981    4.820134E-01    2.499779E-01    1.794789E-01    1.215021E-04 
   982    4.830255E-01    2.499638E-01    1.794651E-01    2.019030E-04 
   983    4.839609E-01    2.499440E-01    1.794448E-01    1.730452E-04 
   984    4.847119E-01    2.499292E-01    1.794302E-01   -4.763827E-04 
   985    4.859675E-01    2.498949E-01    1.793962E-01    8.763534E-06 
   986    4.870209E-01    2.498185E-01    1.793219E-01    5.314648E-05 
   987    4.880437E-01    2.496845E-01    1.791897E-01    1.056585E-04 
   988    4.890175E-01    2.494538E-01    1.789571E-01    1.307133E-04 
   989    4.896841E-01    2.492021E-01    1.786637E-01   -2.474456E-04 
   990    4.909910E-01    2.486720E-01    1.785465E-01    0.000000E+00 
   991    4.919920E-01    2.483529E-01    1.783174E-01    0.000000E+00 
   992    4.929930E-01    2.477160E-01    1.778601E-01    0.000000E+00 
   993    4.939940E-01    2.460170E-01    1.766402E-01    0.000000E+00 
   994    4.949950E-01    2.421146E-01    1.738383E-01    0.000000E+00 
   995    4.959960E-01    2.341994E-01    1.681552E-01    0.000000E+00 
   996    4.969970E-01    2.204056E-01    1.582512E-01    0.000000E+00 
   997    4.979980E-01    1.999302E-01    1.435499E-01    0.000000E+00 
   998    4.989990E-01    1.731557E-01    1.243258E-01    0.000000E+00 
   999    5.000000E-01    1.416667E-01    1.017167E-01    0.000000E+00 
