     0   -5.000000E-01    5.666667E-01    5.666667E-01    0.000000E+00 
     1   -4.989990E-01    6.926304E-01    6.926304E-01    0.000000E+00 
     2   -4.979980E-01    7.997575E-01    7.997575E-01    0.000000E+00 
     3   -4.969970E-01    8.816961E-01    8.816961E-01    0.000000E+00 
     4   -4.959960E-01    9.369068E-01    9.369068E-01    0.000000E+00 
     5   -4.949950E-01    9.685973E-01    9.685973E-01    0.000000E+00 
     6   -4.939940E-01    9.842155E-01    9.842155E-01    0.000000E+00 
     7   -4.929930E-01    9.909749E-01    9.909749E-01    0.000000E+00 
     8   -4.919920E-01    9.934731E-01    9.934731E-01    0.000000E+00 
     9   -4.909910E-01    9.947070E-01    9.947070E-01    0.000000E+00 
    10   -4.897036E-01    9.967593E-01    9.952869E-01    2.875872E-04 
    11   -4.890074E-01    9.978098E-01    9.969625E-01   -1.472685E-04 
    12   -4.880356E-01    9.987272E-01    9.982542E-01   -1.191626E-04 
    13   -4.870165E-01    9.992614E-01    9.989899E-01   -6.625040E-05 
    14   -4.859666E-01    9.995657E-01    9.994023E-01   -1.495225E-05 
    15   -4.847480E-01    9.996948E-01    9.995806E-01    5.211773E-04 
    16   -4.839489E-01    9.997502E-01    9.996559E-01   -1.641779E-04 
    17   -4.830103E-01    9.998375E-01    9.997802E-01   -2.200328E-04 
    18   -4.820038E-01    9.999014E-01    9.998673E-01   -1.407133E-04 
    19   -4.809416E-01    9.999341E-01    9.999096E-01   -1.235475E-06 
    20   -4.798532E-01    9.999144E-01    9.998836E-01    4.638188E-04 
    21   -4.789127E-01    9.998831E-01    9.998378E-01   -2.015547E-05 
    22   -4.779621E-01    9.999107E-01    9.998767E-01   -2.161815E-04 
    23   -4.769704E-01    9.999456E-01    9.999252E-01   -1.748119E-04 
    24   -4.759309E-01    9.999618E-01    9.999469E-01    4.378487E-05 
    25   -4.749172E-01    9.999500E-01    9.999306E-01    2.365394E-04 
    26   -4.739117E-01    9.999364E-01    9.999114E-01    8.644559E-05 
    27   -4.729265E-01    9.999446E-01    9.999228E-01   -1.071845E-04 
    28   -4.719376E-01    9.999680E-01    9.999556E-01   -1.332655E-04 
    29   -4.709283E-01    9.999814E-01    9.999741E-01    3.658647E-05 
    30   -4.699359E-01    9.999828E-01    9.999760E-01    4.614341E-05 
    31   -4.689194E-01    9.999801E-01    9.999723E-01    8.016005E-05 
    32   -4.679131E-01    9.999755E-01    9.999659E-01    1.841368E-05 
    33   -4.669175E-01    9.999810E-01    9.999735E-01   -3.886294E-05 
    34   -4.659238E-01    9.999882E-01    9.999836E-01   -1.037417E-05 
    35   -4.649311E-01    9.999936E-01    9.999911E-01   -4.401511E-05 
    36   -4.639216E-01    9.999956E-01    9.999939E-01    3.951776E-05 
    37   -4.629117E-01    9.999899E-01    9.999859E-01    6.582533E-05 
    38   -4.619110E-01    9.999839E-01    9.999775E-01    3.071114E-05 
    39   -4.609159E-01    9.999850E-01    9.999791E-01   -2.346869E-05 
    40   -4.599197E-01    9.999925E-01    9.999895E-01   -5.280867E-05 
    41   -4.589177E-01    9.999979E-01    9.999971E-01    1.238783E-06 
    42   -4.579119E-01    9.999962E-01    9.999946E-01    5.262619E-05 
    43   -4.569094E-01    9.999908E-01    9.999872E-01    4.378564E-05 
    44   -4.559093E-01    9.999894E-01    9.999852E-01    7.615672E-07 
    45   -4.549100E-01    9.999937E-01    9.999912E-01   -2.392927E-05 
    46   -4.539109E-01    9.999986E-01    9.999980E-01   -1.600929E-05 
    47   -4.529093E-01    1.000000E+00    1.000000E+00    2.096572E-05 
    48   -4.519070E-01    9.999991E-01    9.999988E-01    2.740205E-05 
    49   -4.509049E-01    9.999975E-01    9.999965E-01    1.980206E-05 
    50   -4.499037E-01    9.999973E-01    9.999963E-01    7.402654E-06 
    51   -4.489039E-01    9.999994E-01    9.999992E-01   -8.732870E-06 
    52   -4.479041E-01    1.000002E+00    1.000003E+00   -2.933133E-06 
    53   -4.469028E-01    1.000003E+00    1.000004E+00    1.150288E-05 
    54   -4.459008E-01    1.000002E+00    1.000003E+00    2.022645E-05 
    55   -4.448993E-01    1.000001E+00    1.000001E+00    1.819747E-05 
    56   -4.438984E-01    1.000000E+00    1.000000E+00    7.433935E-06 
    57   -4.428980E-01    1.000002E+00    1.000002E+00   -3.720039E-06 
    58   -4.418975E-01    1.000003E+00    1.000005E+00    1.270130E-06 
    59   -4.408963E-01    1.000004E+00    1.000005E+00    1.266064E-05 
    60   -4.398949E-01    1.000003E+00    1.000005E+00    1.597704E-05 
    61   -4.388937E-01    1.000003E+00    1.000004E+00    1.365698E-05 
    62   -4.378927E-01    1.000002E+00    1.000003E+00    7.178546E-06 
    63   -4.368920E-01    1.000003E+00    1.000005E+00    1.807743E-06 
    64   -4.358912E-01    1.000004E+00    1.000006E+00    5.490290E-06 
    65   -4.348902E-01    1.000005E+00    1.000006E+00    1.091511E-05 
    66   -4.338890E-01    1.000004E+00    1.000006E+00    1.276082E-05 
    67   -4.328878E-01    1.000004E+00    1.000006E+00    1.186165E-05 
    68   -4.318868E-01    1.000004E+00    1.000006E+00    8.463287E-06 
    69   -4.308860E-01    1.000004E+00    1.000006E+00    5.212902E-06 
    70   -4.298851E-01    1.000005E+00    1.000007E+00    6.734495E-06 
    71   -4.288841E-01    1.000005E+00    1.000007E+00    1.018371E-05 
    72   -4.278830E-01    1.000005E+00    1.000007E+00    1.159719E-05 
    73   -4.268819E-01    1.000005E+00    1.000007E+00    1.110642E-05 
    74   -4.258809E-01    1.000005E+00    1.000007E+00    9.086110E-06 
    75   -4.248800E-01    1.000005E+00    1.000007E+00    7.144284E-06 
    76   -4.238791E-01    1.000006E+00    1.000008E+00    7.866029E-06 
    77   -4.228781E-01    1.000006E+00    1.000008E+00    1.007995E-05 
    78   -4.218771E-01    1.000006E+00    1.000008E+00    1.091314E-05 
    79   -4.208760E-01    1.000006E+00    1.000008E+00    1.070544E-05 
    80   -4.198750E-01    1.000006E+00    1.000008E+00    9.673334E-06 
    81   -4.188740E-01    1.000006E+00    1.000008E+00    8.503771E-06 
    82   -4.178731E-01    1.000006E+00    1.000009E+00    8.669638E-06 
    83   -4.168721E-01    1.000006E+00    1.000009E+00    1.009381E-05 
    84   -4.158711E-01    1.000006E+00    1.000009E+00    1.073408E-05 
    85   -4.148701E-01    1.000006E+00    1.000009E+00    1.067715E-05 
    86   -4.138690E-01    1.000006E+00    1.000009E+00    1.014003E-05 
    87   -4.128681E-01    1.000006E+00    1.000009E+00    9.407123E-06 
    88   -4.118671E-01    1.000007E+00    1.000009E+00    9.395135E-06 
    89   -4.108661E-01    1.000007E+00    1.000009E+00    1.036102E-05 
    90   -4.098651E-01    1.000007E+00    1.000009E+00    1.081961E-05 
    91   -4.088641E-01    1.000007E+00    1.000009E+00    1.086448E-05 
    92   -4.078631E-01    1.000007E+00    1.000009E+00    1.061434E-05 
    93   -4.068621E-01    1.000007E+00    1.000010E+00    1.016073E-05 
    94   -4.058611E-01    1.000007E+00    1.000010E+00    1.005848E-05 
    95   -4.048602E-01    1.000007E+00    1.000010E+00    1.071400E-05 
    96   -4.038591E-01    1.000007E+00    1.000010E+00    1.111991E-05 
    97   -4.028581E-01    1.000007E+00    1.000010E+00    1.110029E-05 
    98   -4.018571E-01    1.000007E+00    1.000010E+00    1.095610E-05 
    99   -4.008561E-01    1.000007E+00    1.000010E+00    1.071106E-05 
   100   -3.998552E-01    1.000008E+00    1.000011E+00    1.067000E-05 
   101   -3.988542E-01    1.000008E+00    1.000011E+00    1.129860E-05 
   102   -3.978532E-01    1.000008E+00    1.000011E+00    1.170992E-05 
   103   -3.968522E-01    1.000008E+00    1.000011E+00    1.183984E-05 
   104   -3.958512E-01    1.000008E+00    1.000011E+00    1.184677E-05 
   105   -3.948502E-01    1.000008E+00    1.000011E+00    1.177163E-05 
   106   -3.938492E-01    1.000008E+00    1.000011E+00    1.168872E-05 
   107   -3.928482E-01    1.000008E+00    1.000011E+00    1.189691E-05 
   108   -3.918472E-01    1.000008E+00    1.000012E+00    1.196071E-05 
   109   -3.908462E-01    1.000008E+00    1.000012E+00    1.188512E-05 
   110   -3.898452E-01    1.000008E+00    1.000012E+00    1.182284E-05 
   111   -3.888442E-01    1.000008E+00    1.000012E+00    1.177714E-05 
   112   -3.878433E-01    1.000008E+00    1.000012E+00    1.170576E-05 
   113   -3.868423E-01    1.000008E+00    1.000012E+00    1.209796E-05 
   114   -3.858413E-01    1.000009E+00    1.000012E+00    1.235217E-05 
   115   -3.848403E-01    1.000009E+00    1.000012E+00    1.238899E-05 
   116   -3.838393E-01    1.000009E+00    1.000012E+00    1.247297E-05 
   117   -3.828383E-01    1.000009E+00    1.000013E+00    1.260055E-05 
   118   -3.818373E-01    1.000009E+00    1.000013E+00    1.271030E-05 
   119   -3.808363E-01    1.000009E+00    1.000013E+00    1.302246E-05 
   120   -3.798353E-01    1.000009E+00    1.000013E+00    1.322279E-05 
   121   -3.788343E-01    1.000009E+00    1.000013E+00    1.332629E-05 
   122   -3.778333E-01    1.000010E+00    1.000013E+00    1.345408E-05 
   123   -3.768323E-01    1.000010E+00    1.000013E+00    1.353043E-05 
   124   -3.758314E-01    1.000010E+00    1.000013E+00    1.352725E-05 
   125   -3.748304E-01    1.000010E+00    1.000013E+00    1.350461E-05 
   126   -3.738294E-01    1.000010E+00    1.000013E+00    1.342740E-05 
   127   -3.728284E-01    1.000010E+00    1.000013E+00    1.325943E-05 
   128   -3.718274E-01    1.000010E+00    1.000013E+00    1.313894E-05 
   129   -3.708264E-01    1.000010E+00    1.000013E+00    1.296913E-05 
   130   -3.698254E-01    1.000010E+00    1.000014E+00    1.287600E-05 
   131   -3.688244E-01    1.000010E+00    1.000014E+00    1.316205E-05 
   132   -3.678234E-01    1.000010E+00    1.000014E+00    1.358503E-05 
   133   -3.668224E-01    1.000010E+00    1.000014E+00    1.398923E-05 
   134   -3.658214E-01    1.000011E+00    1.000015E+00    1.456686E-05 
   135   -3.648204E-01    1.000011E+00    1.000015E+00    1.499921E-05 
   136   -3.638195E-01    1.000011E+00    1.000016E+00    1.526919E-05 
   137   -3.628185E-01    1.000011E+00    1.000016E+00    1.549751E-05 
   138   -3.618175E-01    1.000012E+00    1.000016E+00    1.562412E-05 
   139   -3.608165E-01    1.000012E+00    1.000016E+00    1.571186E-05 
   140   -3.598155E-01    1.000012E+00    1.000017E+00    1.579011E-05 
   141   -3.588145E-01    1.000012E+00    1.000017E+00    1.582354E-05 
   142   -3.578135E-01    1.000012E+00    1.000017E+00    1.579005E-05 
   143   -3.568125E-01    1.000012E+00    1.000017E+00    1.571872E-05 
   144   -3.558115E-01    1.000012E+00    1.000017E+00    1.570874E-05 
   145   -3.548105E-01    1.000012E+00    1.000017E+00    1.586010E-05 
   146   -3.538096E-01    1.000012E+00    1.000017E+00    1.607864E-05 
   147   -3.528086E-01    1.000013E+00    1.000018E+00    1.627099E-05 
   148   -3.518076E-01    1.000013E+00    1.000018E+00    1.643947E-05 
   149   -3.508066E-01    1.000013E+00    1.000018E+00    1.671598E-05 
   150   -3.498056E-01    1.000014E+00    1.000019E+00    1.711239E-05 
   151   -3.488046E-01    1.000014E+00    1.000019E+00    1.753739E-05 
   152   -3.478036E-01    1.000014E+00    1.000020E+00    1.792755E-05 
   153   -3.468026E-01    1.000014E+00    1.000020E+00    1.817962E-05 
   154   -3.458017E-01    1.000015E+00    1.000020E+00    1.826135E-05 
   155   -3.448007E-01    1.000015E+00    1.000021E+00    1.825105E-05 
   156   -3.437997E-01    1.000015E+00    1.000021E+00    1.818511E-05 
   157   -3.427987E-01    1.000015E+00    1.000021E+00    1.806671E-05 
   158   -3.417977E-01    1.000015E+00    1.000021E+00    1.787352E-05 
   159   -3.407967E-01    1.000016E+00    1.000022E+00    1.764046E-05 
   160   -3.397957E-01    1.000016E+00    1.000022E+00    1.746337E-05 
   161   -3.387948E-01    1.000016E+00    1.000023E+00    1.762023E-05 
   162   -3.377938E-01    1.000017E+00    1.000024E+00    1.811113E-05 
   163   -3.367928E-01    1.000018E+00    1.000025E+00    1.878538E-05 
   164   -3.357918E-01    1.000018E+00    1.000025E+00    1.939125E-05 
   165   -3.347908E-01    1.000019E+00    1.000026E+00    1.978224E-05 
   166   -3.337898E-01    1.000020E+00    1.000027E+00    1.997941E-05 
   167   -3.327889E-01    1.000020E+00    1.000028E+00    2.007430E-05 
   168   -3.317879E-01    1.000021E+00    1.000029E+00    2.010161E-05 
   169   -3.307869E-01    1.000021E+00    1.000030E+00    2.006170E-05 
   170   -3.297859E-01    1.000022E+00    1.000031E+00    1.994074E-05 
   171   -3.287849E-01    1.000022E+00    1.000031E+00    1.970644E-05 
   172   -3.277840E-01    1.000023E+00    1.000032E+00    1.933571E-05 
   173   -3.267830E-01    1.000023E+00    1.000032E+00    1.881527E-05 
   174   -3.257820E-01    1.000023E+00    1.000032E+00    1.814608E-05 
   175   -3.247810E-01    1.000023E+00    1.000033E+00    1.731375E-05 
   176   -3.237801E-01    1.000023E+00    1.000033E+00    1.631261E-05 
   177   -3.227791E-01    1.000023E+00    1.000033E+00    1.511487E-05 
   178   -3.217781E-01    1.000023E+00    1.000033E+00    1.369447E-05 
   179   -3.207771E-01    1.000023E+00    1.000032E+00    1.201385E-05 
   180   -3.197761E-01    1.000023E+00    1.000032E+00    1.006431E-05 
   181   -3.187752E-01    1.000022E+00    1.000031E+00    7.812308E-06 
   182   -3.177742E-01    1.000021E+00    1.000030E+00    5.233626E-06 
   183   -3.167732E-01    1.000020E+00    1.000028E+00    2.291383E-06 
   184   -3.157722E-01    1.000019E+00    1.000027E+00   -1.039039E-06 
   185   -3.147713E-01    1.000018E+00    1.000025E+00   -4.814144E-06 
   186   -3.137703E-01    1.000016E+00    1.000022E+00   -9.056542E-06 
   187   -3.127693E-01    1.000014E+00    1.000019E+00   -1.379835E-05 
   188   -3.117683E-01    1.000011E+00    1.000016E+00   -1.907866E-05 
   189   -3.107673E-01    1.000009E+00    1.000012E+00   -2.494090E-05 
   190   -3.097663E-01    1.000006E+00    1.000008E+00   -3.140387E-05 
   191   -3.087653E-01    1.000002E+00    1.000003E+00   -3.852866E-05 
   192   -3.077643E-01    9.999981E-01    9.999973E-01   -4.633939E-05 
   193   -3.067633E-01    9.999937E-01    9.999911E-01   -5.486205E-05 
   194   -3.057623E-01    9.999888E-01    9.999842E-01   -6.413726E-05 
   195   -3.047613E-01    9.999833E-01    9.999766E-01   -7.417012E-05 
   196   -3.037603E-01    9.999773E-01    9.999683E-01   -8.500701E-05 
   197   -3.027593E-01    9.999708E-01    9.999591E-01   -9.671035E-05 
   198   -3.017582E-01    9.999637E-01    9.999491E-01   -1.091954E-04 
   199   -3.007572E-01    9.999560E-01    9.999383E-01   -1.225707E-04 
   200   -2.997561E-01    9.999476E-01    9.999267E-01   -1.369284E-04 
   201   -2.987551E-01    9.999387E-01    9.999141E-01   -1.519936E-04 
   202   -2.977540E-01    9.999291E-01    9.999007E-01   -1.679667E-04 
   203   -2.967529E-01    9.999189E-01    9.998864E-01   -1.850503E-04 
   204   -2.957519E-01    9.999081E-01    9.998713E-01   -2.026449E-04 
   205   -2.947508E-01    9.998968E-01    9.998555E-01   -2.211575E-04 
   206   -2.937497E-01    9.998851E-01    9.998392E-01   -2.408220E-04 
   207   -2.927485E-01    9.998734E-01    9.998227E-01   -2.606438E-04 
   208   -2.917474E-01    9.998619E-01    9.998067E-01   -2.815576E-04 
   209   -2.907463E-01    9.998517E-01    9.997924E-01   -3.035527E-04 
   210   -2.897451E-01    9.998439E-01    9.997814E-01   -3.248975E-04 
   211   -2.887439E-01    9.998399E-01    9.997759E-01   -3.488980E-04 
   212   -2.877427E-01    9.998418E-01    9.997785E-01   -3.738026E-04 
   213   -2.867415E-01    9.998513E-01    9.997918E-01   -3.866114E-04 
   214   -2.857403E-01    9.998702E-01    9.998182E-01   -3.754258E-04 
   215   -2.847392E-01    9.998996E-01    9.998595E-01   -3.409416E-04 
   216   -2.837380E-01    9.999403E-01    9.999163E-01   -2.880822E-04 
   217   -2.827369E-01    9.999918E-01    9.999885E-01   -2.180809E-04 
   218   -2.817359E-01    1.000053E+00    1.000075E+00   -1.322645E-04 
   219   -2.807350E-01    1.000123E+00    1.000172E+00   -3.287263E-05 
   220   -2.797341E-01    1.000199E+00    1.000279E+00    7.729049E-05 
   221   -2.787333E-01    1.000279E+00    1.000391E+00    1.950376E-04 
   222   -2.777327E-01    1.000360E+00    1.000504E+00    3.170898E-04 
   223   -2.767321E-01    1.000440E+00    1.000616E+00    4.401929E-04 
   224   -2.757316E-01    1.000516E+00    1.000722E+00    5.614695E-04 
   225   -2.747312E-01    1.000586E+00    1.000820E+00    6.785855E-04 
   226   -2.737308E-01    1.000647E+00    1.000906E+00    7.900218E-04 
   227   -2.727305E-01    1.000699E+00    1.000978E+00    8.948821E-04 
   228   -2.717303E-01    1.000739E+00    1.001034E+00    9.930203E-04 
   229   -2.707301E-01    1.000765E+00    1.001071E+00    1.085239E-03 
   230   -2.697300E-01    1.000777E+00    1.001088E+00    1.173299E-03 
   231   -2.687298E-01    1.000772E+00    1.001082E+00    1.259903E-03 
   232   -2.677296E-01    1.000750E+00    1.001050E+00    1.348474E-03 
   233   -2.667294E-01    1.000708E+00    1.000991E+00    1.443058E-03 
   234   -2.657292E-01    1.000643E+00    1.000900E+00    1.548369E-03 
   235   -2.647289E-01    1.000553E+00    1.000774E+00    1.669693E-03 
   236   -2.637285E-01    1.000434E+00    1.000608E+00    1.812950E-03 
   237   -2.627280E-01    1.000283E+00    1.000396E+00    1.984726E-03 
   238   -2.617274E-01    1.000094E+00    1.000132E+00    2.191931E-03 
   239   -2.607266E-01    9.998648E-01    9.998106E-01    2.441478E-03 
   240   -2.597255E-01    9.995889E-01    9.994242E-01    2.740293E-03 
   241   -2.587241E-01    9.992617E-01    9.989661E-01    3.095323E-03 
   242   -2.577225E-01    9.988781E-01    9.984291E-01    3.513498E-03 
   243   -2.567204E-01    9.984331E-01    9.978062E-01    4.001610E-03 
   244   -2.557178E-01    9.979216E-01    9.970904E-01    4.565781E-03 
   245   -2.547148E-01    9.973386E-01    9.962748E-01    5.212091E-03 
   246   -2.537111E-01    9.966792E-01    9.953523E-01    5.946611E-03 
   247   -2.527068E-01    9.959383E-01    9.943161E-01    6.775547E-03 
   248   -2.517016E-01    9.951109E-01    9.931593E-01    7.705385E-03 
   249   -2.506956E-01    9.941921E-01    9.918750E-01    8.742777E-03 
   250   -2.496887E-01    9.931770E-01    9.904567E-01    9.894704E-03 
   251   -2.486807E-01    9.920611E-01    9.888981E-01    1.116804E-02 
   252   -2.476715E-01    9.908404E-01    9.871940E-01    1.256928E-02 
   253   -2.466611E-01    9.895116E-01    9.853398E-01    1.410427E-02 
   254   -2.456492E-01    9.880723E-01    9.833325E-01    1.577728E-02 
   255   -2.446358E-01    9.865214E-01    9.811707E-01    1.759122E-02 
   256   -2.436207E-01    9.848587E-01    9.788546E-01    1.954693E-02 
   257   -2.426039E-01    9.830855E-01    9.763863E-01    2.164340E-02 
   258   -2.415851E-01    9.812043E-01    9.737696E-01    2.387772E-02 
   259   -2.405644E-01    9.792187E-01    9.710096E-01    2.624548E-02 
   260   -2.395414E-01    9.771329E-01    9.681128E-01    2.874114E-02 
   261   -2.385162E-01    9.749522E-01    9.650868E-01    3.135852E-02 
   262   -2.374887E-01    9.726820E-01    9.619395E-01    3.409086E-02 
   263   -2.364586E-01    9.703286E-01    9.586799E-01    3.693122E-02 
   264   -2.354260E-01    9.678982E-01    9.553169E-01    3.987233E-02 
   265   -2.343907E-01    9.653975E-01    9.518602E-01    4.290664E-02 
   266   -2.333527E-01    9.628334E-01    9.483195E-01    4.602610E-02 
   267   -2.323118E-01    9.602128E-01    9.447048E-01    4.922217E-02 
   268   -2.312680E-01    9.575431E-01    9.410262E-01    5.248594E-02 
   269   -2.302213E-01    9.548313E-01    9.372940E-01    5.580809E-02 
   270   -2.291715E-01    9.520844E-01    9.335178E-01    5.917938E-02 
   271   -2.281186E-01    9.493092E-01    9.297070E-01    6.259102E-02 
   272   -2.270626E-01    9.465116E-01    9.258701E-01    6.603484E-02 
   273   -2.260035E-01    9.436973E-01    9.220148E-01    6.950366E-02 
   274   -2.249412E-01    9.408708E-01    9.181475E-01    7.299144E-02 
   275   -2.238756E-01    9.380360E-01    9.142735E-01    7.649318E-02 
   276   -2.228068E-01    9.351960E-01    9.103971E-01    8.000507E-02 
   277   -2.217348E-01    9.323527E-01    9.065210E-01    8.352421E-02 
   278   -2.206594E-01    9.295074E-01    9.026468E-01    8.704873E-02 
   279   -2.195808E-01    9.266602E-01    8.987747E-01    9.057784E-02 
   280   -2.184988E-01    9.238101E-01    8.949034E-01    9.411192E-02 
   281   -2.174135E-01    9.209548E-01    8.910298E-01    9.765285E-02 
   282   -2.163249E-01    9.180907E-01    8.871491E-01    1.012043E-01 
   283   -2.152328E-01    9.152126E-01    8.832543E-01    1.047718E-01 
   284   -2.141374E-01    9.123138E-01    8.793363E-01    1.083631E-01 
   285   -2.130384E-01    9.093863E-01    8.753844E-01    1.119881E-01 
   286   -2.119360E-01    9.064206E-01    8.713860E-01    1.156631E-01 
   287   -2.108299E-01    9.034068E-01    8.673281E-01    1.194060E-01 
   288   -2.097202E-01    9.003347E-01    8.631970E-01    1.232345E-01 
   289   -2.086067E-01    8.971944E-01    8.589800E-01    1.271661E-01 
   290   -2.074892E-01    8.939774E-01    8.546660E-01    1.312170E-01 
   291   -2.063677E-01    8.906768E-01    8.502461E-01    1.354005E-01 
   292   -2.052420E-01    8.872880E-01    8.457149E-01    1.397271E-01 
   293   -2.041119E-01    8.838092E-01    8.410706E-01    1.442037E-01 
   294   -2.029773E-01    8.802417E-01    8.363153E-01    1.488330E-01 
   295   -2.018380E-01    8.765896E-01    8.314552E-01    1.536085E-01 
   296   -2.006939E-01    8.728600E-01    8.265003E-01    1.585194E-01 
   297   -1.995447E-01    8.690621E-01    8.214635E-01    1.635522E-01 
   298   -1.983905E-01    8.652071E-01    8.163600E-01    1.686904E-01 
   299   -1.972310E-01    8.613072E-01    8.112064E-01    1.739159E-01 
   300   -1.960661E-01    8.573754E-01    8.060200E-01    1.792093E-01 
   301   -1.948958E-01    8.534246E-01    8.008183E-01    1.845516E-01 
   302   -1.937201E-01    8.494671E-01    7.956175E-01    1.899245E-01 
   303   -1.925388E-01    8.455145E-01    7.904329E-01    1.953105E-01 
   304   -1.913519E-01    8.415770E-01    7.852779E-01    2.006941E-01 
   305   -1.901595E-01    8.376634E-01    7.801638E-01    2.060622E-01 
   306   -1.889614E-01    8.337805E-01    7.750992E-01    2.114038E-01 
   307   -1.877579E-01    8.299331E-01    7.700905E-01    2.167107E-01 
   308   -1.865487E-01    8.261242E-01    7.651410E-01    2.219771E-01 
   309   -1.853340E-01    8.223543E-01    7.602511E-01    2.272009E-01 
   310   -1.841137E-01    8.186217E-01    7.554185E-01    2.323829E-01 
   311   -1.828880E-01    8.149229E-01    7.506382E-01    2.375273E-01 
   312   -1.816567E-01    8.112525E-01    7.459034E-01    2.426407E-01 
   313   -1.804198E-01    8.076045E-01    7.412057E-01    2.477364E-01 
   314   -1.791775E-01    8.039721E-01    7.365367E-01    2.528356E-01 
   315   -1.779295E-01    8.003492E-01    7.318882E-01    2.579513E-01 
   316   -1.766759E-01    7.967304E-01    7.272532E-01    2.630870E-01 
   317   -1.754166E-01    7.931115E-01    7.226266E-01    2.682469E-01 
   318   -1.741516E-01    7.894896E-01    7.180046E-01    2.734331E-01 
   319   -1.728807E-01    7.858635E-01    7.133858E-01    2.786494E-01 
   320   -1.716039E-01    7.822336E-01    7.087707E-01    2.839044E-01 
   321   -1.703212E-01    7.786024E-01    7.041626E-01    2.891969E-01 
   322   -1.690325E-01    7.749742E-01    6.995669E-01    2.945154E-01 
   323   -1.677377E-01    7.713551E-01    6.949914E-01    2.998485E-01 
   324   -1.664367E-01    7.677521E-01    6.904449E-01    3.051828E-01 
   325   -1.651297E-01    7.641731E-01    6.859371E-01    3.105035E-01 
   326   -1.638165E-01    7.606255E-01    6.814773E-01    3.157965E-01 
   327   -1.624971E-01    7.571166E-01    6.770744E-01    3.210485E-01 
   328   -1.611716E-01    7.536526E-01    6.727358E-01    3.262477E-01 
   329   -1.598401E-01    7.502387E-01    6.684680E-01    3.313838E-01 
   330   -1.585025E-01    7.468792E-01    6.642758E-01    3.364489E-01 
   331   -1.571589E-01    7.435767E-01    6.601621E-01    3.414380E-01 
   332   -1.558094E-01    7.403328E-01    6.561284E-01    3.463483E-01 
   333   -1.544539E-01    7.371473E-01    6.521744E-01    3.511785E-01 
   334   -1.530927E-01    7.340190E-01    6.482981E-01    3.559290E-01 
   335   -1.517258E-01    7.309452E-01    6.444957E-01    3.606022E-01 
   336   -1.503531E-01    7.279217E-01    6.407617E-01    3.652021E-01 
   337   -1.489747E-01    7.249428E-01    6.370889E-01    3.697348E-01 
   338   -1.475908E-01    7.220016E-01    6.334684E-01    3.742090E-01 
   339   -1.462013E-01    7.190888E-01    6.298887E-01    3.786367E-01 
   340   -1.448062E-01    7.161931E-01    6.263357E-01    3.830336E-01 
   341   -1.434055E-01    7.133002E-01    6.227918E-01    3.874192E-01 
   342   -1.419991E-01    7.103921E-01    6.192349E-01    3.918178E-01 
   343   -1.405871E-01    7.074473E-01    6.156389E-01    3.962599E-01 
   344   -1.391692E-01    7.044410E-01    6.119739E-01    4.007915E-01 
   345   -1.377453E-01    7.013467E-01    6.082078E-01    4.054658E-01 
   346   -1.363151E-01    6.981380E-01    6.043094E-01    4.103358E-01 
   347   -1.348782E-01    6.947911E-01    6.002506E-01    4.154512E-01 
   348   -1.334344E-01    6.912874E-01    5.960099E-01    4.208564E-01 
   349   -1.319830E-01    6.876155E-01    5.915747E-01    4.265845E-01 
   350   -1.305236E-01    6.837726E-01    5.869431E-01    4.326556E-01 
   351   -1.290558E-01    6.797650E-01    5.821242E-01    4.390623E-01 
   352   -1.275791E-01    6.756078E-01    5.771374E-01    4.457770E-01 
   353   -1.260930E-01    6.713232E-01    5.720107E-01    4.527608E-01 
   354   -1.245971E-01    6.669386E-01    5.667782E-01    4.599654E-01 
   355   -1.230911E-01    6.624846E-01    5.614771E-01    4.673383E-01 
   356   -1.215748E-01    6.579927E-01    5.561455E-01    4.748229E-01 
   357   -1.200480E-01    6.534937E-01    5.508201E-01    4.823650E-01 
   358   -1.185105E-01    6.490158E-01    5.455345E-01    4.899144E-01 
   359   -1.169624E-01    6.445839E-01    5.403177E-01    4.974300E-01 
   360   -1.154037E-01    6.402180E-01    5.351928E-01    5.048755E-01 
   361   -1.138343E-01    6.359328E-01    5.301762E-01    5.122207E-01 
   362   -1.122544E-01    6.317377E-01    5.252783E-01    5.194420E-01 
   363   -1.106642E-01    6.276373E-01    5.205036E-01    5.265258E-01 
   364   -1.090636E-01    6.236314E-01    5.158510E-01    5.334675E-01 
   365   -1.074530E-01    6.197154E-01    5.113143E-01    5.402725E-01 
   366   -1.058322E-01    6.158796E-01    5.068816E-01    5.469548E-01 
   367   -1.042016E-01    6.121095E-01    5.025354E-01    5.535392E-01 
   368   -1.025610E-01    6.083862E-01    4.982537E-01    5.600570E-01 
   369   -1.009105E-01    6.046888E-01    4.940119E-01    5.665577E-01 
   370   -9.924997E-02    6.009970E-01    4.897870E-01    5.731050E-01 
   371   -9.757927E-02    5.972940E-01    4.855595E-01    5.797271E-01 
   372   -9.589819E-02    5.935678E-01    4.813161E-01    5.864388E-01 
   373   -9.420648E-02    5.898129E-01    4.770507E-01    5.932456E-01 
   374   -9.250391E-02    5.860305E-01    4.727652E-01    6.001658E-01 
   375   -9.079022E-02    5.822297E-01    4.684701E-01    6.071947E-01 
   376   -8.906518E-02    5.784271E-01    4.641842E-01    6.142939E-01 
   377   -8.732866E-02    5.746447E-01    4.599325E-01    6.214182E-01 
   378   -8.558062E-02    5.709078E-01    4.557430E-01    6.285117E-01 
   379   -8.382109E-02    5.672418E-01    4.516438E-01    6.355163E-01 
   380   -8.205018E-02    5.636715E-01    4.476618E-01    6.423713E-01 
   381   -8.026808E-02    5.602203E-01    4.438224E-01    6.490229E-01 
   382   -7.847509E-02    5.569108E-01    4.401495E-01    6.554247E-01 
   383   -7.667157E-02    5.537651E-01    4.366665E-01    6.615369E-01 
   384   -7.485796E-02    5.508058E-01    4.333972E-01    6.673179E-01 
   385   -7.303480E-02    5.480572E-01    4.303668E-01    6.727227E-01 
   386   -7.120273E-02    5.455463E-01    4.276037E-01    6.776980E-01 
   387   -6.936251E-02    5.433049E-01    4.251413E-01    6.821776E-01 
   388   -6.751499E-02    5.413722E-01    4.230209E-01    6.860748E-01 
   389   -6.566124E-02    5.397954E-01    4.212925E-01    6.892832E-01 
   390   -6.380251E-02    5.386243E-01    4.200091E-01    6.916815E-01 
   391   -6.194025E-02    5.378934E-01    4.192071E-01    6.931614E-01 
   392   -6.007625E-02    5.375949E-01    4.188769E-01    6.935027E-01 
   393   -5.821253E-02    5.376638E-01    4.189475E-01    6.927306E-01 
   394   -5.635016E-02    5.379960E-01    4.193053E-01    6.916932E-01 
   395   -5.448966E-02    5.384873E-01    4.198370E-01    6.905432E-01 
   396   -5.263117E-02    5.390631E-01    4.204609E-01    6.893215E-01 
   397   -5.077483E-02    5.396812E-01    4.211314E-01    6.880502E-01 
   398   -4.892072E-02    5.403201E-01    4.218248E-01    6.867557E-01 
   399   -4.706886E-02    5.409655E-01    4.225255E-01    6.854641E-01 
   400   -4.521931E-02    5.416051E-01    4.232202E-01    6.842024E-01 
   401   -4.337193E-02    5.422279E-01    4.238966E-01    6.829906E-01 
   402   -4.152668E-02    5.428241E-01    4.245441E-01    6.818461E-01 
   403   -3.968345E-02    5.433856E-01    4.251537E-01    6.807841E-01 
   404   -3.784208E-02    5.439054E-01    4.257179E-01    6.798146E-01 
   405   -3.600244E-02    5.443791E-01    4.262315E-01    6.789425E-01 
   406   -3.416429E-02    5.448046E-01    4.266923E-01    6.781669E-01 
   407   -3.232751E-02    5.451820E-01    4.271003E-01    6.774873E-01 
   408   -3.049193E-02    5.455127E-01    4.274570E-01    6.769006E-01 
   409   -2.865735E-02    5.457991E-01    4.277651E-01    6.763994E-01 
   410   -2.682369E-02    5.460448E-01    4.280284E-01    6.759753E-01 
   411   -2.499073E-02    5.462541E-01    4.282517E-01    6.756186E-01 
   412   -2.315843E-02    5.464313E-01    4.284396E-01    6.753209E-01 
   413   -2.132667E-02    5.465807E-01    4.285967E-01    6.750730E-01 
   414   -1.949531E-02    5.467064E-01    4.287279E-01    6.748653E-01 
   415   -1.766438E-02    5.468127E-01    4.288375E-01    6.746912E-01 
   416   -1.583372E-02    5.469030E-01    4.289295E-01    6.745439E-01 
   417   -1.400334E-02    5.469804E-01    4.290070E-01    6.744184E-01 
   418   -1.217322E-02    5.470475E-01    4.290732E-01    6.743105E-01 
   419   -1.034325E-02    5.471064E-01    4.291302E-01    6.742158E-01 
   420   -8.513519E-03    5.471589E-01    4.291799E-01    6.741324E-01 
   421   -6.683913E-03    5.472062E-01    4.292238E-01    6.740574E-01 
   422   -4.854452E-03    5.472495E-01    4.292630E-01    6.739896E-01 
   423   -3.025165E-03    5.472893E-01    4.292983E-01    6.739276E-01 
   424   -1.195961E-03    5.473265E-01    4.293304E-01    6.738699E-01 
   425    6.330980E-04    5.473615E-01    4.293599E-01    6.738167E-01 
   426    2.462052E-03    5.473946E-01    4.293872E-01    6.737670E-01 
   427    4.290897E-03    5.474260E-01    4.294123E-01    6.737206E-01 
   428    6.119634E-03    5.474561E-01    4.294358E-01    6.736769E-01 
   429    7.948295E-03    5.474851E-01    4.294577E-01    6.736356E-01 
   430    9.776831E-03    5.475129E-01    4.294782E-01    6.735971E-01 
   431    1.160529E-02    5.475398E-01    4.294974E-01    6.735603E-01 
   432    1.343367E-02    5.475659E-01    4.295154E-01    6.735255E-01 
   433    1.526195E-02    5.475912E-01    4.295323E-01    6.734926E-01 
   434    1.709014E-02    5.476159E-01    4.295481E-01    6.734615E-01 
   435    1.891828E-02    5.476399E-01    4.295630E-01    6.734318E-01 
   436    2.074632E-02    5.476635E-01    4.295770E-01    6.734036E-01 
   437    2.257426E-02    5.476866E-01    4.295901E-01    6.733773E-01 
   438    2.440217E-02    5.477092E-01    4.296023E-01    6.733519E-01 
   439    2.622997E-02    5.477314E-01    4.296138E-01    6.733279E-01 
   440    2.805772E-02    5.477534E-01    4.296245E-01    6.733054E-01 
   441    2.988538E-02    5.477749E-01    4.296345E-01    6.732840E-01 
   442    3.171295E-02    5.477963E-01    4.296438E-01    6.732636E-01 
   443    3.354052E-02    5.478175E-01    4.296524E-01    6.732441E-01 
   444    3.536794E-02    5.478385E-01    4.296602E-01    6.732264E-01 
   445    3.719529E-02    5.478594E-01    4.296675E-01    6.732092E-01 
   446    3.902267E-02    5.478802E-01    4.296746E-01    6.731924E-01 
   447    4.084987E-02    5.479012E-01    4.296811E-01    6.731774E-01 
   448    4.267703E-02    5.479221E-01    4.296864E-01    6.731633E-01 
   449    4.450417E-02    5.479430E-01    4.296909E-01    6.731490E-01 
   450    4.633118E-02    5.479642E-01    4.296958E-01    6.731357E-01 
   451    4.815816E-02    5.479856E-01    4.297009E-01    6.731242E-01 
   452    4.998504E-02    5.480070E-01    4.297050E-01    6.731126E-01 
   453    5.181182E-02    5.480291E-01    4.297078E-01    6.731006E-01 
   454    5.363866E-02    5.480517E-01    4.297100E-01    6.730902E-01 
   455    5.546526E-02    5.480743E-01    4.297126E-01    6.730814E-01 
   456    5.729178E-02    5.480973E-01    4.297159E-01    6.730711E-01 
   457    5.911845E-02    5.481213E-01    4.297192E-01    6.730607E-01 
   458    6.094484E-02    5.481462E-01    4.297207E-01    6.730535E-01 
   459    6.277106E-02    5.481714E-01    4.297202E-01    6.730460E-01 
   460    6.459745E-02    5.481975E-01    4.297206E-01    6.730359E-01 
   461    6.642366E-02    5.482247E-01    4.297229E-01    6.730280E-01 
   462    6.824962E-02    5.482525E-01    4.297251E-01    6.730233E-01 
   463    7.007563E-02    5.482809E-01    4.297254E-01    6.730158E-01 
   464    7.190161E-02    5.483115E-01    4.297249E-01    6.730064E-01 
   465    7.372739E-02    5.483439E-01    4.297243E-01    6.730013E-01 
   466    7.555295E-02    5.483766E-01    4.297222E-01    6.729986E-01 
   467    7.737855E-02    5.484101E-01    4.297207E-01    6.729908E-01 
   468    7.920414E-02    5.484462E-01    4.297230E-01    6.729813E-01 
   469    8.102935E-02    5.484849E-01    4.297262E-01    6.729786E-01 
   470    8.285451E-02    5.485248E-01    4.297237E-01    6.729802E-01 
   471    8.467974E-02    5.485668E-01    4.297153E-01    6.729688E-01 
   472    8.650445E-02    5.486132E-01    4.297098E-01    6.729536E-01 
   473    8.832936E-02    5.486604E-01    4.297114E-01    6.729656E-01 
   474    9.015412E-02    5.487071E-01    4.297169E-01    6.729683E-01 
   475    9.197790E-02    5.487611E-01    4.297200E-01    6.729336E-01 
   476    9.380252E-02    5.488231E-01    4.297100E-01    6.729305E-01 
   477    9.562801E-02    5.488839E-01    4.296860E-01    6.729908E-01 
   478    9.744919E-02    5.489458E-01    4.296798E-01    6.729163E-01 
   479    9.927255E-02    5.490208E-01    4.297021E-01    6.728829E-01 
   480    1.011019E-01    5.490977E-01    4.297072E-01    6.730132E-01 
   481    1.029185E-01    5.491741E-01    4.296780E-01    6.729273E-01 
   482    1.047378E-01    5.492749E-01    4.296687E-01    6.728113E-01 
   483    1.065756E-01    5.493836E-01    4.296690E-01    6.730298E-01 
   484    1.083874E-01    5.494832E-01    4.296506E-01    6.729756E-01 
   485    1.101943E-01    5.496101E-01    4.296541E-01    6.726976E-01 
   486    1.120485E-01    5.497863E-01    4.297192E-01    6.730641E-01 
   487    1.138598E-01    5.499947E-01    4.297920E-01    6.730449E-01 
   488    1.156349E-01    5.502776E-01    4.298234E-01    6.725463E-01 
   489    1.175214E-01    5.507441E-01    4.298365E-01    6.731431E-01 
   490    1.193362E-01    5.511872E-01    4.295641E-01    6.730764E-01 
   491    1.210447E-01    5.514553E-01    4.288671E-01    6.724120E-01 
   492    1.229930E-01    5.513949E-01    4.278421E-01    6.732545E-01 
   493    1.247986E-01    5.499454E-01    4.257286E-01    6.729771E-01 
   494    1.264313E-01    5.469199E-01    4.233905E-01    6.724449E-01 
   495    1.284865E-01    5.402359E-01    4.222523E-01    6.732907E-01 
   496    1.302634E-01    5.321441E-01    4.256408E-01    6.726205E-01 
   497    1.320289E-01    5.223593E-01    4.308069E-01    6.729687E-01 
   498    1.342071E-01    5.101337E-01    4.359573E-01    6.728865E-01 
   499    1.367968E-01    4.944239E-01    4.478178E-01    6.749409E-01 
   500    1.350633E-01    5.048237E-01    3.514867E-01    6.710066E-01 
   501    1.368943E-01    4.938010E-01    3.737874E-01    6.662760E-01 
   502    1.383758E-01    4.841741E-01    3.950151E-01    6.717844E-01 
   503    1.391282E-01    4.793159E-01    4.159897E-01    6.731259E-01 
   504    1.393234E-01    4.781262E-01    4.335679E-01    6.728335E-01 
   505    1.397115E-01    4.758860E-01    4.429133E-01    6.715089E-01 
   506    1.407479E-01    4.704848E-01    4.436599E-01    6.726378E-01 
   507    1.414548E-01    4.671969E-01    4.425421E-01    6.745646E-01 
   508    1.416651E-01    4.663031E-01    4.416209E-01    6.744214E-01 
   509    1.417899E-01    4.657973E-01    4.405043E-01    6.735829E-01 
   510    1.422417E-01    4.641591E-01    4.384375E-01    6.712858E-01 
   511    1.430135E-01    4.618468E-01    4.358379E-01    6.723573E-01 
   512    1.436782E-01    4.602848E-01    4.339758E-01    6.724362E-01 
   513    1.443287E-01    4.591212E-01    4.325256E-01    6.724570E-01 
   514    1.448575E-01    4.584193E-01    4.314947E-01    6.720303E-01 
   515    1.455675E-01    4.577345E-01    4.304741E-01    6.734903E-01 
   516    1.460684E-01    4.573866E-01    4.297970E-01    6.737333E-01 
   517    1.464790E-01    4.571703E-01    4.293203E-01    6.736787E-01 
   518    1.469060E-01    4.570213E-01    4.289445E-01    6.729942E-01 
   519    1.474312E-01    4.569170E-01    4.286414E-01    6.725455E-01 
   520    1.479873E-01    4.568750E-01    4.284218E-01    6.724775E-01 
   521    1.485722E-01    4.568858E-01    4.282881E-01    6.724259E-01 
   522    1.492259E-01    4.569374E-01    4.282124E-01    6.724408E-01 
   523    1.498477E-01    4.569983E-01    4.281576E-01    6.728483E-01 
   524    1.503849E-01    4.570549E-01    4.280989E-01    6.733158E-01 
   525    1.508787E-01    4.571039E-01    4.280380E-01    6.733544E-01 
   526    1.513820E-01    4.571640E-01    4.279903E-01    6.728829E-01 
   527    1.519237E-01    4.572421E-01    4.279648E-01    6.728205E-01 
   528    1.524507E-01    4.573175E-01    4.279334E-01    6.728410E-01 
   529    1.529760E-01    4.573960E-01    4.279124E-01    6.726665E-01 
   530    1.535335E-01    4.574818E-01    4.279084E-01    6.725694E-01 
   531    1.541265E-01    4.575700E-01    4.279183E-01    6.728182E-01 
   532    1.547064E-01    4.576452E-01    4.279241E-01    6.731386E-01 
   533    1.552485E-01    4.577056E-01    4.279206E-01    6.731004E-01 
   534    1.557719E-01    4.577672E-01    4.279239E-01    6.728627E-01 
   535    1.563134E-01    4.578352E-01    4.279359E-01    6.726876E-01 
   536    1.568709E-01    4.579034E-01    4.279466E-01    6.727859E-01 
   537    1.574086E-01    4.579638E-01    4.279484E-01    6.728224E-01 
   538    1.579400E-01    4.580206E-01    4.279454E-01    6.727850E-01 
   539    1.584819E-01    4.580763E-01    4.279451E-01    6.728242E-01 
   540    1.590301E-01    4.581280E-01    4.279411E-01    6.729648E-01 
   541    1.595795E-01    4.581743E-01    4.279390E-01    6.730151E-01 
   542    1.601309E-01    4.582187E-01    4.279361E-01    6.729207E-01 
   543    1.606838E-01    4.582649E-01    4.279450E-01    6.727713E-01 
   544    1.612372E-01    4.583124E-01    4.279534E-01    6.727200E-01 
   545    1.617894E-01    4.583574E-01    4.279660E-01    6.727777E-01 
   546    1.623348E-01    4.583982E-01    4.279680E-01    6.728291E-01 
   547    1.628734E-01    4.584357E-01    4.279728E-01    6.728578E-01 
   548    1.634089E-01    4.584705E-01    4.279681E-01    6.728887E-01 
   549    1.639446E-01    4.585030E-01    4.279676E-01    6.728891E-01 
   550    1.644850E-01    4.585349E-01    4.279626E-01    6.728590E-01 
   551    1.650343E-01    4.585673E-01    4.279650E-01    6.728227E-01 
   552    1.655906E-01    4.585995E-01    4.279663E-01    6.728071E-01 
   553    1.661460E-01    4.586300E-01    4.279707E-01    6.728155E-01 
   554    1.666965E-01    4.586583E-01    4.279732E-01    6.728345E-01 
   555    1.672431E-01    4.586844E-01    4.279746E-01    6.728532E-01 
   556    1.677859E-01    4.587086E-01    4.279760E-01    6.728574E-01 
   557    1.683255E-01    4.587316E-01    4.279735E-01    6.728374E-01 
   558    1.688636E-01    4.587544E-01    4.279757E-01    6.728053E-01 
   559    1.694035E-01    4.587774E-01    4.279731E-01    6.727815E-01 
   560    1.699484E-01    4.588002E-01    4.279774E-01    6.727838E-01 
   561    1.704978E-01    4.588216E-01    4.279740E-01    6.728184E-01 
   562    1.710487E-01    4.588411E-01    4.279768E-01    6.728547E-01 
   563    1.715977E-01    4.588588E-01    4.279716E-01    6.728648E-01 
   564    1.721452E-01    4.588755E-01    4.279733E-01    6.728543E-01 
   565    1.726909E-01    4.588917E-01    4.279694E-01    6.728367E-01 
   566    1.732354E-01    4.589079E-01    4.279716E-01    6.728119E-01 
   567    1.737780E-01    4.589243E-01    4.279705E-01    6.727861E-01 
   568    1.743203E-01    4.589407E-01    4.279728E-01    6.727695E-01 
   569    1.748632E-01    4.589566E-01    4.279735E-01    6.727734E-01 
   570    1.754076E-01    4.589715E-01    4.279735E-01    6.727996E-01 
   571    1.759537E-01    4.589852E-01    4.279740E-01    6.728244E-01 
   572    1.765002E-01    4.589976E-01    4.279708E-01    6.728344E-01 
   573    1.770472E-01    4.590093E-01    4.279717E-01    6.728317E-01 
   574    1.775940E-01    4.590204E-01    4.279673E-01    6.728223E-01 
   575    1.781404E-01    4.590314E-01    4.279699E-01    6.728111E-01 
   576    1.786857E-01    4.590423E-01    4.279659E-01    6.727999E-01 
   577    1.792305E-01    4.590531E-01    4.279696E-01    6.727886E-01 
   578    1.797741E-01    4.590638E-01    4.279665E-01    6.727805E-01 
   579    1.803177E-01    4.590741E-01    4.279698E-01    6.727780E-01 
   580    1.808614E-01    4.590839E-01    4.279670E-01    6.727825E-01 
   581    1.814061E-01    4.590930E-01    4.279686E-01    6.727904E-01 
   582    1.819516E-01    4.591015E-01    4.279661E-01    6.727975E-01 
   583    1.824977E-01    4.591094E-01    4.279658E-01    6.728010E-01 
   584    1.830440E-01    4.591168E-01    4.279645E-01    6.728019E-01 
   585    1.835899E-01    4.591237E-01    4.279624E-01    6.727998E-01 
   586    1.841356E-01    4.591302E-01    4.279627E-01    6.727946E-01 
   587    1.846804E-01    4.591366E-01    4.279594E-01    6.727870E-01 
   588    1.852250E-01    4.591431E-01    4.279616E-01    6.727778E-01 
   589    1.857691E-01    4.591497E-01    4.279580E-01    6.727693E-01 
   590    1.863134E-01    4.591561E-01    4.279615E-01    6.727646E-01 
   591    1.868578E-01    4.591623E-01    4.279576E-01    6.727666E-01 
   592    1.874028E-01    4.591680E-01    4.279604E-01    6.727729E-01 
   593    1.879481E-01    4.591731E-01    4.279562E-01    6.727791E-01 
   594    1.884937E-01    4.591777E-01    4.279576E-01    6.727818E-01 
   595    1.890392E-01    4.591819E-01    4.279539E-01    6.727814E-01 
   596    1.895846E-01    4.591859E-01    4.279540E-01    6.727775E-01 
   597    1.901298E-01    4.591897E-01    4.279517E-01    6.727719E-01 
   598    1.906746E-01    4.591935E-01    4.279508E-01    6.727659E-01 
   599    1.912194E-01    4.591974E-01    4.279508E-01    6.727601E-01 
   600    1.917639E-01    4.592013E-01    4.279489E-01    6.727558E-01 
   601    1.923086E-01    4.592050E-01    4.279506E-01    6.727534E-01 
   602    1.928532E-01    4.592085E-01    4.279472E-01    6.727540E-01 
   603    1.933982E-01    4.592117E-01    4.279496E-01    6.727562E-01 
   604    1.939432E-01    4.592145E-01    4.279450E-01    6.727583E-01 
   605    1.944885E-01    4.592170E-01    4.279473E-01    6.727584E-01 
   606    1.950337E-01    4.592193E-01    4.279425E-01    6.727574E-01 
   607    1.955789E-01    4.592214E-01    4.279442E-01    6.727546E-01 
   608    1.961239E-01    4.592234E-01    4.279401E-01    6.727514E-01 
   609    1.966688E-01    4.592253E-01    4.279411E-01    6.727477E-01 
   610    1.972136E-01    4.592273E-01    4.279385E-01    6.727437E-01 
   611    1.977583E-01    4.592292E-01    4.279385E-01    6.727406E-01 
   612    1.983031E-01    4.592310E-01    4.279376E-01    6.727385E-01 
   613    1.988478E-01    4.592328E-01    4.279362E-01    6.727375E-01 
   614    1.993928E-01    4.592343E-01    4.279368E-01    6.727373E-01 
   615    1.999378E-01    4.592356E-01    4.279336E-01    6.727372E-01 
   616    2.004829E-01    4.592367E-01    4.279351E-01    6.727368E-01 
   617    2.010279E-01    4.592376E-01    4.279307E-01    6.727359E-01 
   618    2.015730E-01    4.592384E-01    4.279328E-01    6.727337E-01 
   619    2.021179E-01    4.592391E-01    4.279280E-01    6.727315E-01 
   620    2.026628E-01    4.592398E-01    4.279302E-01    6.727285E-01 
   621    2.032076E-01    4.592405E-01    4.279259E-01    6.727256E-01 
   622    2.037525E-01    4.592411E-01    4.279275E-01    6.727231E-01 
   623    2.042973E-01    4.592417E-01    4.279243E-01    6.727210E-01 
   624    2.048421E-01    4.592421E-01    4.279248E-01    6.727196E-01 
   625    2.053871E-01    4.592425E-01    4.279229E-01    6.727185E-01 
   626    2.059320E-01    4.592427E-01    4.279219E-01    6.727174E-01 
   627    2.064771E-01    4.592428E-01    4.279215E-01    6.727163E-01 
   628    2.070220E-01    4.592428E-01    4.279188E-01    6.727148E-01 
   629    2.075670E-01    4.592427E-01    4.279197E-01    6.727129E-01 
   630    2.081118E-01    4.592425E-01    4.279158E-01    6.727109E-01 
   631    2.086569E-01    4.592423E-01    4.279177E-01    6.727083E-01 
   632    2.092016E-01    4.592421E-01    4.279131E-01    6.727062E-01 
   633    2.097466E-01    4.592418E-01    4.279153E-01    6.727039E-01 
   634    2.102914E-01    4.592414E-01    4.279108E-01    6.727018E-01 
   635    2.108364E-01    4.592410E-01    4.279126E-01    6.727001E-01 
   636    2.113813E-01    4.592405E-01    4.279087E-01    6.726983E-01 
   637    2.119262E-01    4.592400E-01    4.279095E-01    6.726968E-01 
   638    2.124712E-01    4.592393E-01    4.279068E-01    6.726951E-01 
   639    2.130161E-01    4.592386E-01    4.279063E-01    6.726932E-01 
   640    2.135611E-01    4.592379E-01    4.279050E-01    6.726913E-01 
   641    2.141060E-01    4.592370E-01    4.279030E-01    6.726891E-01 
   642    2.146510E-01    4.592362E-01    4.279032E-01    6.726868E-01 
   643    2.151958E-01    4.592353E-01    4.278997E-01    6.726847E-01 
   644    2.157408E-01    4.592343E-01    4.279012E-01    6.726822E-01 
   645    2.162856E-01    4.592333E-01    4.278967E-01    6.726803E-01 
   646    2.168306E-01    4.592323E-01    4.278987E-01    6.726780E-01 
   647    2.173755E-01    4.592312E-01    4.278939E-01    6.726761E-01 
   648    2.179204E-01    4.592301E-01    4.278958E-01    6.726741E-01 
   649    2.184654E-01    4.592289E-01    4.278914E-01    6.726719E-01 
   650    2.190103E-01    4.592277E-01    4.278925E-01    6.726699E-01 
   651    2.195553E-01    4.592264E-01    4.278890E-01    6.726675E-01 
   652    2.201002E-01    4.592251E-01    4.278890E-01    6.726651E-01 
   653    2.206452E-01    4.592238E-01    4.278869E-01    6.726629E-01 
   654    2.211901E-01    4.592224E-01    4.278854E-01    6.726603E-01 
   655    2.217351E-01    4.592210E-01    4.278849E-01    6.726580E-01 
   656    2.222799E-01    4.592195E-01    4.278819E-01    6.726557E-01 
   657    2.228250E-01    4.592181E-01    4.278827E-01    6.726531E-01 
   658    2.233698E-01    4.592166E-01    4.278784E-01    6.726510E-01 
   659    2.239149E-01    4.592150E-01    4.278801E-01    6.726482E-01 
   660    2.244597E-01    4.592134E-01    4.278752E-01    6.726460E-01 
   661    2.250048E-01    4.592118E-01    4.278770E-01    6.726435E-01 
   662    2.255497E-01    4.592102E-01    4.278721E-01    6.726408E-01 
   663    2.260946E-01    4.592085E-01    4.278735E-01    6.726384E-01 
   664    2.266396E-01    4.592069E-01    4.278694E-01    6.726355E-01 
   665    2.271846E-01    4.592052E-01    4.278698E-01    6.726329E-01 
   666    2.277295E-01    4.592034E-01    4.278668E-01    6.726302E-01 
   667    2.282745E-01    4.592017E-01    4.278659E-01    6.726274E-01 
   668    2.288195E-01    4.591999E-01    4.278645E-01    6.726248E-01 
   669    2.293644E-01    4.591981E-01    4.278621E-01    6.726221E-01 
   670    2.299095E-01    4.591963E-01    4.278621E-01    6.726192E-01 
   671    2.304543E-01    4.591945E-01    4.278583E-01    6.726166E-01 
   672    2.309994E-01    4.591927E-01    4.278594E-01    6.726134E-01 
   673    2.315443E-01    4.591908E-01    4.278546E-01    6.726109E-01 
   674    2.320894E-01    4.591889E-01    4.278564E-01    6.726078E-01 
   675    2.326343E-01    4.591870E-01    4.278512E-01    6.726048E-01 
   676    2.331793E-01    4.591851E-01    4.278528E-01    6.726020E-01 
   677    2.337243E-01    4.591832E-01    4.278481E-01    6.725987E-01 
   678    2.342693E-01    4.591813E-01    4.278489E-01    6.725959E-01 
   679    2.348143E-01    4.591793E-01    4.278452E-01    6.725926E-01 
   680    2.353593E-01    4.591773E-01    4.278448E-01    6.725894E-01 
   681    2.359043E-01    4.591753E-01    4.278424E-01    6.725863E-01 
   682    2.364493E-01    4.591733E-01    4.278407E-01    6.725827E-01 
   683    2.369943E-01    4.591713E-01    4.278398E-01    6.725794E-01 
   684    2.375392E-01    4.591692E-01    4.278365E-01    6.725759E-01 
   685    2.380844E-01    4.591672E-01    4.278370E-01    6.725719E-01 
   686    2.386292E-01    4.591652E-01    4.278325E-01    6.725685E-01 
   687    2.391744E-01    4.591632E-01    4.278339E-01    6.725643E-01 
   688    2.397193E-01    4.591612E-01    4.278289E-01    6.725606E-01 
   689    2.402643E-01    4.591592E-01    4.278306E-01    6.725567E-01 
   690    2.408094E-01    4.591573E-01    4.278256E-01    6.725526E-01 
   691    2.413544E-01    4.591554E-01    4.278271E-01    6.725488E-01 
   692    2.418994E-01    4.591536E-01    4.278229E-01    6.725446E-01 
   693    2.424444E-01    4.591518E-01    4.278235E-01    6.725409E-01 
   694    2.429895E-01    4.591500E-01    4.278207E-01    6.725372E-01 
   695    2.435345E-01    4.591483E-01    4.278202E-01    6.725335E-01 
   696    2.440795E-01    4.591466E-01    4.278188E-01    6.725302E-01 
   697    2.446245E-01    4.591449E-01    4.278169E-01    6.725268E-01 
   698    2.451697E-01    4.591431E-01    4.278170E-01    6.725235E-01 
   699    2.457146E-01    4.591413E-01    4.278135E-01    6.725205E-01 
   700    2.462598E-01    4.591394E-01    4.278146E-01    6.725170E-01 
   701    2.468047E-01    4.591374E-01    4.278097E-01    6.725140E-01 
   702    2.473498E-01    4.591352E-01    4.278111E-01    6.725100E-01 
   703    2.478948E-01    4.591327E-01    4.278053E-01    6.725058E-01 
   704    2.484399E-01    4.591301E-01    4.278061E-01    6.725008E-01 
   705    2.489849E-01    4.591272E-01    4.278000E-01    6.724946E-01 
   706    2.495300E-01    4.591240E-01    4.277994E-01    6.724876E-01 
   707    2.500750E-01    4.591207E-01    4.277937E-01    6.724788E-01 
   708    2.506201E-01    4.591172E-01    4.277916E-01    6.724687E-01 
   709    2.511651E-01    4.591136E-01    4.277869E-01    6.724572E-01 
   710    2.517102E-01    4.591100E-01    4.277834E-01    6.724439E-01 
   711    2.522553E-01    4.591066E-01    4.277805E-01    6.724296E-01 
   712    2.528003E-01    4.591035E-01    4.277761E-01    6.724143E-01 
   713    2.533455E-01    4.591009E-01    4.277755E-01    6.723979E-01 
   714    2.538905E-01    4.590988E-01    4.277711E-01    6.723817E-01 
   715    2.544358E-01    4.590975E-01    4.277733E-01    6.723642E-01 
   716    2.549807E-01    4.590970E-01    4.277701E-01    6.723488E-01 
   717    2.555259E-01    4.590974E-01    4.277749E-01    6.723349E-01 
   718    2.560710E-01    4.590987E-01    4.277739E-01    6.723257E-01 
   719    2.566161E-01    4.591008E-01    4.277806E-01    6.723227E-01 
   720    2.571613E-01    4.591036E-01    4.277823E-01    6.723250E-01 
   721    2.577063E-01    4.591069E-01    4.277896E-01    6.723334E-01 
   722    2.582515E-01    4.591104E-01    4.277932E-01    6.723444E-01 
   723    2.587965E-01    4.591137E-01    4.277994E-01    6.723572E-01 
   724    2.593416E-01    4.591163E-01    4.278033E-01    6.723699E-01 
   725    2.598866E-01    4.591178E-01    4.278057E-01    6.723804E-01 
   726    2.604317E-01    4.591176E-01    4.278074E-01    6.723886E-01 
   727    2.609767E-01    4.591151E-01    4.278031E-01    6.723932E-01 
   728    2.615218E-01    4.591099E-01    4.277996E-01    6.723925E-01 
   729    2.620667E-01    4.591014E-01    4.277863E-01    6.723864E-01 
   730    2.626118E-01    4.590893E-01    4.277746E-01    6.723721E-01 
   731    2.631567E-01    4.590735E-01    4.277511E-01    6.723485E-01 
   732    2.637018E-01    4.590539E-01    4.277297E-01    6.723104E-01 
   733    2.642469E-01    4.590309E-01    4.276971E-01    6.722563E-01 
   734    2.647920E-01    4.590051E-01    4.276670E-01    6.721851E-01 
   735    2.653371E-01    4.589773E-01    4.276290E-01    6.720952E-01 
   736    2.658822E-01    4.589488E-01    4.275944E-01    6.719878E-01 
   737    2.664275E-01    4.589210E-01    4.275575E-01    6.718635E-01 
   738    2.669728E-01    4.588956E-01    4.275257E-01    6.717234E-01 
   739    2.675182E-01    4.588744E-01    4.274989E-01    6.715715E-01 
   740    2.680637E-01    4.588591E-01    4.274788E-01    6.714105E-01 
   741    2.686093E-01    4.588514E-01    4.274711E-01    6.712517E-01 
   742    2.691548E-01    4.588525E-01    4.274709E-01    6.711159E-01 
   743    2.697006E-01    4.588633E-01    4.274885E-01    6.710246E-01 
   744    2.702462E-01    4.588840E-01    4.275130E-01    6.710029E-01 
   745    2.707920E-01    4.589143E-01    4.275565E-01    6.710581E-01 
   746    2.713375E-01    4.589528E-01    4.276039E-01    6.711859E-01 
   747    2.718830E-01    4.589976E-01    4.276663E-01    6.713680E-01 
   748    2.724283E-01    4.590458E-01    4.277267E-01    6.715839E-01 
   749    2.729735E-01    4.590937E-01    4.277924E-01    6.718108E-01 
   750    2.735185E-01    4.591372E-01    4.278476E-01    6.720339E-01 
   751    2.740633E-01    4.591714E-01    4.278943E-01    6.722380E-01 
   752    2.746081E-01    4.591913E-01    4.279201E-01    6.724110E-01 
   753    2.751526E-01    4.591917E-01    4.279213E-01    6.725446E-01 
   754    2.756972E-01    4.591676E-01    4.278913E-01    6.726314E-01 
   755    2.762416E-01    4.591146E-01    4.278215E-01    6.726613E-01 
   756    2.767861E-01    4.590293E-01    4.277129E-01    6.726273E-01 
   757    2.773304E-01    4.589094E-01    4.275544E-01    6.725178E-01 
   758    2.778751E-01    4.587544E-01    4.273558E-01    6.723179E-01 
   759    2.784197E-01    4.585660E-01    4.271072E-01    6.720022E-01 
   760    2.789648E-01    4.583480E-01    4.268269E-01    6.715470E-01 
   761    2.795100E-01    4.581072E-01    4.265100E-01    6.709405E-01 
   762    2.800557E-01    4.578526E-01    4.261817E-01    6.701707E-01 
   763    2.806020E-01    4.575958E-01    4.258449E-01    6.692566E-01 
   764    2.811488E-01    4.573505E-01    4.255281E-01    6.681927E-01 
   765    2.816963E-01    4.571315E-01    4.252420E-01    6.670118E-01 
   766    2.822445E-01    4.569542E-01    4.250130E-01    6.657316E-01 
   767    2.827935E-01    4.568330E-01    4.248557E-01    6.644360E-01 
   768    2.833432E-01    4.567801E-01    4.247875E-01    6.632925E-01 
   769    2.838934E-01    4.568042E-01    4.248212E-01    6.625149E-01 
   770    2.844438E-01    4.569086E-01    4.249567E-01    6.623078E-01 
   771    2.849944E-01    4.570906E-01    4.251976E-01    6.627826E-01 
   772    2.855442E-01    4.573394E-01    4.255202E-01    6.638840E-01 
   773    2.860935E-01    4.576367E-01    4.259123E-01    6.655136E-01 
   774    2.866414E-01    4.579557E-01    4.263258E-01    6.674202E-01 
   775    2.871883E-01    4.582620E-01    4.267298E-01    6.694933E-01 
   776    2.877337E-01    4.585141E-01    4.270560E-01    6.715480E-01 
   777    2.882778E-01    4.586645E-01    4.272553E-01    6.734691E-01 
   778    2.888207E-01    4.586604E-01    4.272465E-01    6.751479E-01 
   779    2.893628E-01    4.584454E-01    4.269651E-01    6.764770E-01 
   780    2.899040E-01    4.579604E-01    4.263249E-01    6.773995E-01 
   781    2.904449E-01    4.571449E-01    4.252509E-01    6.778664E-01 
   782    2.909857E-01    4.559381E-01    4.236601E-01    6.777524E-01 
   783    2.915270E-01    4.542820E-01    4.214759E-01    6.768926E-01 
   784    2.920693E-01    4.521210E-01    4.186278E-01    6.752618E-01 
   785    2.926133E-01    4.494029E-01    4.150420E-01    6.725346E-01 
   786    2.931599E-01    4.460794E-01    4.106677E-01    6.682789E-01 
   787    2.937100E-01    4.421113E-01    4.054456E-01    6.623536E-01 
   788    2.942650E-01    4.374599E-01    3.993443E-01    6.544989E-01 
   789    2.948262E-01    4.320994E-01    3.923289E-01    6.443609E-01 
   790    2.953953E-01    4.260102E-01    3.843989E-01    6.318083E-01 
   791    2.959739E-01    4.191852E-01    3.755480E-01    6.163658E-01 
   792    2.965640E-01    4.116235E-01    3.658109E-01    5.978317E-01 
   793    2.971676E-01    4.033461E-01    3.552251E-01    5.765561E-01 
   794    2.977869E-01    3.943851E-01    3.438703E-01    5.521351E-01 
   795    2.984237E-01    3.848066E-01    3.318543E-01    5.240209E-01 
   796    2.990804E-01    3.746893E-01    3.193067E-01    4.922604E-01 
   797    2.997592E-01    3.641391E-01    3.063876E-01    4.576010E-01 
   798    3.004621E-01    3.532920E-01    2.932907E-01    4.204204E-01 
   799    3.011905E-01    3.423182E-01    2.802419E-01    3.805769E-01 
   800    3.019457E-01    3.314068E-01    2.674718E-01    3.386702E-01 
   801    3.027288E-01    3.207509E-01    2.552096E-01    2.961302E-01 
   802    3.035399E-01    3.105553E-01    2.436751E-01    2.540102E-01 
   803    3.043784E-01    3.010080E-01    2.330583E-01    2.133172E-01 
   804    3.052431E-01    2.922699E-01    2.235002E-01    1.751119E-01 
   805    3.061321E-01    2.844570E-01    2.150899E-01    1.407342E-01 
   806    3.070430E-01    2.776395E-01    2.078559E-01    1.108074E-01 
   807    3.079729E-01    2.718299E-01    2.017699E-01    8.565937E-02 
   808    3.089187E-01    2.669908E-01    1.967550E-01    6.506371E-02 
   809    3.098776E-01    2.630457E-01    1.927024E-01    4.867094E-02 
   810    3.108469E-01    2.598921E-01    1.894858E-01    3.599380E-02 
   811    3.118243E-01    2.574168E-01    1.869737E-01    2.634182E-02 
   812    3.128080E-01    2.555034E-01    1.850389E-01    1.910732E-02 
   813    3.137963E-01    2.540434E-01    1.835665E-01    1.377580E-02 
   814    3.147881E-01    2.529419E-01    1.824575E-01    9.900113E-03 
   815    3.157826E-01    2.521183E-01    1.816290E-01    7.112319E-03 
   816    3.167790E-01    2.515069E-01    1.810144E-01    5.122749E-03 
   817    3.177769E-01    2.510560E-01    1.805611E-01    3.708231E-03 
   818    3.187758E-01    2.507255E-01    1.802291E-01    2.703093E-03 
   819    3.197754E-01    2.504852E-01    1.799876E-01    1.989222E-03 
   820    3.207757E-01    2.503123E-01    1.798138E-01    1.481035E-03 
   821    3.217763E-01    2.501897E-01    1.796906E-01    1.116902E-03 
   822    3.227772E-01    2.501045E-01    1.796050E-01    8.524349E-04 
   823    3.237782E-01    2.500470E-01    1.795472E-01    6.567318E-04 
   824    3.247793E-01    2.500098E-01    1.795098E-01    5.084747E-04 
   825    3.257805E-01    2.499872E-01    1.794871E-01    3.943160E-04 
   826    3.267817E-01    2.499747E-01    1.794746E-01    3.063069E-04 
   827    3.277829E-01    2.499691E-01    1.794690E-01    2.389792E-04 
   828    3.287840E-01    2.499679E-01    1.794677E-01    1.875481E-04 
   829    3.297852E-01    2.499693E-01    1.794691E-01    1.478912E-04 
   830    3.307863E-01    2.499721E-01    1.794720E-01    1.167119E-04 
   831    3.317874E-01    2.499756E-01    1.794755E-01    9.156788E-05 
   832    3.327885E-01    2.499794E-01    1.794792E-01    7.084200E-05 
   833    3.337896E-01    2.499830E-01    1.794829E-01    5.349868E-05 
   834    3.347906E-01    2.499865E-01    1.794864E-01    3.887622E-05 
   835    3.357917E-01    2.499896E-01    1.794896E-01    2.657624E-05 
   836    3.367927E-01    2.499924E-01    1.794924E-01    1.626391E-05 
   837    3.377937E-01    2.499949E-01    1.794949E-01    7.675200E-06 
   838    3.387947E-01    2.499970E-01    1.794970E-01    5.572644E-07 
   839    3.397957E-01    2.499988E-01    1.794988E-01   -5.191009E-06 
   840    3.407967E-01    2.500002E-01    1.795002E-01   -9.733747E-06 
   841    3.417977E-01    2.500014E-01    1.795014E-01   -1.320960E-05 
   842    3.427987E-01    2.500024E-01    1.795024E-01   -1.578180E-05 
   843    3.437997E-01    2.500031E-01    1.795031E-01   -1.762516E-05 
   844    3.448007E-01    2.500036E-01    1.795036E-01   -1.891201E-05 
   845    3.458017E-01    2.500040E-01    1.795040E-01   -1.968575E-05 
   846    3.468027E-01    2.500042E-01    1.795042E-01   -2.006106E-05 
   847    3.478036E-01    2.500043E-01    1.795043E-01   -2.003936E-05 
   848    3.488046E-01    2.500043E-01    1.795043E-01   -1.959445E-05 
   849    3.498056E-01    2.500042E-01    1.795042E-01   -1.879343E-05 
   850    3.508066E-01    2.500041E-01    1.795041E-01   -1.792020E-05 
   851    3.518076E-01    2.500039E-01    1.795039E-01   -1.708798E-05 
   852    3.528086E-01    2.500037E-01    1.795037E-01   -1.637374E-05 
   853    3.538095E-01    2.500035E-01    1.795035E-01   -1.556859E-05 
   854    3.548105E-01    2.500034E-01    1.795034E-01   -1.446405E-05 
   855    3.558115E-01    2.500033E-01    1.795033E-01   -1.338970E-05 
   856    3.568125E-01    2.500033E-01    1.795033E-01   -1.322589E-05 
   857    3.578135E-01    2.500033E-01    1.795033E-01   -1.391935E-05 
   858    3.588145E-01    2.500034E-01    1.795034E-01   -1.501342E-05 
   859    3.598155E-01    2.500035E-01    1.795036E-01   -1.609225E-05 
   860    3.608165E-01    2.500037E-01    1.795037E-01   -1.701919E-05 
   861    3.618174E-01    2.500039E-01    1.795039E-01   -1.781501E-05 
   862    3.628184E-01    2.500040E-01    1.795040E-01   -1.853086E-05 
   863    3.638194E-01    2.500041E-01    1.795041E-01   -1.908806E-05 
   864    3.648204E-01    2.500042E-01    1.795043E-01   -1.944241E-05 
   865    3.658214E-01    2.500043E-01    1.795043E-01   -1.956423E-05 
   866    3.668224E-01    2.500043E-01    1.795043E-01   -1.946117E-05 
   867    3.678233E-01    2.500043E-01    1.795043E-01   -1.918077E-05 
   868    3.688243E-01    2.500042E-01    1.795042E-01   -1.876293E-05 
   869    3.698253E-01    2.500041E-01    1.795041E-01   -1.828611E-05 
   870    3.708263E-01    2.500039E-01    1.795040E-01   -1.786341E-05 
   871    3.718273E-01    2.500038E-01    1.795038E-01   -1.732802E-05 
   872    3.728283E-01    2.500036E-01    1.795036E-01   -1.646617E-05 
   873    3.738293E-01    2.500035E-01    1.795035E-01   -1.537109E-05 
   874    3.748302E-01    2.500034E-01    1.795034E-01   -1.417296E-05 
   875    3.758312E-01    2.500033E-01    1.795033E-01   -1.337633E-05 
   876    3.768322E-01    2.500032E-01    1.795032E-01   -1.349258E-05 
   877    3.778332E-01    2.500032E-01    1.795032E-01   -1.402502E-05 
   878    3.788342E-01    2.500032E-01    1.795032E-01   -1.454287E-05 
   879    3.798352E-01    2.500033E-01    1.795033E-01   -1.504424E-05 
   880    3.808362E-01    2.500033E-01    1.795033E-01   -1.542646E-05 
   881    3.818372E-01    2.500034E-01    1.795034E-01   -1.575178E-05 
   882    3.828381E-01    2.500035E-01    1.795035E-01   -1.607253E-05 
   883    3.838391E-01    2.500035E-01    1.795035E-01   -1.626849E-05 
   884    3.848401E-01    2.500035E-01    1.795036E-01   -1.629763E-05 
   885    3.858411E-01    2.500036E-01    1.795036E-01   -1.625254E-05 
   886    3.868421E-01    2.500035E-01    1.795035E-01   -1.610232E-05 
   887    3.878431E-01    2.500035E-01    1.795035E-01   -1.579104E-05 
   888    3.888441E-01    2.500034E-01    1.795034E-01   -1.555826E-05 
   889    3.898450E-01    2.500033E-01    1.795033E-01   -1.548006E-05 
   890    3.908460E-01    2.500032E-01    1.795032E-01   -1.518622E-05 
   891    3.918470E-01    2.500031E-01    1.795031E-01   -1.463564E-05 
   892    3.928480E-01    2.500030E-01    1.795030E-01   -1.371030E-05 
   893    3.938490E-01    2.500029E-01    1.795029E-01   -1.219606E-05 
   894    3.948500E-01    2.500028E-01    1.795028E-01   -1.158345E-05 
   895    3.958510E-01    2.500027E-01    1.795027E-01   -1.190551E-05 
   896    3.968520E-01    2.500027E-01    1.795027E-01   -1.237428E-05 
   897    3.978530E-01    2.500026E-01    1.795027E-01   -1.284318E-05 
   898    3.988540E-01    2.500026E-01    1.795027E-01   -1.309192E-05 
   899    3.998550E-01    2.500027E-01    1.795027E-01   -1.259665E-05 
   900    4.008559E-01    2.500027E-01    1.795027E-01   -1.269119E-05 
   901    4.018569E-01    2.500027E-01    1.795027E-01   -1.319233E-05 
   902    4.028579E-01    2.500028E-01    1.795028E-01   -1.344795E-05 
   903    4.038589E-01    2.500028E-01    1.795028E-01   -1.349921E-05 
   904    4.048599E-01    2.500028E-01    1.795028E-01   -1.342125E-05 
   905    4.058609E-01    2.500028E-01    1.795028E-01   -1.272343E-05 
   906    4.068619E-01    2.500027E-01    1.795027E-01   -1.212028E-05 
   907    4.078628E-01    2.500026E-01    1.795026E-01   -1.252020E-05 
   908    4.088638E-01    2.500025E-01    1.795025E-01   -1.304948E-05 
   909    4.098648E-01    2.500024E-01    1.795025E-01   -1.322686E-05 
   910    4.108659E-01    2.500024E-01    1.795024E-01   -1.283577E-05 
   911    4.118669E-01    2.500024E-01    1.795024E-01   -1.060304E-05 
   912    4.128678E-01    2.500023E-01    1.795023E-01   -9.007207E-06 
   913    4.138688E-01    2.500022E-01    1.795022E-01   -9.790746E-06 
   914    4.148698E-01    2.500022E-01    1.795022E-01   -1.118829E-05 
   915    4.158708E-01    2.500022E-01    1.795022E-01   -1.207687E-05 
   916    4.168719E-01    2.500022E-01    1.795022E-01   -1.236185E-05 
   917    4.178729E-01    2.500022E-01    1.795022E-01   -1.091232E-05 
   918    4.188738E-01    2.500022E-01    1.795022E-01   -9.109391E-06 
   919    4.198747E-01    2.500021E-01    1.795021E-01   -1.018267E-05 
   920    4.208757E-01    2.500021E-01    1.795021E-01   -1.227208E-05 
   921    4.218767E-01    2.500021E-01    1.795021E-01   -1.338998E-05 
   922    4.228778E-01    2.500021E-01    1.795021E-01   -1.298457E-05 
   923    4.238789E-01    2.500021E-01    1.795021E-01   -1.042942E-05 
   924    4.248798E-01    2.500020E-01    1.795020E-01   -6.492885E-06 
   925    4.258806E-01    2.500018E-01    1.795018E-01   -7.491776E-06 
   926    4.268816E-01    2.500017E-01    1.795017E-01   -1.146862E-05 
   927    4.278827E-01    2.500017E-01    1.795017E-01   -1.383108E-05 
   928    4.288838E-01    2.500017E-01    1.795017E-01   -1.303394E-05 
   929    4.298849E-01    2.500017E-01    1.795017E-01   -9.077286E-06 
   930    4.308858E-01    2.500016E-01    1.795016E-01   -3.333882E-06 
   931    4.318865E-01    2.500014E-01    1.795014E-01   -4.882374E-06 
   932    4.328874E-01    2.500013E-01    1.795013E-01   -1.109402E-05 
   933    4.338886E-01    2.500014E-01    1.795014E-01   -1.496851E-05 
   934    4.348898E-01    2.500015E-01    1.795015E-01   -1.469137E-05 
   935    4.358911E-01    2.500015E-01    1.795015E-01   -9.570185E-06 
   936    4.368919E-01    2.500013E-01    1.795013E-01    1.365416E-06 
   937    4.378924E-01    2.500009E-01    1.795009E-01   -1.042732E-06 
   938    4.388931E-01    2.500008E-01    1.795008E-01   -1.336055E-05 
   939    4.398944E-01    2.500009E-01    1.795009E-01   -2.016963E-05 
   940    4.408959E-01    2.500012E-01    1.795012E-01   -1.828101E-05 
   941    4.418975E-01    2.500012E-01    1.795012E-01   -3.676882E-06 
   942    4.428982E-01    2.500008E-01    1.795008E-01    9.225541E-06 
   943    4.438981E-01    2.500003E-01    1.795003E-01    2.820320E-07 
   944    4.448986E-01    2.500002E-01    1.795002E-01   -1.654095E-05 
   945    4.459000E-01    2.500005E-01    1.795005E-01   -2.380223E-05 
   946    4.469024E-01    2.500007E-01    1.795007E-01   -1.878414E-05 
   947    4.479042E-01    2.500007E-01    1.795007E-01   -3.437502E-06 
   948    4.489043E-01    2.500002E-01    1.795002E-01    1.781221E-05 
   949    4.499034E-01    2.499994E-01    1.794994E-01    5.381557E-06 
   950    4.509040E-01    2.499990E-01    1.794990E-01   -1.598384E-05 
   951    4.519059E-01    2.499994E-01    1.794994E-01   -3.807042E-05 
   952    4.529085E-01    2.500000E-01    1.795000E-01   -3.550495E-05 
   953    4.539115E-01    2.499999E-01    1.794999E-01    1.554379E-05 
   954    4.549110E-01    2.499987E-01    1.794986E-01    4.257620E-05 
   955    4.559093E-01    2.499973E-01    1.794973E-01    1.283146E-05 
   956    4.569075E-01    2.499974E-01    1.794974E-01   -4.937473E-05 
   957    4.579097E-01    2.499988E-01    1.794988E-01   -6.962186E-05 
   958    4.589177E-01    2.499996E-01    1.794996E-01   -9.024641E-06 
   959    4.599220E-01    2.499987E-01    1.794987E-01    6.250550E-05 
   960    4.609168E-01    2.499971E-01    1.794971E-01    2.892502E-05 
   961    4.619097E-01    2.499965E-01    1.794965E-01   -1.568481E-05 
   962    4.629089E-01    2.499974E-01    1.794974E-01   -6.407671E-05 
   963    4.639199E-01    2.499988E-01    1.794988E-01   -5.562357E-05 
   964    4.649330E-01    2.499986E-01    1.794986E-01    3.089334E-05 
   965    4.659239E-01    2.499977E-01    1.794977E-01   -7.114052E-06 
   966    4.669195E-01    2.499958E-01    1.794958E-01    7.896158E-05 
   967    4.679124E-01    2.499934E-01    1.794933E-01    9.432327E-06 
   968    4.689158E-01    2.499939E-01    1.794939E-01   -9.501812E-05 
   969    4.699338E-01    2.499950E-01    1.794950E-01   -9.118941E-05 
   970    4.709265E-01    2.499955E-01    1.794954E-01   -4.588238E-05 
   971    4.719437E-01    2.499926E-01    1.794926E-01    1.596651E-04 
   972    4.729314E-01    2.499869E-01    1.794869E-01    1.492680E-04 
   973    4.739079E-01    2.499843E-01    1.794843E-01   -7.582339E-05 
   974    4.749065E-01    2.499878E-01    1.794879E-01   -3.074411E-04 
   975    4.759289E-01    2.499912E-01    1.794912E-01   -3.470616E-05 
   976    4.769783E-01    2.499877E-01    1.794879E-01    1.824877E-04 
   977    4.779717E-01    2.499801E-01    1.794804E-01    2.429598E-04 
   978    4.789137E-01    2.499736E-01    1.794737E-01    5.033803E-05 
   979    4.798324E-01    2.499806E-01    1.794812E-01   -5.186878E-04 
   980    4.809417E-01    2.499847E-01    1.794850E-01    8.037604E-06 
   981    4.820101E-01    2.499772E-01    1.794781E-01    1.386699E-04 
   982    4.830200E-01    2.499625E-01    1.794638E-01    2.254121E-04 
   983    4.839563E-01    2.499420E-01    1.794428E-01    1.862293E-04 
   984    4.847247E-01    2.499274E-01    1.794285E-01   -5.331636E-04 
   985    4.859672E-01    2.498937E-01    1.793949E-01    1.165009E-05 
   986    4.870195E-01    2.498174E-01    1.793207E-01    6.123051E-05 
   987    4.880409E-01    2.496836E-01    1.791887E-01    1.193866E-04 
   988    4.890139E-01    2.494535E-01    1.789565E-01    1.472414E-04 
   989    4.896908E-01    2.491980E-01    1.786605E-01   -2.812191E-04 
   990    4.909910E-01    2.486736E-01    1.785476E-01    0.000000E+00 
   991    4.919920E-01    2.483579E-01    1.783210E-01    0.000000E+00 
   992    4.929930E-01    2.477251E-01    1.778666E-01    0.000000E+00 
   993    4.939940E-01    2.460292E-01    1.766490E-01    0.000000E+00 
   994    4.949950E-01    2.421261E-01    1.738466E-01    0.000000E+00 
   995    4.959960E-01    2.342085E-01    1.681617E-01    0.000000E+00 
   996    4.969970E-01    2.204118E-01    1.582557E-01    0.000000E+00 
   997    4.979980E-01    1.999333E-01    1.435521E-01    0.000000E+00 
   998    4.989990E-01    1.731563E-01    1.243262E-01    0.000000E+00 
   999    5.000000E-01    1.416667E-01    1.017167E-01    0.000000E+00 
