     0   -5.000000E-01    5.666667E-01    5.666667E-01    0.000000E+00 
     1   -4.989990E-01    6.926397E-01    6.926397E-01    0.000000E+00 
     2   -4.979980E-01    7.998010E-01    7.998010E-01    0.000000E+00 
     3   -4.969970E-01    8.817836E-01    8.817836E-01    0.000000E+00 
     4   -4.959960E-01    9.370370E-01    9.370370E-01    0.000000E+00 
     5   -4.949950E-01    9.687642E-01    9.687642E-01    0.000000E+00 
     6   -4.939940E-01    9.843937E-01    9.843937E-01    0.000000E+00 
     7   -4.929930E-01    9.911095E-01    9.911095E-01    0.000000E+00 
     8   -4.919920E-01    9.935486E-01    9.935486E-01    0.000000E+00 
     9   -4.909910E-01    9.947300E-01    9.947300E-01    0.000000E+00 
    10   -4.897257E-01    9.967035E-01    9.952246E-01    4.267312E-04 
    11   -4.889962E-01    9.978018E-01    9.969458E-01   -2.129743E-04 
    12   -4.880267E-01    9.987160E-01    9.982358E-01   -1.694499E-04 
    13   -4.870113E-01    9.992500E-01    9.989728E-01   -1.021081E-04 
    14   -4.859653E-01    9.995533E-01    9.993847E-01   -2.553527E-05 
    15   -4.847865E-01    9.996695E-01    9.995450E-01    7.103201E-04 
    16   -4.839379E-01    9.997163E-01    9.996074E-01   -1.814768E-04 
    17   -4.829941E-01    9.998136E-01    9.997456E-01   -3.017479E-04 
    18   -4.819931E-01    9.998885E-01    9.998487E-01   -2.012069E-04 
    19   -4.809421E-01    9.999266E-01    9.998989E-01    2.073808E-05 
    20   -4.798849E-01    9.999039E-01    9.998678E-01    5.323717E-04 
    21   -4.789128E-01    9.998697E-01    9.998186E-01    3.081747E-05 
    22   -4.779475E-01    9.998991E-01    9.998599E-01   -2.434862E-04 
    23   -4.769580E-01    9.999415E-01    9.999191E-01   -2.154855E-04 
    24   -4.759343E-01    9.999618E-01    9.999468E-01    6.283638E-05 
    25   -4.749313E-01    9.999544E-01    9.999365E-01    2.017344E-04 
    26   -4.739186E-01    9.999420E-01    9.999192E-01    1.321298E-04 
    27   -4.729210E-01    9.999441E-01    9.999221E-01   -5.645088E-05 
    28   -4.719290E-01    9.999669E-01    9.999538E-01   -1.336360E-04 
    29   -4.709304E-01    9.999830E-01    9.999762E-01    2.012231E-05 
    30   -4.699376E-01    9.999885E-01    9.999840E-01    7.705940E-07 
    31   -4.689247E-01    9.999885E-01    9.999840E-01    8.915625E-05 
    32   -4.679158E-01    9.999804E-01    9.999727E-01    7.351062E-05 
    33   -4.669163E-01    9.999777E-01    9.999689E-01    4.548099E-06 
    34   -4.659224E-01    9.999835E-01    9.999769E-01   -3.414860E-05 
    35   -4.649277E-01    9.999934E-01    9.999908E-01   -6.773593E-05 
    36   -4.639237E-01    9.999986E-01    9.999981E-01    2.590533E-05 
    37   -4.629166E-01    9.999932E-01    9.999906E-01    8.852583E-05 
    38   -4.619138E-01    9.999847E-01    9.999786E-01    6.157559E-05 
    39   -4.609147E-01    9.999841E-01    9.999778E-01   -9.741697E-06 
    40   -4.599164E-01    9.999922E-01    9.999891E-01   -4.748192E-05 
    41   -4.589174E-01    9.999997E-01    9.999996E-01   -1.543814E-05 
    42   -4.579150E-01    1.000001E+00    1.000001E+00    4.370309E-05 
    43   -4.569123E-01    9.999977E-01    9.999968E-01    5.011806E-05 
    44   -4.559102E-01    9.999949E-01    9.999929E-01    2.921279E-05 
    45   -4.549092E-01    9.999961E-01    9.999946E-01    3.103935E-06 
    46   -4.539097E-01    1.000001E+00    1.000001E+00   -1.726351E-05 
    47   -4.529100E-01    1.000004E+00    1.000006E+00    1.986888E-06 
    48   -4.519087E-01    1.000005E+00    1.000007E+00    2.586206E-05 
    49   -4.509066E-01    1.000004E+00    1.000005E+00    3.430730E-05 
    50   -4.499048E-01    1.000002E+00    1.000002E+00    2.745062E-05 
    51   -4.489038E-01    1.000001E+00    1.000002E+00    8.367839E-06 
    52   -4.479037E-01    1.000004E+00    1.000006E+00   -5.867346E-06 
    53   -4.469034E-01    1.000006E+00    1.000009E+00    5.392198E-06 
    54   -4.459022E-01    1.000007E+00    1.000010E+00    2.327031E-05 
    55   -4.449007E-01    1.000006E+00    1.000008E+00    2.735044E-05 
    56   -4.438993E-01    1.000005E+00    1.000007E+00    2.251606E-05 
    57   -4.428982E-01    1.000005E+00    1.000007E+00    1.066856E-05 
    58   -4.418976E-01    1.000007E+00    1.000010E+00    2.752884E-06 
    59   -4.408970E-01    1.000008E+00    1.000012E+00    1.027832E-05 
    60   -4.398961E-01    1.000009E+00    1.000012E+00    2.019381E-05 
    61   -4.388948E-01    1.000009E+00    1.000012E+00    2.347685E-05 
    62   -4.378935E-01    1.000008E+00    1.000011E+00    2.168248E-05 
    63   -4.368924E-01    1.000008E+00    1.000011E+00    1.487966E-05 
    64   -4.358916E-01    1.000009E+00    1.000012E+00    9.446247E-06 
    65   -4.348909E-01    1.000010E+00    1.000014E+00    1.281880E-05 
    66   -4.338900E-01    1.000010E+00    1.000014E+00    1.883939E-05 
    67   -4.328889E-01    1.000010E+00    1.000014E+00    2.097913E-05 
    68   -4.318877E-01    1.000010E+00    1.000013E+00    2.013857E-05 
    69   -4.308866E-01    1.000009E+00    1.000013E+00    1.552100E-05 
    70   -4.298857E-01    1.000010E+00    1.000014E+00    1.153414E-05 
    71   -4.288849E-01    1.000011E+00    1.000015E+00    1.341759E-05 
    72   -4.278840E-01    1.000011E+00    1.000016E+00    1.902095E-05 
    73   -4.268829E-01    1.000011E+00    1.000016E+00    2.130762E-05 
    74   -4.258818E-01    1.000011E+00    1.000016E+00    2.134919E-05 
    75   -4.248807E-01    1.000012E+00    1.000017E+00    1.845625E-05 
    76   -4.238798E-01    1.000013E+00    1.000018E+00    1.588525E-05 
    77   -4.228789E-01    1.000013E+00    1.000019E+00    1.703292E-05 
    78   -4.218780E-01    1.000014E+00    1.000019E+00    2.049532E-05 
    79   -4.208770E-01    1.000014E+00    1.000020E+00    2.225498E-05 
    80   -4.198759E-01    1.000014E+00    1.000019E+00    2.324191E-05 
    81   -4.188749E-01    1.000014E+00    1.000019E+00    2.174150E-05 
    82   -4.178739E-01    1.000014E+00    1.000019E+00    1.985617E-05 
    83   -4.168729E-01    1.000014E+00    1.000019E+00    1.927363E-05 
    84   -4.158720E-01    1.000014E+00    1.000019E+00    2.019494E-05 
    85   -4.148710E-01    1.000014E+00    1.000019E+00    2.049806E-05 
    86   -4.138700E-01    1.000014E+00    1.000019E+00    2.016815E-05 
    87   -4.128690E-01    1.000014E+00    1.000019E+00    1.871002E-05 
    88   -4.118680E-01    1.000014E+00    1.000019E+00    1.699886E-05 
    89   -4.108670E-01    1.000014E+00    1.000020E+00    1.675345E-05 
    90   -4.098661E-01    1.000015E+00    1.000021E+00    2.011422E-05 
    91   -4.088651E-01    1.000015E+00    1.000022E+00    2.423058E-05 
    92   -4.078641E-01    1.000016E+00    1.000022E+00    2.564331E-05 
    93   -4.068631E-01    1.000017E+00    1.000023E+00    2.498653E-05 
    94   -4.058621E-01    1.000018E+00    1.000025E+00    2.392456E-05 
    95   -4.048611E-01    1.000019E+00    1.000026E+00    2.387436E-05 
    96   -4.038601E-01    1.000019E+00    1.000027E+00    2.520286E-05 
    97   -4.028592E-01    1.000020E+00    1.000027E+00    2.652433E-05 
    98   -4.018582E-01    1.000020E+00    1.000027E+00    2.736100E-05 
    99   -4.008572E-01    1.000019E+00    1.000027E+00    2.723187E-05 
   100   -3.998562E-01    1.000019E+00    1.000027E+00    2.636366E-05 
   101   -3.988552E-01    1.000019E+00    1.000027E+00    2.548050E-05 
   102   -3.978543E-01    1.000019E+00    1.000027E+00    2.548624E-05 
   103   -3.968533E-01    1.000020E+00    1.000027E+00    2.770580E-05 
   104   -3.958523E-01    1.000020E+00    1.000028E+00    2.791160E-05 
   105   -3.948513E-01    1.000020E+00    1.000029E+00    2.708467E-05 
   106   -3.938503E-01    1.000021E+00    1.000030E+00    2.631517E-05 
   107   -3.928493E-01    1.000022E+00    1.000031E+00    2.630598E-05 
   108   -3.918484E-01    1.000023E+00    1.000032E+00    2.821508E-05 
   109   -3.908474E-01    1.000023E+00    1.000032E+00    3.106717E-05 
   110   -3.898464E-01    1.000023E+00    1.000033E+00    3.252336E-05 
   111   -3.888454E-01    1.000024E+00    1.000033E+00    3.271659E-05 
   112   -3.878444E-01    1.000024E+00    1.000033E+00    3.234527E-05 
   113   -3.868435E-01    1.000023E+00    1.000033E+00    3.191496E-05 
   114   -3.858425E-01    1.000023E+00    1.000032E+00    3.165408E-05 
   115   -3.848415E-01    1.000022E+00    1.000031E+00    3.140831E-05 
   116   -3.838406E-01    1.000021E+00    1.000029E+00    3.090434E-05 
   117   -3.828396E-01    1.000019E+00    1.000027E+00    2.985285E-05 
   118   -3.818386E-01    1.000017E+00    1.000024E+00    2.810707E-05 
   119   -3.808376E-01    1.000014E+00    1.000020E+00    2.576441E-05 
   120   -3.798366E-01    1.000011E+00    1.000016E+00    2.291923E-05 
   121   -3.788356E-01    1.000007E+00    1.000010E+00    1.955664E-05 
   122   -3.778347E-01    1.000002E+00    1.000003E+00    1.551336E-05 
   123   -3.768336E-01    9.999969E-01    9.999957E-01    1.051626E-05 
   124   -3.758326E-01    9.999904E-01    9.999866E-01    4.436526E-06 
   125   -3.748316E-01    9.999831E-01    9.999763E-01   -2.725311E-06 
   126   -3.738306E-01    9.999747E-01    9.999645E-01   -1.099866E-05 
   127   -3.728296E-01    9.999652E-01    9.999513E-01   -2.030362E-05 
   128   -3.718286E-01    9.999546E-01    9.999364E-01   -3.082194E-05 
   129   -3.708275E-01    9.999427E-01    9.999198E-01   -4.283702E-05 
   130   -3.698264E-01    9.999295E-01    9.999013E-01   -5.616216E-05 
   131   -3.688254E-01    9.999150E-01    9.998810E-01   -7.111201E-05 
   132   -3.678243E-01    9.998992E-01    9.998588E-01   -8.787510E-05 
   133   -3.668232E-01    9.998820E-01    9.998347E-01   -1.059393E-04 
   134   -3.658221E-01    9.998634E-01    9.998087E-01   -1.261722E-04 
   135   -3.648209E-01    9.998437E-01    9.997812E-01   -1.484324E-04 
   136   -3.638197E-01    9.998235E-01    9.997528E-01   -1.718381E-04 
   137   -3.628186E-01    9.998035E-01    9.997249E-01   -1.988802E-04 
   138   -3.618173E-01    9.997853E-01    9.996995E-01   -2.281374E-04 
   139   -3.608161E-01    9.997710E-01    9.996794E-01   -2.575518E-04 
   140   -3.598149E-01    9.997630E-01    9.996682E-01   -2.923187E-04 
   141   -3.588136E-01    9.997642E-01    9.996698E-01   -3.254779E-04 
   142   -3.578123E-01    9.997774E-01    9.996883E-01   -3.356886E-04 
   143   -3.568110E-01    9.998049E-01    9.997268E-01   -3.112420E-04 
   144   -3.558097E-01    9.998482E-01    9.997874E-01   -2.571960E-04 
   145   -3.548085E-01    9.999074E-01    9.998704E-01   -1.796862E-04 
   146   -3.538074E-01    9.999818E-01    9.999745E-01   -8.051670E-05 
   147   -3.528064E-01    1.000069E+00    1.000097E+00    3.725898E-05 
   148   -3.518054E-01    1.000167E+00    1.000234E+00    1.691921E-04 
   149   -3.508046E-01    1.000272E+00    1.000381E+00    3.101691E-04 
   150   -3.498040E-01    1.000381E+00    1.000534E+00    4.549845E-04 
   151   -3.488034E-01    1.000490E+00    1.000687E+00    5.987999E-04 
   152   -3.478030E-01    1.000597E+00    1.000836E+00    7.374195E-04 
   153   -3.468026E-01    1.000699E+00    1.000978E+00    8.673273E-04 
   154   -3.458024E-01    1.000792E+00    1.001110E+00    9.857042E-04 
   155   -3.448023E-01    1.000877E+00    1.001228E+00    1.090419E-03 
   156   -3.438023E-01    1.000951E+00    1.001331E+00    1.180052E-03 
   157   -3.428023E-01    1.001014E+00    1.001419E+00    1.254047E-03 
   158   -3.418024E-01    1.001065E+00    1.001492E+00    1.312580E-03 
   159   -3.408025E-01    1.001106E+00    1.001549E+00    1.356491E-03 
   160   -3.398027E-01    1.001137E+00    1.001592E+00    1.386952E-03 
   161   -3.388029E-01    1.001159E+00    1.001622E+00    1.405688E-03 
   162   -3.378031E-01    1.001173E+00    1.001642E+00    1.415518E-03 
   163   -3.368033E-01    1.001180E+00    1.001653E+00    1.419450E-03 
   164   -3.358035E-01    1.001182E+00    1.001656E+00    1.419561E-03 
   165   -3.348037E-01    1.001180E+00    1.001652E+00    1.416789E-03 
   166   -3.338039E-01    1.001174E+00    1.001644E+00    1.411376E-03 
   167   -3.328040E-01    1.001165E+00    1.001632E+00    1.403246E-03 
   168   -3.318042E-01    1.001154E+00    1.001616E+00    1.392325E-03 
   169   -3.308044E-01    1.001141E+00    1.001597E+00    1.378735E-03 
   170   -3.298045E-01    1.001125E+00    1.001575E+00    1.362631E-03 
   171   -3.288046E-01    1.001107E+00    1.001551E+00    1.344125E-03 
   172   -3.278047E-01    1.001088E+00    1.001523E+00    1.323322E-03 
   173   -3.268048E-01    1.001067E+00    1.001494E+00    1.300334E-03 
   174   -3.258049E-01    1.001044E+00    1.001462E+00    1.275287E-03 
   175   -3.248049E-01    1.001020E+00    1.001428E+00    1.248319E-03 
   176   -3.238049E-01    1.000995E+00    1.001393E+00    1.219576E-03 
   177   -3.228049E-01    1.000968E+00    1.001355E+00    1.189211E-03 
   178   -3.218049E-01    1.000940E+00    1.001317E+00    1.157385E-03 
   179   -3.208048E-01    1.000912E+00    1.001276E+00    1.124259E-03 
   180   -3.198047E-01    1.000882E+00    1.001235E+00    1.090002E-03 
   181   -3.188046E-01    1.000852E+00    1.001193E+00    1.054780E-03 
   182   -3.178044E-01    1.000822E+00    1.001150E+00    1.018762E-03 
   183   -3.168042E-01    1.000791E+00    1.001107E+00    9.821145E-04 
   184   -3.158040E-01    1.000759E+00    1.001063E+00    9.450019E-04 
   185   -3.148037E-01    1.000728E+00    1.001020E+00    9.075845E-04 
   186   -3.138034E-01    1.000697E+00    1.000976E+00    8.700177E-04 
   187   -3.128031E-01    1.000666E+00    1.000932E+00    8.324509E-04 
   188   -3.118028E-01    1.000635E+00    1.000889E+00    7.950269E-04 
   189   -3.108024E-01    1.000604E+00    1.000846E+00    7.578804E-04 
   190   -3.098020E-01    1.000574E+00    1.000804E+00    7.211381E-04 
   191   -3.088015E-01    1.000544E+00    1.000762E+00    6.849176E-04 
   192   -3.078010E-01    1.000515E+00    1.000722E+00    6.493274E-04 
   193   -3.068005E-01    1.000487E+00    1.000682E+00    6.144662E-04 
   194   -3.058000E-01    1.000459E+00    1.000643E+00    5.804228E-04 
   195   -3.047994E-01    1.000433E+00    1.000606E+00    5.472764E-04 
   196   -3.037989E-01    1.000407E+00    1.000569E+00    5.150959E-04 
   197   -3.027983E-01    1.000382E+00    1.000534E+00    4.839407E-04 
   198   -3.017976E-01    1.000357E+00    1.000500E+00    4.538605E-04 
   199   -3.007970E-01    1.000334E+00    1.000468E+00    4.248956E-04 
   200   -2.997963E-01    1.000312E+00    1.000437E+00    3.970775E-04 
   201   -2.987956E-01    1.000291E+00    1.000407E+00    3.704291E-04 
   202   -2.977948E-01    1.000270E+00    1.000379E+00    3.449650E-04 
   203   -2.967941E-01    1.000251E+00    1.000352E+00    3.206924E-04 
   204   -2.957933E-01    1.000233E+00    1.000326E+00    2.976113E-04 
   205   -2.947926E-01    1.000215E+00    1.000302E+00    2.757152E-04 
   206   -2.937918E-01    1.000199E+00    1.000279E+00    2.549917E-04 
   207   -2.927910E-01    1.000184E+00    1.000257E+00    2.354228E-04 
   208   -2.917901E-01    1.000169E+00    1.000237E+00    2.169860E-04 
   209   -2.907893E-01    1.000155E+00    1.000218E+00    1.996543E-04 
   210   -2.897884E-01    1.000143E+00    1.000200E+00    1.833973E-04 
   211   -2.887876E-01    1.000131E+00    1.000183E+00    1.681811E-04 
   212   -2.877867E-01    1.000120E+00    1.000167E+00    1.539695E-04 
   213   -2.867858E-01    1.000109E+00    1.000153E+00    1.407241E-04 
   214   -2.857849E-01    1.000100E+00    1.000139E+00    1.284048E-04 
   215   -2.847840E-01    1.000091E+00    1.000127E+00    1.169703E-04 
   216   -2.837831E-01    1.000082E+00    1.000115E+00    1.063785E-04 
   217   -2.827821E-01    1.000075E+00    1.000105E+00    9.658703E-05 
   218   -2.817812E-01    1.000068E+00    1.000095E+00    8.755315E-05 
   219   -2.807803E-01    1.000061E+00    1.000086E+00    7.923453E-05 
   220   -2.797793E-01    1.000055E+00    1.000077E+00    7.158927E-05 
   221   -2.787784E-01    1.000050E+00    1.000070E+00    6.457619E-05 
   222   -2.777774E-01    1.000045E+00    1.000063E+00    5.815504E-05 
   223   -2.767765E-01    1.000040E+00    1.000057E+00    5.228668E-05 
   224   -2.757755E-01    1.000036E+00    1.000051E+00    4.693322E-05 
   225   -2.747745E-01    1.000032E+00    1.000045E+00    4.205812E-05 
   226   -2.737736E-01    1.000029E+00    1.000041E+00    3.762632E-05 
   227   -2.727726E-01    1.000026E+00    1.000036E+00    3.360427E-05 
   228   -2.717716E-01    1.000023E+00    1.000032E+00    2.996002E-05 
   229   -2.707706E-01    1.000021E+00    1.000029E+00    2.666319E-05 
   230   -2.697696E-01    1.000018E+00    1.000026E+00    2.368501E-05 
   231   -2.687687E-01    1.000016E+00    1.000023E+00    2.099832E-05 
   232   -2.677677E-01    1.000015E+00    1.000020E+00    1.857754E-05 
   233   -2.667667E-01    1.000013E+00    1.000018E+00    1.639862E-05 
   234   -2.657657E-01    1.000011E+00    1.000016E+00    1.443901E-05 
   235   -2.647647E-01    1.000010E+00    1.000014E+00    1.267759E-05 
   236   -2.637637E-01    1.000009E+00    1.000013E+00    1.109463E-05 
   237   -2.627627E-01    1.000008E+00    1.000011E+00    9.671698E-06 
   238   -2.617617E-01    1.000007E+00    1.000010E+00    8.391598E-06 
   239   -2.607607E-01    1.000006E+00    1.000009E+00    7.238284E-06 
   240   -2.597597E-01    1.000006E+00    1.000008E+00    6.196786E-06 
   241   -2.587587E-01    1.000005E+00    1.000007E+00    5.253119E-06 
   242   -2.577577E-01    1.000005E+00    1.000006E+00    4.394204E-06 
   243   -2.567567E-01    1.000004E+00    1.000006E+00    3.607780E-06 
   244   -2.557557E-01    1.000004E+00    1.000005E+00    2.882322E-06 
   245   -2.547547E-01    1.000004E+00    1.000005E+00    2.206953E-06 
   246   -2.537537E-01    1.000003E+00    1.000005E+00    1.571366E-06 
   247   -2.527527E-01    1.000003E+00    1.000004E+00    9.657432E-07 
   248   -2.517518E-01    1.000003E+00    1.000004E+00    3.806753E-07 
   249   -2.507508E-01    1.000003E+00    1.000004E+00   -1.929093E-07 
   250   -2.497498E-01    1.000003E+00    1.000004E+00   -7.638179E-07 
   251   -2.487488E-01    1.000003E+00    1.000005E+00   -1.340661E-06 
   252   -2.477478E-01    1.000003E+00    1.000005E+00   -1.931913E-06 
   253   -2.467468E-01    1.000004E+00    1.000005E+00   -2.545976E-06 
   254   -2.457458E-01    1.000004E+00    1.000005E+00   -3.191227E-06 
   255   -2.447448E-01    1.000004E+00    1.000006E+00   -3.876069E-06 
   256   -2.437438E-01    1.000005E+00    1.000006E+00   -4.608971E-06 
   257   -2.427428E-01    1.000005E+00    1.000007E+00   -5.398504E-06 
   258   -2.417418E-01    1.000006E+00    1.000008E+00   -6.253363E-06 
   259   -2.407408E-01    1.000006E+00    1.000009E+00   -7.182393E-06 
   260   -2.397398E-01    1.000007E+00    1.000010E+00   -8.194592E-06 
   261   -2.387388E-01    1.000008E+00    1.000011E+00   -9.299116E-06 
   262   -2.377378E-01    1.000008E+00    1.000012E+00   -1.050526E-05 
   263   -2.367368E-01    1.000009E+00    1.000013E+00   -1.182246E-05 
   264   -2.357358E-01    1.000010E+00    1.000015E+00   -1.326022E-05 
   265   -2.347348E-01    1.000012E+00    1.000016E+00   -1.482810E-05 
   266   -2.337338E-01    1.000013E+00    1.000018E+00   -1.653564E-05 
   267   -2.327328E-01    1.000014E+00    1.000020E+00   -1.839230E-05 
   268   -2.317319E-01    1.000016E+00    1.000022E+00   -2.040733E-05 
   269   -2.307309E-01    1.000018E+00    1.000025E+00   -2.258973E-05 
   270   -2.297299E-01    1.000019E+00    1.000027E+00   -2.494806E-05 
   271   -2.287289E-01    1.000021E+00    1.000030E+00   -2.749037E-05 
   272   -2.277279E-01    1.000023E+00    1.000033E+00   -3.022397E-05 
   273   -2.267270E-01    1.000026E+00    1.000036E+00   -3.315535E-05 
   274   -2.257260E-01    1.000028E+00    1.000039E+00   -3.628991E-05 
   275   -2.247250E-01    1.000031E+00    1.000043E+00   -3.963182E-05 
   276   -2.237240E-01    1.000034E+00    1.000047E+00   -4.318375E-05 
   277   -2.227231E-01    1.000037E+00    1.000051E+00   -4.694673E-05 
   278   -2.217221E-01    1.000040E+00    1.000056E+00   -5.091981E-05 
   279   -2.207211E-01    1.000043E+00    1.000060E+00   -5.509989E-05 
   280   -2.197202E-01    1.000046E+00    1.000065E+00   -5.948145E-05 
   281   -2.187192E-01    1.000050E+00    1.000070E+00   -6.405628E-05 
   282   -2.177183E-01    1.000054E+00    1.000075E+00   -6.881327E-05 
   283   -2.167173E-01    1.000058E+00    1.000081E+00   -7.373811E-05 
   284   -2.157164E-01    1.000062E+00    1.000087E+00   -7.881313E-05 
   285   -2.147155E-01    1.000066E+00    1.000092E+00   -8.401702E-05 
   286   -2.137145E-01    1.000070E+00    1.000098E+00   -8.932465E-05 
   287   -2.127136E-01    1.000075E+00    1.000105E+00   -9.470693E-05 
   288   -2.117127E-01    1.000079E+00    1.000111E+00   -1.001307E-04 
   289   -2.107118E-01    1.000084E+00    1.000117E+00   -1.055584E-04 
   290   -2.097108E-01    1.000088E+00    1.000123E+00   -1.109485E-04 
   291   -2.087099E-01    1.000092E+00    1.000129E+00   -1.162548E-04 
   292   -2.077090E-01    1.000097E+00    1.000135E+00   -1.214266E-04 
   293   -2.067081E-01    1.000101E+00    1.000141E+00   -1.264092E-04 
   294   -2.057072E-01    1.000105E+00    1.000147E+00   -1.311442E-04 
   295   -2.047063E-01    1.000109E+00    1.000152E+00   -1.355697E-04 
   296   -2.037054E-01    1.000112E+00    1.000157E+00   -1.396174E-04 
   297   -2.027046E-01    1.000115E+00    1.000162E+00   -1.432043E-04 
   298   -2.017037E-01    1.000118E+00    1.000165E+00   -1.462245E-04 
   299   -2.007028E-01    1.000120E+00    1.000168E+00   -1.485961E-04 
   300   -1.997019E-01    1.000121E+00    1.000169E+00   -1.502105E-04 
   301   -1.987010E-01    1.000120E+00    1.000169E+00   -1.510420E-04 
   302   -1.977002E-01    1.000118E+00    1.000165E+00   -1.507885E-04 
   303   -1.966993E-01    1.000113E+00    1.000158E+00   -1.488987E-04 
   304   -1.956984E-01    1.000103E+00    1.000145E+00   -1.441867E-04 
   305   -1.946975E-01    1.000089E+00    1.000124E+00   -1.348163E-04 
   306   -1.936966E-01    1.000067E+00    1.000094E+00   -1.185973E-04 
   307   -1.926957E-01    1.000036E+00    1.000051E+00   -9.332355E-05 
   308   -1.916948E-01    9.999936E-01    9.999911E-01   -5.625230E-05 
   309   -1.906938E-01    9.999360E-01    9.999104E-01   -3.973624E-06 
   310   -1.896928E-01    9.998598E-01    9.998037E-01    6.754125E-05 
   311   -1.886917E-01    9.997608E-01    9.996651E-01    1.630948E-04 
   312   -1.876905E-01    9.996341E-01    9.994877E-01    2.882566E-04 
   313   -1.866892E-01    9.994741E-01    9.992637E-01    4.495443E-04 
   314   -1.856878E-01    9.992745E-01    9.989843E-01    6.543482E-04 
   315   -1.846861E-01    9.990282E-01    9.986395E-01    9.111111E-04 
   316   -1.836843E-01    9.987275E-01    9.982186E-01    1.229211E-03 
   317   -1.826821E-01    9.983639E-01    9.977096E-01    1.619057E-03 
   318   -1.816795E-01    9.979281E-01    9.970997E-01    2.091999E-03 
   319   -1.806766E-01    9.974107E-01    9.963756E-01    2.660215E-03 
   320   -1.796731E-01    9.968013E-01    9.955231E-01    3.336680E-03 
   321   -1.786690E-01    9.960897E-01    9.945277E-01    4.134828E-03 
   322   -1.776641E-01    9.952654E-01    9.933750E-01    5.068512E-03 
   323   -1.766584E-01    9.943180E-01    9.920504E-01    6.151569E-03 
   324   -1.756517E-01    9.932374E-01    9.905403E-01    7.397664E-03 
   325   -1.746439E-01    9.920143E-01    9.888316E-01    8.819861E-03 
   326   -1.736348E-01    9.906400E-01    9.869126E-01    1.043033E-02 
   327   -1.726243E-01    9.891071E-01    9.847734E-01    1.223999E-02 
   328   -1.716121E-01    9.874095E-01    9.824056E-01    1.425816E-02 
   329   -1.705981E-01    9.855425E-01    9.798033E-01    1.649225E-02 
   330   -1.695821E-01    9.835032E-01    9.769632E-01    1.894741E-02 
   331   -1.685639E-01    9.812907E-01    9.738842E-01    2.162640E-02 
   332   -1.675433E-01    9.789057E-01    9.705683E-01    2.452932E-02 
   333   -1.665201E-01    9.763512E-01    9.670201E-01    2.765371E-02 
   334   -1.654941E-01    9.736318E-01    9.632468E-01    3.099448E-02 
   335   -1.644651E-01    9.707540E-01    9.592584E-01    3.454411E-02 
   336   -1.634329E-01    9.677259E-01    9.550667E-01    3.829292E-02 
   337   -1.623974E-01    9.645571E-01    9.506856E-01    4.222908E-02 
   338   -1.613583E-01    9.612580E-01    9.461306E-01    4.633920E-02 
   339   -1.603155E-01    9.578399E-01    9.414179E-01    5.060839E-02 
   340   -1.592689E-01    9.543147E-01    9.365645E-01    5.502101E-02 
   341   -1.582183E-01    9.506940E-01    9.315872E-01    5.956110E-02 
   342   -1.571636E-01    9.469894E-01    9.265023E-01    6.421299E-02 
   343   -1.561046E-01    9.432116E-01    9.213252E-01    6.896200E-02 
   344   -1.550413E-01    9.393702E-01    9.160694E-01    7.379470E-02 
   345   -1.539736E-01    9.354732E-01    9.107462E-01    7.869965E-02 
   346   -1.529014E-01    9.315266E-01    9.053643E-01    8.366754E-02 
   347   -1.518245E-01    9.275336E-01    8.999284E-01    8.869182E-02 
   348   -1.507430E-01    9.234950E-01    8.944398E-01    9.376925E-02 
   349   -1.496568E-01    9.194082E-01    8.888954E-01    9.890041E-02 
   350   -1.485657E-01    9.152677E-01    8.832880E-01    1.040902E-01 
   351   -1.474696E-01    9.110655E-01    8.776071E-01    1.093514E-01 
   352   -1.463685E-01    9.067912E-01    8.718393E-01    1.147096E-01 
   353   -1.452622E-01    9.024333E-01    8.659698E-01    1.201897E-01 
   354   -1.441506E-01    8.979802E-01    8.599832E-01    1.258164E-01 
   355   -1.430333E-01    8.934207E-01    8.538659E-01    1.316125E-01 
   356   -1.419104E-01    8.887463E-01    8.476070E-01    1.375980E-01 
   357   -1.407814E-01    8.839513E-01    8.412004E-01    1.437878E-01 
   358   -1.396462E-01    8.790346E-01    8.346454E-01    1.501909E-01 
   359   -1.385046E-01    8.739997E-01    8.279480E-01    1.568096E-01 
   360   -1.373562E-01    8.688552E-01    8.211208E-01    1.636369E-01 
   361   -1.362008E-01    8.636140E-01    8.141820E-01    1.706508E-01 
   362   -1.350383E-01    8.582926E-01    8.071543E-01    1.778271E-01 
   363   -1.338684E-01    8.529094E-01    8.000629E-01    1.851364E-01 
   364   -1.326909E-01    8.474837E-01    7.929337E-01    1.925475E-01 
   365   -1.315059E-01    8.420339E-01    7.857916E-01    2.000283E-01 
   366   -1.303130E-01    8.365770E-01    7.786585E-01    2.075488E-01 
   367   -1.291123E-01    8.311267E-01    7.715530E-01    2.150832E-01 
   368   -1.279037E-01    8.256940E-01    7.644889E-01    2.226136E-01 
   369   -1.266871E-01    8.202857E-01    7.574752E-01    2.301289E-01 
   370   -1.254624E-01    8.149057E-01    7.505163E-01    2.376245E-01 
   371   -1.242298E-01    8.095550E-01    7.436137E-01    2.451176E-01 
   372   -1.229890E-01    8.042330E-01    7.367661E-01    2.526298E-01 
   373   -1.217399E-01    7.989381E-01    7.299714E-01    2.601609E-01 
   374   -1.204826E-01    7.936687E-01    7.232274E-01    2.677022E-01 
   375   -1.192170E-01    7.884243E-01    7.165332E-01    2.752458E-01 
   376   -1.179429E-01    7.832057E-01    7.098897E-01    2.827820E-01 
   377   -1.166603E-01    7.780153E-01    7.032998E-01    2.903193E-01 
   378   -1.153691E-01    7.728577E-01    6.967691E-01    2.978699E-01 
   379   -1.140693E-01    7.677398E-01    6.903061E-01    3.054223E-01 
   380   -1.127607E-01    7.626705E-01    6.839216E-01    3.129563E-01 
   381   -1.114435E-01    7.576589E-01    6.776266E-01    3.204532E-01 
   382   -1.101175E-01    7.527137E-01    6.714314E-01    3.278904E-01 
   383   -1.087827E-01    7.478419E-01    6.653442E-01    3.352441E-01 
   384   -1.074394E-01    7.430486E-01    6.593707E-01    3.424940E-01 
   385   -1.060874E-01    7.383358E-01    6.535127E-01    3.496271E-01 
   386   -1.047268E-01    7.337029E-01    6.477685E-01    3.566399E-01 
   387   -1.033576E-01    7.291452E-01    6.421317E-01    3.635390E-01 
   388   -1.019800E-01    7.246531E-01    6.365897E-01    3.703398E-01 
   389   -1.005940E-01    7.202100E-01    6.311215E-01    3.770669E-01 
   390   -9.919946E-02    7.157910E-01    6.256961E-01    3.837532E-01 
   391   -9.779647E-02    7.113627E-01    6.202724E-01    3.904393E-01 
   392   -9.638488E-02    7.068848E-01    6.148013E-01    3.971935E-01 
   393   -9.496445E-02    7.023134E-01    6.092298E-01    4.041005E-01 
   394   -9.353479E-02    6.976056E-01    6.035069E-01    4.112467E-01 
   395   -9.209539E-02    6.927250E-01    5.975898E-01    4.187182E-01 
   396   -9.064566E-02    6.876456E-01    5.914493E-01    4.265916E-01 
   397   -8.918499E-02    6.823551E-01    5.850729E-01    4.349234E-01 
   398   -8.771265E-02    6.768561E-01    5.784662E-01    4.437415E-01 
   399   -8.622795E-02    6.711656E-01    5.716523E-01    4.530205E-01 
   400   -8.473022E-02    6.653138E-01    5.646696E-01    4.626927E-01 
   401   -8.321894E-02    6.593403E-01    5.575673E-01    4.726711E-01 
   402   -8.169361E-02    6.532905E-01    5.504009E-01    4.828556E-01 
   403   -8.015385E-02    6.472127E-01    5.432285E-01    4.931475E-01 
   404   -7.859937E-02    6.411542E-01    5.361061E-01    5.034607E-01 
   405   -7.703006E-02    6.351577E-01    5.290833E-01    5.137307E-01 
   406   -7.544590E-02    6.292558E-01    5.221972E-01    5.239105E-01 
   407   -7.384694E-02    6.234664E-01    5.154676E-01    5.339680E-01 
   408   -7.223327E-02    6.177913E-01    5.088951E-01    5.438843E-01 
   409   -7.060501E-02    6.122175E-01    5.024632E-01    5.536581E-01 
   410   -6.896214E-02    6.067239E-01    4.961466E-01    5.633351E-01 
   411   -6.730452E-02    6.012891E-01    4.899200E-01    5.729934E-01 
   412   -6.563194E-02    5.958983E-01    4.837660E-01    5.826463E-01 
   413   -6.394421E-02    5.905471E-01    4.776792E-01    5.923020E-01 
   414   -6.224113E-02    5.852412E-01    4.716660E-01    6.019665E-01 
   415   -6.052252E-02    5.799954E-01    4.657426E-01    6.116759E-01 
   416   -5.878828E-02    5.748332E-01    4.599347E-01    6.214024E-01 
   417   -5.703841E-02    5.697857E-01    4.542762E-01    6.310487E-01 
   418   -5.527302E-02    5.648890E-01    4.488062E-01    6.405006E-01 
   419   -5.349236E-02    5.601846E-01    4.435689E-01    6.496286E-01 
   420   -5.169683E-02    5.557192E-01    4.386144E-01    6.583060E-01 
   421   -4.988704E-02    5.515474E-01    4.340000E-01    6.664250E-01 
   422   -4.806376E-02    5.477325E-01    4.297924E-01    6.738877E-01 
   423   -4.622812E-02    5.443466E-01    4.260673E-01    6.805937E-01 
   424   -4.438151E-02    5.414687E-01    4.229077E-01    6.864092E-01 
   425   -4.252571E-02    5.391815E-01    4.203998E-01    6.911507E-01 
   426   -4.066281E-02    5.375570E-01    4.186187E-01    6.945950E-01 
   427   -3.879522E-02    5.366252E-01    4.175939E-01    6.965017E-01 
   428   -3.692596E-02    5.363392E-01    4.172728E-01    6.963918E-01 
   429   -3.505778E-02    5.365730E-01    4.175179E-01    6.949171E-01 
   430   -3.319182E-02    5.371645E-01    4.181526E-01    6.931831E-01 
   431   -3.132870E-02    5.379660E-01    4.190166E-01    6.913256E-01 
   432   -2.946898E-02    5.388688E-01    4.199913E-01    6.894550E-01 
   433   -2.761272E-02    5.398022E-01    4.209999E-01    6.876300E-01 
   434   -2.575971E-02    5.407244E-01    4.219967E-01    6.858542E-01 
   435   -2.390979E-02    5.416105E-01    4.229543E-01    6.841492E-01 
   436   -2.206299E-02    5.424414E-01    4.238516E-01    6.825635E-01 
   437   -2.021907E-02    5.432014E-01    4.246716E-01    6.811370E-01 
   438   -1.837749E-02    5.438821E-01    4.254047E-01    6.798792E-01 
   439   -1.653807E-02    5.444819E-01    4.260490E-01    6.787941E-01 
   440   -1.470058E-02    5.450017E-01    4.266055E-01    6.778868E-01 
   441   -1.286475E-02    5.454427E-01    4.270755E-01    6.771499E-01 
   442   -1.103024E-02    5.458096E-01    4.274637E-01    6.765569E-01 
   443   -9.196706E-03    5.461105E-01    4.277790E-01    6.760763E-01 
   444   -7.364175E-03    5.463553E-01    4.280324E-01    6.756870E-01 
   445   -5.532324E-03    5.465542E-01    4.282351E-01    6.753741E-01 
   446   -3.700918E-03    5.467163E-01    4.283971E-01    6.751224E-01 
   447   -1.870143E-03    5.468500E-01    4.285274E-01    6.749161E-01 
   448   -3.968805E-05    5.469633E-01    4.286341E-01    6.747406E-01 
   449    1.790540E-03    5.470620E-01    4.287240E-01    6.745925E-01 
   450    3.620330E-03    5.471492E-01    4.288012E-01    6.744688E-01 
   451    5.449831E-03    5.472267E-01    4.288680E-01    6.743602E-01 
   452    7.279199E-03    5.472975E-01    4.289263E-01    6.742560E-01 
   453    9.108336E-03    5.473639E-01    4.289777E-01    6.741613E-01 
   454    1.093724E-02    5.474258E-01    4.290231E-01    6.740791E-01 
   455    1.276579E-02    5.474831E-01    4.290638E-01    6.740019E-01 
   456    1.459435E-02    5.475383E-01    4.291025E-01    6.739261E-01 
   457    1.642288E-02    5.475924E-01    4.291388E-01    6.738593E-01 
   458    1.825079E-02    5.476441E-01    4.291698E-01    6.738026E-01 
   459    2.007868E-02    5.476942E-01    4.291966E-01    6.737433E-01 
   460    2.190683E-02    5.477444E-01    4.292234E-01    6.736861E-01 
   461    2.373439E-02    5.477937E-01    4.292499E-01    6.736391E-01 
   462    2.556154E-02    5.478410E-01    4.292737E-01    6.735926E-01 
   463    2.738913E-02    5.478892E-01    4.292956E-01    6.735384E-01 
   464    2.921654E-02    5.479395E-01    4.293169E-01    6.734939E-01 
   465    3.104319E-02    5.479887E-01    4.293346E-01    6.734600E-01 
   466    3.286984E-02    5.480367E-01    4.293494E-01    6.734147E-01 
   467    3.469698E-02    5.480879E-01    4.293673E-01    6.733658E-01 
   468    3.652358E-02    5.481404E-01    4.293875E-01    6.733379E-01 
   469    3.834923E-02    5.481903E-01    4.294031E-01    6.733129E-01 
   470    4.017557E-02    5.482427E-01    4.294143E-01    6.732626E-01 
   471    4.200231E-02    5.483018E-01    4.294247E-01    6.732243E-01 
   472    4.382760E-02    5.483596E-01    4.294318E-01    6.732161E-01 
   473    4.565237E-02    5.484126E-01    4.294397E-01    6.731895E-01 
   474    4.747875E-02    5.484728E-01    4.294601E-01    6.731322E-01 
   475    4.930448E-02    5.485430E-01    4.294809E-01    6.731062E-01 
   476    5.112818E-02    5.486102E-01    4.294766E-01    6.731289E-01 
   477    5.295286E-02    5.486752E-01    4.294573E-01    6.730791E-01 
   478    5.477853E-02    5.487548E-01    4.294705E-01    6.730059E-01 
   479    5.660272E-02    5.488385E-01    4.295023E-01    6.730218E-01 
   480    5.842547E-02    5.489133E-01    4.295053E-01    6.730796E-01 
   481    6.024924E-02    5.490011E-01    4.294885E-01    6.729334E-01 
   482    6.207347E-02    5.491158E-01    4.294943E-01    6.728873E-01 
   483    6.389913E-02    5.492241E-01    4.294944E-01    6.730740E-01 
   484    6.571579E-02    5.493236E-01    4.294760E-01    6.729331E-01 
   485    6.753759E-02    5.494696E-01    4.295000E-01    6.727560E-01 
   486    6.937264E-02    5.496401E-01    4.295593E-01    6.729910E-01 
   487    7.118211E-02    5.498424E-01    4.296257E-01    6.730603E-01 
   488    7.299033E-02    5.501493E-01    4.296815E-01    6.725347E-01 
   489    7.484156E-02    5.505917E-01    4.296709E-01    6.729835E-01 
   490    7.665536E-02    5.510374E-01    4.294012E-01    6.731715E-01 
   491    7.841238E-02    5.513241E-01    4.287225E-01    6.722473E-01 
   492    8.030360E-02    5.512293E-01    4.276588E-01    6.731585E-01 
   493    8.212613E-02    5.498073E-01    4.255754E-01    6.729805E-01 
   494    8.379923E-02    5.466458E-01    4.231177E-01    6.721860E-01 
   495    8.578952E-02    5.401768E-01    4.221591E-01    6.734185E-01 
   496    8.762331E-02    5.316921E-01    4.252182E-01    6.721967E-01 
   497    8.935387E-02    5.220719E-01    4.305419E-01    6.730912E-01 
   498    9.154455E-02    5.098591E-01    4.357101E-01    6.727203E-01 
   499    9.402107E-02    4.951051E-01    4.484095E-01    6.745538E-01 
   500    9.255556E-02    5.036732E-01    3.506851E-01    6.693166E-01 
   501    9.453669E-02    4.918347E-01    3.722709E-01    6.684469E-01 
   502    9.577614E-02    4.839228E-01    3.947820E-01    6.718836E-01 
   503    9.644776E-02    4.796276E-01    4.162374E-01    6.730695E-01 
   504    9.667325E-02    4.782611E-01    4.336697E-01    6.723304E-01 
   505    9.715997E-02    4.754936E-01    4.425322E-01    6.705011E-01 
   506    9.810925E-02    4.705794E-01    4.437380E-01    6.722234E-01 
   507    9.867189E-02    4.679163E-01    4.432110E-01    6.747864E-01 
   508    9.888580E-02    4.669646E-01    4.422322E-01    6.748812E-01 
   509    9.908369E-02    4.661315E-01    4.408053E-01    6.733544E-01 
   510    9.968080E-02    4.639374E-01    4.382084E-01    6.712747E-01 
   511    1.003874E-01    4.618237E-01    4.357973E-01    6.720979E-01 
   512    1.010462E-01    4.602521E-01    4.339234E-01    6.721432E-01 
   513    1.017039E-01    4.590641E-01    4.324499E-01    6.718961E-01 
   514    1.022565E-01    4.583270E-01    4.313844E-01    6.716683E-01 
   515    1.028568E-01    4.577276E-01    4.304412E-01    6.736440E-01 
   516    1.033452E-01    4.573498E-01    4.297292E-01    6.737994E-01 
   517    1.037766E-01    4.571067E-01    4.292269E-01    6.731344E-01 
   518    1.042445E-01    4.569438E-01    4.288410E-01    6.725382E-01 
   519    1.047850E-01    4.568325E-01    4.285302E-01    6.725311E-01 
   520    1.053501E-01    4.567842E-01    4.283023E-01    6.723401E-01 
   521    1.059440E-01    4.567952E-01    4.281684E-01    6.721103E-01 
   522    1.065888E-01    4.568457E-01    4.280911E-01    6.724476E-01 
   523    1.071802E-01    4.568973E-01    4.280253E-01    6.729234E-01 
   524    1.076969E-01    4.569450E-01    4.279556E-01    6.730571E-01 
   525    1.081948E-01    4.569975E-01    4.278994E-01    6.728635E-01 
   526    1.087277E-01    4.570689E-01    4.278652E-01    6.724344E-01 
   527    1.092706E-01    4.571493E-01    4.278428E-01    6.724659E-01 
   528    1.097944E-01    4.572265E-01    4.278139E-01    6.725202E-01 
   529    1.103278E-01    4.573048E-01    4.277923E-01    6.724740E-01 
   530    1.108872E-01    4.573857E-01    4.277818E-01    6.725703E-01 
   531    1.114618E-01    4.574622E-01    4.277775E-01    6.728628E-01 
   532    1.120270E-01    4.575270E-01    4.277703E-01    6.729815E-01 
   533    1.125767E-01    4.575865E-01    4.277652E-01    6.727690E-01 
   534    1.131186E-01    4.576534E-01    4.277748E-01    6.724230E-01 
   535    1.136684E-01    4.577261E-01    4.277925E-01    6.723440E-01 
   536    1.142184E-01    4.577944E-01    4.278037E-01    6.724782E-01 
   537    1.147540E-01    4.578556E-01    4.278067E-01    6.725171E-01 
   538    1.152851E-01    4.579130E-01    4.278044E-01    6.725640E-01 
   539    1.158212E-01    4.579665E-01    4.278016E-01    6.726683E-01 
   540    1.163633E-01    4.580156E-01    4.277944E-01    6.727260E-01 
   541    1.169126E-01    4.580622E-01    4.277927E-01    6.726918E-01 
   542    1.174701E-01    4.581093E-01    4.277932E-01    6.726073E-01 
   543    1.180308E-01    4.581571E-01    4.278039E-01    6.725383E-01 
   544    1.185864E-01    4.582037E-01    4.278111E-01    6.725243E-01 
   545    1.191353E-01    4.582471E-01    4.278218E-01    6.725520E-01 
   546    1.196778E-01    4.582867E-01    4.278223E-01    6.725687E-01 
   547    1.202154E-01    4.583235E-01    4.278262E-01    6.725594E-01 
   548    1.207503E-01    4.583587E-01    4.278221E-01    6.725386E-01 
   549    1.212869E-01    4.583931E-01    4.278240E-01    6.725113E-01 
   550    1.218291E-01    4.584271E-01    4.278217E-01    6.724996E-01 
   551    1.223791E-01    4.584598E-01    4.278245E-01    6.725280E-01 
   552    1.229339E-01    4.584897E-01    4.278228E-01    6.725921E-01 
   553    1.234880E-01    4.585163E-01    4.278221E-01    6.726244E-01 
   554    1.240382E-01    4.585406E-01    4.278194E-01    6.726121E-01 
   555    1.245851E-01    4.585638E-01    4.278171E-01    6.725808E-01 
   556    1.251291E-01    4.585869E-01    4.278170E-01    6.725420E-01 
   557    1.256707E-01    4.586104E-01    4.278152E-01    6.724956E-01 
   558    1.262111E-01    4.586345E-01    4.278190E-01    6.724528E-01 
   559    1.267522E-01    4.586585E-01    4.278177E-01    6.724353E-01 
   560    1.272959E-01    4.586814E-01    4.278222E-01    6.724618E-01 
   561    1.278422E-01    4.587021E-01    4.278179E-01    6.725163E-01 
   562    1.283908E-01    4.587204E-01    4.278192E-01    6.725527E-01 
   563    1.289393E-01    4.587370E-01    4.278125E-01    6.725576E-01 
   564    1.294878E-01    4.587525E-01    4.278128E-01    6.725410E-01 
   565    1.300350E-01    4.587678E-01    4.278076E-01    6.725164E-01 
   566    1.305811E-01    4.587832E-01    4.278088E-01    6.724901E-01 
   567    1.311254E-01    4.587989E-01    4.278068E-01    6.724643E-01 
   568    1.316689E-01    4.588148E-01    4.278085E-01    6.724415E-01 
   569    1.322118E-01    4.588306E-01    4.278090E-01    6.724279E-01 
   570    1.327552E-01    4.588458E-01    4.278094E-01    6.724294E-01 
   571    1.332997E-01    4.588600E-01    4.278106E-01    6.724451E-01 
   572    1.338454E-01    4.588729E-01    4.278079E-01    6.724668E-01 
   573    1.343922E-01    4.588846E-01    4.278090E-01    6.724819E-01 
   574    1.349393E-01    4.588953E-01    4.278040E-01    6.724862E-01 
   575    1.354863E-01    4.589053E-01    4.278053E-01    6.724822E-01 
   576    1.360323E-01    4.589148E-01    4.277995E-01    6.724723E-01 
   577    1.365778E-01    4.589242E-01    4.278013E-01    6.724576E-01 
   578    1.371222E-01    4.589336E-01    4.277966E-01    6.724419E-01 
   579    1.376664E-01    4.589433E-01    4.277991E-01    6.724274E-01 
   580    1.382104E-01    4.589530E-01    4.277962E-01    6.724169E-01 
   581    1.387548E-01    4.589625E-01    4.277982E-01    6.724133E-01 
   582    1.392997E-01    4.589713E-01    4.277961E-01    6.724178E-01 
   583    1.398454E-01    4.589791E-01    4.277957E-01    6.724258E-01 
   584    1.403914E-01    4.589860E-01    4.277938E-01    6.724321E-01 
   585    1.409374E-01    4.589920E-01    4.277906E-01    6.724334E-01 
   586    1.414834E-01    4.589973E-01    4.277893E-01    6.724293E-01 
   587    1.420287E-01    4.590023E-01    4.277841E-01    6.724216E-01 
   588    1.425740E-01    4.590072E-01    4.277842E-01    6.724114E-01 
   589    1.431187E-01    4.590120E-01    4.277785E-01    6.724005E-01 
   590    1.436634E-01    4.590169E-01    4.277798E-01    6.723902E-01 
   591    1.442080E-01    4.590217E-01    4.277741E-01    6.723824E-01 
   592    1.447529E-01    4.590262E-01    4.277755E-01    6.723776E-01 
   593    1.452979E-01    4.590303E-01    4.277700E-01    6.723753E-01 
   594    1.458433E-01    4.590339E-01    4.277701E-01    6.723734E-01 
   595    1.463888E-01    4.590370E-01    4.277648E-01    6.723714E-01 
   596    1.469343E-01    4.590395E-01    4.277631E-01    6.723675E-01 
   597    1.474799E-01    4.590417E-01    4.277587E-01    6.723617E-01 
   598    1.480250E-01    4.590437E-01    4.277553E-01    6.723546E-01 
   599    1.485702E-01    4.590455E-01    4.277525E-01    6.723457E-01 
   600    1.491151E-01    4.590472E-01    4.277478E-01    6.723366E-01 
   601    1.496601E-01    4.590488E-01    4.277467E-01    6.723277E-01 
   602    1.502049E-01    4.590503E-01    4.277408E-01    6.723198E-01 
   603    1.507500E-01    4.590516E-01    4.277407E-01    6.723134E-01 
   604    1.512950E-01    4.590526E-01    4.277339E-01    6.723081E-01 
   605    1.518404E-01    4.590533E-01    4.277338E-01    6.723029E-01 
   606    1.523855E-01    4.590537E-01    4.277264E-01    6.722979E-01 
   607    1.529310E-01    4.590537E-01    4.277255E-01    6.722916E-01 
   608    1.534762E-01    4.590534E-01    4.277184E-01    6.722847E-01 
   609    1.540213E-01    4.590529E-01    4.277162E-01    6.722769E-01 
   610    1.545665E-01    4.590522E-01    4.277101E-01    6.722679E-01 
   611    1.551115E-01    4.590513E-01    4.277064E-01    6.722590E-01 
   612    1.556566E-01    4.590501E-01    4.277016E-01    6.722496E-01 
   613    1.562015E-01    4.590488E-01    4.276963E-01    6.722402E-01 
   614    1.567467E-01    4.590473E-01    4.276929E-01    6.722312E-01 
   615    1.572918E-01    4.590456E-01    4.276857E-01    6.722221E-01 
   616    1.578371E-01    4.590436E-01    4.276832E-01    6.722126E-01 
   617    1.583822E-01    4.590414E-01    4.276748E-01    6.722028E-01 
   618    1.589276E-01    4.590392E-01    4.276729E-01    6.721915E-01 
   619    1.594727E-01    4.590369E-01    4.276642E-01    6.721803E-01 
   620    1.600179E-01    4.590346E-01    4.276625E-01    6.721679E-01 
   621    1.605630E-01    4.590326E-01    4.276547E-01    6.721555E-01 
   622    1.611081E-01    4.590307E-01    4.276531E-01    6.721438E-01 
   623    1.616533E-01    4.590291E-01    4.276471E-01    6.721322E-01 
   624    1.621984E-01    4.590279E-01    4.276453E-01    6.721214E-01 
   625    1.627436E-01    4.590269E-01    4.276417E-01    6.721119E-01 
   626    1.632887E-01    4.590262E-01    4.276395E-01    6.721048E-01 
   627    1.638340E-01    4.590256E-01    4.276382E-01    6.721015E-01 
   628    1.643792E-01    4.590251E-01    4.276348E-01    6.721012E-01 
   629    1.649245E-01    4.590243E-01    4.276349E-01    6.721037E-01 
   630    1.654696E-01    4.590232E-01    4.276296E-01    6.721088E-01 
   631    1.660149E-01    4.590212E-01    4.276293E-01    6.721133E-01 
   632    1.665599E-01    4.590181E-01    4.276210E-01    6.721189E-01 
   633    1.671051E-01    4.590135E-01    4.276175E-01    6.721228E-01 
   634    1.676502E-01    4.590068E-01    4.276047E-01    6.721247E-01 
   635    1.681954E-01    4.589976E-01    4.275951E-01    6.721239E-01 
   636    1.687406E-01    4.589856E-01    4.275762E-01    6.721191E-01 
   637    1.692857E-01    4.589704E-01    4.275579E-01    6.721078E-01 
   638    1.698309E-01    4.589519E-01    4.275318E-01    6.720870E-01 
   639    1.703761E-01    4.589301E-01    4.275038E-01    6.720544E-01 
   640    1.709214E-01    4.589052E-01    4.274711E-01    6.720090E-01 
   641    1.714666E-01    4.588779E-01    4.274346E-01    6.719487E-01 
   642    1.720119E-01    4.588490E-01    4.273982E-01    6.718728E-01 
   643    1.725571E-01    4.588194E-01    4.273573E-01    6.717819E-01 
   644    1.731027E-01    4.587906E-01    4.273224E-01    6.716755E-01 
   645    1.736480E-01    4.587639E-01    4.272845E-01    6.715565E-01 
   646    1.741937E-01    4.587411E-01    4.272581E-01    6.714259E-01 
   647    1.747392E-01    4.587236E-01    4.272318E-01    6.712907E-01 
   648    1.752850E-01    4.587127E-01    4.272210E-01    6.711635E-01 
   649    1.758307E-01    4.587095E-01    4.272140E-01    6.710650E-01 
   650    1.763765E-01    4.587147E-01    4.272234E-01    6.710153E-01 
   651    1.769224E-01    4.587283E-01    4.272393E-01    6.710320E-01 
   652    1.774682E-01    4.587497E-01    4.272689E-01    6.711153E-01 
   653    1.780140E-01    4.587775E-01    4.273049E-01    6.712611E-01 
   654    1.785596E-01    4.588097E-01    4.273472E-01    6.714473E-01 
   655    1.791051E-01    4.588434E-01    4.273924E-01    6.716564E-01 
   656    1.796504E-01    4.588749E-01    4.274324E-01    6.718726E-01 
   657    1.801958E-01    4.589002E-01    4.274681E-01    6.720773E-01 
   658    1.807408E-01    4.589147E-01    4.274847E-01    6.722630E-01 
   659    1.812859E-01    4.589136E-01    4.274869E-01    6.724171E-01 
   660    1.818307E-01    4.588919E-01    4.274557E-01    6.725327E-01 
   661    1.823756E-01    4.588451E-01    4.273985E-01    6.726008E-01 
   662    1.829205E-01    4.587692E-01    4.272967E-01    6.726127E-01 
   663    1.834653E-01    4.586612E-01    4.271594E-01    6.725587E-01 
   664    1.840102E-01    4.585197E-01    4.269728E-01    6.724311E-01 
   665    1.845553E-01    4.583448E-01    4.267472E-01    6.722075E-01 
   666    1.851005E-01    4.581389E-01    4.264778E-01    6.718668E-01 
   667    1.856461E-01    4.579065E-01    4.261761E-01    6.713861E-01 
   668    1.861919E-01    4.576550E-01    4.258489E-01    6.707532E-01 
   669    1.867382E-01    4.573940E-01    4.255086E-01    6.699726E-01 
   670    1.872852E-01    4.571353E-01    4.251738E-01    6.690464E-01 
   671    1.878326E-01    4.568927E-01    4.248563E-01    6.679925E-01 
   672    1.883810E-01    4.566805E-01    4.245835E-01    6.668324E-01 
   673    1.889298E-01    4.565133E-01    4.243633E-01    6.655943E-01 
   674    1.894796E-01    4.564039E-01    4.242250E-01    6.643912E-01 
   675    1.900298E-01    4.563628E-01    4.241689E-01    6.634228E-01 
   676    1.905806E-01    4.563963E-01    4.242166E-01    6.628748E-01 
   677    1.911315E-01    4.565051E-01    4.243560E-01    6.629484E-01 
   678    1.916822E-01    4.566831E-01    4.245913E-01    6.636521E-01 
   679    1.922324E-01    4.569167E-01    4.248945E-01    6.649309E-01 
   680    1.927817E-01    4.571844E-01    4.252455E-01    6.666090E-01 
   681    1.933299E-01    4.574568E-01    4.256005E-01    6.685070E-01 
   682    1.938768E-01    4.576971E-01    4.259142E-01    6.704824E-01 
   683    1.944225E-01    4.578617E-01    4.261298E-01    6.723853E-01 
   684    1.949670E-01    4.579015E-01    4.261797E-01    6.741030E-01 
   685    1.955105E-01    4.577628E-01    4.259992E-01    6.755482E-01 
   686    1.960531E-01    4.573884E-01    4.255041E-01    6.766106E-01 
   687    1.965954E-01    4.567188E-01    4.246263E-01    6.772786E-01 
   688    1.971373E-01    4.556938E-01    4.232737E-01    6.774395E-01 
   689    1.976796E-01    4.542536E-01    4.213812E-01    6.769340E-01 
   690    1.982225E-01    4.523423E-01    4.188610E-01    6.756974E-01 
   691    1.987669E-01    4.499045E-01    4.156539E-01    6.735761E-01 
   692    1.993133E-01    4.468906E-01    4.116853E-01    6.701227E-01 
   693    1.998628E-01    4.432557E-01    4.069097E-01    6.650483E-01 
   694    2.004165E-01    4.389618E-01    4.012741E-01    6.582312E-01 
   695    2.009757E-01    4.339739E-01    3.947476E-01    6.492883E-01 
   696    2.015419E-01    4.282709E-01    3.873122E-01    6.380110E-01 
   697    2.021167E-01    4.218385E-01    3.789614E-01    6.241338E-01 
   698    2.027021E-01    4.146707E-01    3.697115E-01    6.071866E-01 
   699    2.032999E-01    4.067791E-01    3.595932E-01    5.873516E-01 
   700    2.039124E-01    3.981867E-01    3.486690E-01    5.646525E-01 
   701    2.045413E-01    3.889450E-01    3.370263E-01    5.385210E-01 
   702    2.051890E-01    3.791229E-01    3.247895E-01    5.086135E-01 
   703    2.058576E-01    3.688164E-01    3.120965E-01    4.754249E-01 
   704    2.065494E-01    3.581380E-01    2.991256E-01    4.396209E-01 
   705    2.072659E-01    3.472495E-01    2.860869E-01    4.012089E-01 
   706    2.080088E-01    3.363242E-01    2.732104E-01    3.602965E-01 
   707    2.087788E-01    3.255593E-01    2.607247E-01    3.180168E-01 
   708    2.095770E-01    3.151485E-01    2.488561E-01    2.756829E-01 
   709    2.104028E-01    3.052959E-01    2.378113E-01    2.342325E-01 
   710    2.112556E-01    2.961732E-01    2.277572E-01    1.947019E-01 
   711    2.121337E-01    2.879221E-01    2.188090E-01    1.583276E-01 
   712    2.130349E-01    2.806351E-01    2.110264E-01    1.261411E-01 
   713    2.139565E-01    2.743555E-01    2.044093E-01    9.858221E-02 
   714    2.148955E-01    2.690681E-01    1.989034E-01    7.572020E-02 
   715    2.158489E-01    2.647158E-01    1.944150E-01    5.720759E-02 
   716    2.168139E-01    2.612070E-01    1.908249E-01    4.266004E-02 
   717    2.177881E-01    2.584331E-01    1.880040E-01    3.147827E-02 
   718    2.187693E-01    2.562784E-01    1.858219E-01    2.297992E-02 
   719    2.197559E-01    2.546297E-01    1.841573E-01    1.662682E-02 
   720    2.207464E-01    2.533852E-01    1.829036E-01    1.194260E-02 
   721    2.217399E-01    2.524573E-01    1.819699E-01    8.526688E-03 
   722    2.227356E-01    2.517723E-01    1.812811E-01    6.057788E-03 
   723    2.237328E-01    2.512711E-01    1.807774E-01    4.286186E-03 
   724    2.247311E-01    2.509072E-01    1.804117E-01    3.022346E-03 
   725    2.257302E-01    2.506447E-01    1.801479E-01    2.125034E-03 
   726    2.267298E-01    2.504565E-01    1.799588E-01    1.490560E-03 
   727    2.277299E-01    2.503221E-01    1.798238E-01    1.043441E-03 
   728    2.287302E-01    2.502267E-01    1.797279E-01    7.292180E-04 
   729    2.297308E-01    2.501592E-01    1.796600E-01    5.088943E-04 
   730    2.307315E-01    2.501115E-01    1.796121E-01    3.547055E-04 
   731    2.317322E-01    2.500780E-01    1.795784E-01    2.469740E-04 
   732    2.327331E-01    2.500545E-01    1.795548E-01    1.718055E-04 
   733    2.337340E-01    2.500380E-01    1.795382E-01    1.194190E-04 
   734    2.347349E-01    2.500265E-01    1.795266E-01    8.294660E-05 
   735    2.357359E-01    2.500184E-01    1.795185E-01    5.757608E-05 
   736    2.367368E-01    2.500128E-01    1.795129E-01    3.994174E-05 
   737    2.377378E-01    2.500089E-01    1.795089E-01    2.769303E-05 
   738    2.387388E-01    2.500062E-01    1.795062E-01    1.919044E-05 
   739    2.397398E-01    2.500043E-01    1.795043E-01    1.329164E-05 
   740    2.407408E-01    2.500030E-01    1.795030E-01    9.201429E-06 
   741    2.417418E-01    2.500021E-01    1.795021E-01    6.366725E-06 
   742    2.427428E-01    2.500014E-01    1.795014E-01    4.403103E-06 
   743    2.437437E-01    2.500010E-01    1.795010E-01    3.043539E-06 
   744    2.447447E-01    2.500007E-01    1.795007E-01    2.102657E-06 
   745    2.457457E-01    2.500005E-01    1.795005E-01    1.451835E-06 
   746    2.467467E-01    2.500003E-01    1.795003E-01    1.001870E-06 
   747    2.477477E-01    2.500002E-01    1.795002E-01    6.909281E-07 
   748    2.487487E-01    2.500002E-01    1.795002E-01    4.761639E-07 
   749    2.497498E-01    2.500001E-01    1.795001E-01    3.279036E-07 
   750    2.507508E-01    2.500001E-01    1.795001E-01    2.256035E-07 
   751    2.517518E-01    2.500001E-01    1.795001E-01    1.550472E-07 
   752    2.527528E-01    2.500000E-01    1.795000E-01    1.064001E-07 
   753    2.537538E-01    2.500000E-01    1.795000E-01    7.286148E-08 
   754    2.547548E-01    2.500000E-01    1.795000E-01    4.972955E-08 
   755    2.557558E-01    2.500000E-01    1.795000E-01    3.375385E-08 
   756    2.567568E-01    2.500000E-01    1.795000E-01    2.268661E-08 
   757    2.577578E-01    2.500000E-01    1.795000E-01    1.497198E-08 
   758    2.587588E-01    2.500000E-01    1.795000E-01    9.530763E-09 
   759    2.597598E-01    2.500000E-01    1.795000E-01    5.611179E-09 
   760    2.607608E-01    2.500000E-01    1.795000E-01    2.685380E-09 
   761    2.617618E-01    2.500000E-01    1.795000E-01    3.774518E-10 
   762    2.627628E-01    2.500000E-01    1.795000E-01   -1.586859E-09 
   763    2.637638E-01    2.500000E-01    1.795000E-01   -3.415531E-09 
   764    2.647648E-01    2.500000E-01    1.795000E-01   -5.275493E-09 
   765    2.657658E-01    2.500000E-01    1.795000E-01   -7.310999E-09 
   766    2.667668E-01    2.500000E-01    1.795000E-01   -9.657499E-09 
   767    2.677678E-01    2.500000E-01    1.795000E-01   -1.245259E-08 
   768    2.687688E-01    2.500000E-01    1.795000E-01   -1.584526E-08 
   769    2.697698E-01    2.500000E-01    1.795000E-01   -2.000431E-08 
   770    2.707708E-01    2.500000E-01    1.795000E-01   -2.512648E-08 
   771    2.717718E-01    2.500000E-01    1.795000E-01   -3.144497E-08 
   772    2.727728E-01    2.500000E-01    1.795000E-01   -3.923862E-08 
   773    2.737738E-01    2.500000E-01    1.795000E-01   -4.884221E-08 
   774    2.747748E-01    2.500000E-01    1.795000E-01   -6.065816E-08 
   775    2.757758E-01    2.500000E-01    1.795000E-01   -7.517006E-08 
   776    2.767768E-01    2.500000E-01    1.795000E-01   -9.295827E-08 
   777    2.777778E-01    2.500000E-01    1.795000E-01   -1.147181E-07 
   778    2.787788E-01    2.500000E-01    1.795000E-01   -1.412806E-07 
   779    2.797798E-01    2.500000E-01    1.795000E-01   -1.736372E-07 
   780    2.807808E-01    2.500001E-01    1.795001E-01   -2.129675E-07 
   781    2.817818E-01    2.500001E-01    1.795001E-01   -2.606713E-07 
   782    2.827828E-01    2.500001E-01    1.795001E-01   -3.184062E-07 
   783    2.837838E-01    2.500001E-01    1.795001E-01   -3.881293E-07 
   784    2.847848E-01    2.500001E-01    1.795001E-01   -4.721458E-07 
   785    2.857858E-01    2.500001E-01    1.795001E-01   -5.731634E-07 
   786    2.867868E-01    2.500002E-01    1.795002E-01   -6.943541E-07 
   787    2.877878E-01    2.500002E-01    1.795002E-01   -8.394241E-07 
   788    2.887888E-01    2.500002E-01    1.795002E-01   -1.012692E-06 
   789    2.897898E-01    2.500003E-01    1.795003E-01   -1.219174E-06 
   790    2.907908E-01    2.500004E-01    1.795004E-01   -1.464684E-06 
   791    2.917918E-01    2.500004E-01    1.795004E-01   -1.755937E-06 
   792    2.927928E-01    2.500005E-01    1.795005E-01   -2.100671E-06 
   793    2.937938E-01    2.500006E-01    1.795006E-01   -2.507770E-06 
   794    2.947948E-01    2.500007E-01    1.795007E-01   -2.987410E-06 
   795    2.957958E-01    2.500009E-01    1.795009E-01   -3.551207E-06 
   796    2.967968E-01    2.500010E-01    1.795010E-01   -4.212380E-06 
   797    2.977978E-01    2.500012E-01    1.795012E-01   -4.985927E-06 
   798    2.987988E-01    2.500014E-01    1.795014E-01   -5.888806E-06 
   799    2.997998E-01    2.500017E-01    1.795017E-01   -6.940131E-06 
   800    3.008008E-01    2.500019E-01    1.795020E-01   -8.161371E-06 
   801    3.018018E-01    2.500023E-01    1.795023E-01   -9.576559E-06 
   802    3.028027E-01    2.500027E-01    1.795027E-01   -1.121250E-05 
   803    3.038037E-01    2.500031E-01    1.795031E-01   -1.309897E-05 
   804    3.048047E-01    2.500036E-01    1.795036E-01   -1.526897E-05 
   805    3.058057E-01    2.500042E-01    1.795042E-01   -1.775886E-05 
   806    3.068067E-01    2.500049E-01    1.795049E-01   -2.060858E-05 
   807    3.078077E-01    2.500057E-01    1.795057E-01   -2.386185E-05 
   808    3.088087E-01    2.500065E-01    1.795066E-01   -2.756626E-05 
   809    3.098096E-01    2.500075E-01    1.795076E-01   -3.177341E-05 
   810    3.108106E-01    2.500086E-01    1.795087E-01   -3.653902E-05 
   811    3.118116E-01    2.500099E-01    1.795100E-01   -4.192288E-05 
   812    3.128125E-01    2.500113E-01    1.795114E-01   -4.798892E-05 
   813    3.138135E-01    2.500129E-01    1.795130E-01   -5.480501E-05 
   814    3.148144E-01    2.500147E-01    1.795148E-01   -6.244291E-05 
   815    3.158154E-01    2.500167E-01    1.795168E-01   -7.097789E-05 
   816    3.168163E-01    2.500190E-01    1.795191E-01   -8.048849E-05 
   817    3.178172E-01    2.500215E-01    1.795216E-01   -9.105600E-05 
   818    3.188181E-01    2.500242E-01    1.795244E-01   -1.027639E-04 
   819    3.198191E-01    2.500273E-01    1.795274E-01   -1.156973E-04 
   820    3.208199E-01    2.500306E-01    1.795308E-01   -1.299418E-04 
   821    3.218208E-01    2.500343E-01    1.795345E-01   -1.455830E-04 
   822    3.228217E-01    2.500383E-01    1.795385E-01   -1.627050E-04 
   823    3.238225E-01    2.500427E-01    1.795430E-01   -1.813894E-04 
   824    3.248234E-01    2.500475E-01    1.795478E-01   -2.017139E-04 
   825    3.258242E-01    2.500527E-01    1.795530E-01   -2.237509E-04 
   826    3.268249E-01    2.500584E-01    1.795587E-01   -2.475657E-04 
   827    3.278257E-01    2.500644E-01    1.795648E-01   -2.732151E-04 
   828    3.288264E-01    2.500709E-01    1.795713E-01   -3.007453E-04 
   829    3.298272E-01    2.500779E-01    1.795783E-01   -3.301903E-04 
   830    3.308278E-01    2.500853E-01    1.795858E-01   -3.615699E-04 
   831    3.318285E-01    2.500932E-01    1.795937E-01   -3.948880E-04 
   832    3.328291E-01    2.501016E-01    1.796021E-01   -4.301303E-04 
   833    3.338297E-01    2.501104E-01    1.796110E-01   -4.672631E-04 
   834    3.348302E-01    2.501197E-01    1.796203E-01   -5.062312E-04 
   835    3.358308E-01    2.501294E-01    1.796301E-01   -5.469566E-04 
   836    3.368312E-01    2.501395E-01    1.796403E-01   -5.893373E-04 
   837    3.378317E-01    2.501501E-01    1.796509E-01   -6.332462E-04 
   838    3.388320E-01    2.501609E-01    1.796618E-01   -6.785302E-04 
   839    3.398324E-01    2.501721E-01    1.796730E-01   -7.250100E-04 
   840    3.408327E-01    2.501836E-01    1.796845E-01   -7.724805E-04 
   841    3.418329E-01    2.501952E-01    1.796963E-01   -8.207106E-04 
   842    3.428331E-01    2.502070E-01    1.797082E-01   -8.694449E-04 
   843    3.438333E-01    2.502190E-01    1.797201E-01   -9.184047E-04 
   844    3.448334E-01    2.502309E-01    1.797322E-01   -9.672899E-04 
   845    3.458334E-01    2.502428E-01    1.797441E-01   -1.015782E-03 
   846    3.468334E-01    2.502546E-01    1.797560E-01   -1.063547E-03 
   847    3.478334E-01    2.502661E-01    1.797676E-01   -1.110239E-03 
   848    3.488333E-01    2.502774E-01    1.797789E-01   -1.155503E-03 
   849    3.498331E-01    2.502883E-01    1.797899E-01   -1.198982E-03 
   850    3.508330E-01    2.502988E-01    1.798004E-01   -1.240317E-03 
   851    3.518327E-01    2.503087E-01    1.798104E-01   -1.279155E-03 
   852    3.528325E-01    2.503180E-01    1.798197E-01   -1.315156E-03 
   853    3.538322E-01    2.503265E-01    1.798283E-01   -1.347996E-03 
   854    3.548318E-01    2.503343E-01    1.798361E-01   -1.377374E-03 
   855    3.558315E-01    2.503412E-01    1.798431E-01   -1.403009E-03 
   856    3.568311E-01    2.503471E-01    1.798490E-01   -1.424615E-03 
   857    3.578307E-01    2.503520E-01    1.798539E-01   -1.441876E-03 
   858    3.588302E-01    2.503557E-01    1.798576E-01   -1.454604E-03 
   859    3.598298E-01    2.503580E-01    1.798600E-01   -1.462733E-03 
   860    3.608293E-01    2.503587E-01    1.798607E-01   -1.466268E-03 
   861    3.618289E-01    2.503576E-01    1.798596E-01   -1.464840E-03 
   862    3.628284E-01    2.503542E-01    1.798562E-01   -1.456910E-03 
   863    3.638280E-01    2.503483E-01    1.798502E-01   -1.439864E-03 
   864    3.648275E-01    2.503393E-01    1.798412E-01   -1.410587E-03 
   865    3.658271E-01    2.503271E-01    1.798289E-01   -1.366581E-03 
   866    3.668268E-01    2.503114E-01    1.798131E-01   -1.306214E-03 
   867    3.678265E-01    2.502919E-01    1.797935E-01   -1.228479E-03 
   868    3.688263E-01    2.502687E-01    1.797702E-01   -1.132898E-03 
   869    3.698262E-01    2.502421E-01    1.797434E-01   -1.020263E-03 
   870    3.708263E-01    2.502122E-01    1.797134E-01   -8.924438E-04 
   871    3.718264E-01    2.501798E-01    1.796808E-01   -7.521867E-04 
   872    3.728268E-01    2.501457E-01    1.796464E-01   -6.028695E-04 
   873    3.738272E-01    2.501107E-01    1.796113E-01   -4.478888E-04 
   874    3.748279E-01    2.500760E-01    1.795764E-01   -2.912683E-04 
   875    3.758287E-01    2.500426E-01    1.795428E-01   -1.379666E-04 
   876    3.768296E-01    2.500117E-01    1.795118E-01    5.691602E-06 
   877    3.778307E-01    2.499844E-01    1.794843E-01    1.323509E-04 
   878    3.788319E-01    2.499615E-01    1.794613E-01    2.356545E-04 
   879    3.798332E-01    2.499437E-01    1.794434E-01    3.115692E-04 
   880    3.808346E-01    2.499314E-01    1.794310E-01    3.580151E-04 
   881    3.818360E-01    2.499245E-01    1.794241E-01    3.725020E-04 
   882    3.828374E-01    2.499226E-01    1.794222E-01    3.560996E-04 
   883    3.838388E-01    2.499249E-01    1.794245E-01    3.182786E-04 
   884    3.848401E-01    2.499304E-01    1.794300E-01    2.715500E-04 
   885    3.858414E-01    2.499379E-01    1.794375E-01    2.240546E-04 
   886    3.868426E-01    2.499465E-01    1.794462E-01    1.784606E-04 
   887    3.878438E-01    2.499555E-01    1.794553E-01    1.364754E-04 
   888    3.888449E-01    2.499644E-01    1.794642E-01    9.920133E-05 
   889    3.898461E-01    2.499727E-01    1.794725E-01    6.740188E-05 
   890    3.908472E-01    2.499801E-01    1.794800E-01    4.119704E-05 
   891    3.918482E-01    2.499865E-01    1.794865E-01    1.976235E-05 
   892    3.928491E-01    2.499920E-01    1.794919E-01    2.059657E-06 
   893    3.938501E-01    2.499965E-01    1.794965E-01   -1.260992E-05 
   894    3.948512E-01    2.500002E-01    1.795002E-01   -2.416602E-05 
   895    3.958522E-01    2.500031E-01    1.795031E-01   -3.208680E-05 
   896    3.968532E-01    2.500053E-01    1.795053E-01   -3.641357E-05 
   897    3.978541E-01    2.500068E-01    1.795068E-01   -3.820685E-05 
   898    3.988550E-01    2.500075E-01    1.795076E-01   -3.902476E-05 
   899    3.998560E-01    2.500078E-01    1.795078E-01   -4.017235E-05 
   900    4.008570E-01    2.500077E-01    1.795077E-01   -4.169658E-05 
   901    4.018580E-01    2.500074E-01    1.795074E-01   -4.171368E-05 
   902    4.028590E-01    2.500068E-01    1.795068E-01   -3.707310E-05 
   903    4.038600E-01    2.500059E-01    1.795060E-01   -2.559635E-05 
   904    4.048608E-01    2.500048E-01    1.795049E-01   -1.178277E-05 
   905    4.058618E-01    2.500036E-01    1.795036E-01   -4.862788E-06 
   906    4.068628E-01    2.500023E-01    1.795023E-01   -6.299994E-06 
   907    4.078639E-01    2.500013E-01    1.795013E-01   -1.113140E-05 
   908    4.088649E-01    2.500007E-01    1.795007E-01   -1.373061E-05 
   909    4.098659E-01    2.500006E-01    1.795005E-01   -6.706904E-06 
   910    4.108669E-01    2.500008E-01    1.795008E-01   -6.006792E-09 
   911    4.118678E-01    2.500013E-01    1.795013E-01   -3.165162E-06 
   912    4.128688E-01    2.500020E-01    1.795020E-01   -1.067394E-05 
   913    4.138699E-01    2.500028E-01    1.795028E-01   -1.716824E-05 
   914    4.148709E-01    2.500036E-01    1.795037E-01   -2.121967E-05 
   915    4.158719E-01    2.500044E-01    1.795044E-01   -2.335974E-05 
   916    4.168729E-01    2.500049E-01    1.795049E-01   -2.457448E-05 
   917    4.178737E-01    2.500053E-01    1.795053E-01   -2.649680E-05 
   918    4.188746E-01    2.500055E-01    1.795056E-01   -3.062682E-05 
   919    4.198757E-01    2.500058E-01    1.795058E-01   -3.478990E-05 
   920    4.208768E-01    2.500059E-01    1.795059E-01   -3.415653E-05 
   921    4.218779E-01    2.500059E-01    1.795059E-01   -2.903175E-05 
   922    4.228788E-01    2.500055E-01    1.795055E-01   -2.089232E-05 
   923    4.238795E-01    2.500048E-01    1.795048E-01   -1.393477E-05 
   924    4.248804E-01    2.500040E-01    1.795040E-01   -1.581430E-05 
   925    4.258815E-01    2.500032E-01    1.795033E-01   -2.254808E-05 
   926    4.268827E-01    2.500028E-01    1.795028E-01   -2.554195E-05 
   927    4.278838E-01    2.500025E-01    1.795025E-01   -2.153496E-05 
   928    4.288848E-01    2.500024E-01    1.795024E-01   -8.216952E-06 
   929    4.298855E-01    2.500023E-01    1.795023E-01    4.868295E-07 
   930    4.308863E-01    2.500022E-01    1.795022E-01   -5.036352E-06 
   931    4.318874E-01    2.500024E-01    1.795024E-01   -1.579530E-05 
   932    4.328886E-01    2.500028E-01    1.795029E-01   -2.209256E-05 
   933    4.338898E-01    2.500033E-01    1.795033E-01   -2.362565E-05 
   934    4.348909E-01    2.500036E-01    1.795036E-01   -1.868928E-05 
   935    4.358915E-01    2.500036E-01    1.795036E-01   -1.192003E-05 
   936    4.368921E-01    2.500035E-01    1.795035E-01   -1.761506E-05 
   937    4.378931E-01    2.500035E-01    1.795035E-01   -2.931580E-05 
   938    4.388945E-01    2.500038E-01    1.795038E-01   -3.528249E-05 
   939    4.398959E-01    2.500040E-01    1.795040E-01   -3.199603E-05 
   940    4.408971E-01    2.500039E-01    1.795040E-01   -1.898927E-05 
   941    4.418976E-01    2.500033E-01    1.795033E-01    2.909556E-06 
   942    4.428978E-01    2.500023E-01    1.795024E-01    2.598866E-07 
   943    4.438987E-01    2.500017E-01    1.795017E-01   -2.114234E-05 
   944    4.449002E-01    2.500016E-01    1.795016E-01   -3.528817E-05 
   945    4.459019E-01    2.500019E-01    1.795019E-01   -3.442754E-05 
   946    4.469035E-01    2.500020E-01    1.795020E-01   -1.226030E-05 
   947    4.479039E-01    2.500016E-01    1.795016E-01    1.709182E-05 
   948    4.489035E-01    2.500009E-01    1.795009E-01    6.928990E-06 
   949    4.499040E-01    2.500008E-01    1.795008E-01   -2.367415E-05 
   950    4.509058E-01    2.500014E-01    1.795014E-01   -4.157815E-05 
   951    4.519084E-01    2.500021E-01    1.795021E-01   -4.054171E-05 
   952    4.529103E-01    2.500023E-01    1.795023E-01   -1.903277E-05 
   953    4.539102E-01    2.500016E-01    1.795016E-01    2.307504E-05 
   954    4.549089E-01    2.500001E-01    1.795001E-01    1.525926E-05 
   955    4.559093E-01    2.499991E-01    1.794991E-01   -2.372189E-05 
   956    4.569112E-01    2.499996E-01    1.794996E-01   -6.885954E-05 
   957    4.579143E-01    2.500008E-01    1.795008E-01   -7.101822E-05 
   958    4.589179E-01    2.500009E-01    1.795009E-01    4.598383E-06 
   959    4.599177E-01    2.499992E-01    1.794992E-01    7.424978E-05 
   960    4.609148E-01    2.499968E-01    1.794968E-01    3.618937E-05 
   961    4.619120E-01    2.499965E-01    1.794965E-01   -5.788548E-05 
   962    4.629144E-01    2.499985E-01    1.794985E-01   -1.071952E-04 
   963    4.639232E-01    2.500002E-01    1.795002E-01   -4.552387E-05 
   964    4.649298E-01    2.499995E-01    1.794995E-01    6.865925E-05 
   965    4.659233E-01    2.499977E-01    1.794977E-01    2.942431E-05 
   966    4.669160E-01    2.499960E-01    1.794960E-01    2.433292E-05 
   967    4.679136E-01    2.499954E-01    1.794954E-01   -5.388374E-05 
   968    4.689224E-01    2.499971E-01    1.794971E-01   -1.125428E-04 
   969    4.699379E-01    2.499975E-01    1.794975E-01   -3.806092E-05 
   970    4.709296E-01    2.499968E-01    1.794967E-01   -5.157040E-05 
   971    4.719330E-01    2.499930E-01    1.794930E-01    1.784834E-04 
   972    4.729225E-01    2.499866E-01    1.794866E-01    1.218893E-04 
   973    4.739146E-01    2.499849E-01    1.794849E-01   -1.378073E-04 
   974    4.749256E-01    2.499883E-01    1.794883E-01   -2.893889E-04 
   975    4.759324E-01    2.499910E-01    1.794910E-01   -7.506023E-05 
   976    4.769648E-01    2.499866E-01    1.794867E-01    2.438818E-04 
   977    4.779548E-01    2.499771E-01    1.794772E-01    2.911385E-04 
   978    4.789117E-01    2.499698E-01    1.794699E-01    7.092888E-06 
   979    4.798686E-01    2.499782E-01    1.794786E-01   -6.282912E-04 
   980    4.809416E-01    2.499837E-01    1.794839E-01   -9.305948E-06 
   981    4.819996E-01    2.499752E-01    1.794760E-01    1.994025E-04 
   982    4.830033E-01    2.499585E-01    1.794596E-01    3.117618E-04 
   983    4.839433E-01    2.499356E-01    1.794361E-01    2.226935E-04 
   984    4.847645E-01    2.499222E-01    1.794232E-01   -7.412323E-04 
   985    4.859662E-01    2.498909E-01    1.793920E-01    2.163219E-05 
   986    4.870147E-01    2.498151E-01    1.793182E-01    9.489455E-05 
   987    4.880318E-01    2.496818E-01    1.791864E-01    1.716459E-04 
   988    4.890028E-01    2.494530E-01    1.789549E-01    2.112096E-04 
   989    4.897124E-01    2.491854E-01    1.786506E-01   -4.176541E-04 
   990    4.909910E-01    2.486795E-01    1.785519E-01    0.000000E+00 
   991    4.919920E-01    2.483755E-01    1.783336E-01    0.000000E+00 
   992    4.929930E-01    2.477564E-01    1.778891E-01    0.000000E+00 
   993    4.939940E-01    2.460706E-01    1.766787E-01    0.000000E+00 
   994    4.949950E-01    2.421651E-01    1.738745E-01    0.000000E+00 
   995    4.959960E-01    2.342391E-01    1.681837E-01    0.000000E+00 
   996    4.969970E-01    2.204325E-01    1.582705E-01    0.000000E+00 
   997    4.979980E-01    1.999436E-01    1.435595E-01    0.000000E+00 
   998    4.989990E-01    1.731585E-01    1.243278E-01    0.000000E+00 
   999    5.000000E-01    1.416667E-01    1.017167E-01    0.000000E+00 
